87 103 105 200 87 103 105 200 87 103 105 200 87 103 105 200 87 103 105 200 87 103 105 200 87 103 105 200 87 103 105 200 87 103 105 200 87 103 105 200 87 103 105 200 87 103 105 200 87 103 105 200 87 103 105 200 87 103 105 200 87 103 105 200 75 104 186 123 127 123 192 191 62 188 90 27 16 18 148 105 87 103 105 200 87 103 105 200 87 103 105 200 87 103 105 200 87 103 105 200 87 103 105 200 87 103 105 200 87 103 105 200 87 103 105 200 87 103 105 200 87 103 105 200 87 103 105 200 
67 183 128 52 67 183 128 52 67 183 128 52 67 183 128 52 67 183 128 52 67 183 128 52 67 183 128 52 67 183 128 52 67 183 128 52 67 183 128 52 67 183 128 52 67 183 128 52 67 183 128 52 67 183 128 52 67 183 128 52 67 183 128 52 138 58 52 187 23 110 105 111 11 161 33 136 33 74 227 88 67 183 128 52 67 183 128 52 67 183 128 52 67 183 128 52 67 183 128 52 67 183 128 52 67 183 128 52 67 183 128 52 67 183 128 52 67 183 128 52 67 183 128 52 67 183 128 52 
101 0 243 95 101 0 243 95 101 0 243 95 101 0 243 95 101 0 243 95 101 0 243 95 101 0 243 95 101 0 243 95 101 0 243 95 101 0 243 95 101 0 243 95 101 0 243 95 101 0 243 95 101 0 243 95 101 0 243 95 101 0 243 95 189 196 88 20 127 209 166 34 29 122 127 149 252 76 182 218 101 0 243 95 101 0 243 95 101 0 243 95 101 0 243 95 101 0 243 95 101 0 243 95 101 0 243 95 101 0 243 95 101 0 243 95 101 0 243 95 101 0 243 95 101 0 243 95 
193 147 68 13 193 147 68 13 193 147 68 13 193 147 68 13 193 147 68 13 193 147 68 13 193 147 68 13 193 147 68 13 193 147 68 13 193 147 68 13 193 147 68 13 193 147 68 13 193 147 68 13 193 147 68 13 193 147 68 13 193 147 68 13 156 126 164 93 3 59 168 173 42 123 215 244 29 88 244 193 193 147 68 13 193 147 68 13 193 147 68 13 193 147 68 13 193 147 68 13 193 147 68 13 193 147 68 13 193 147 68 13 193 147 68 13 193 147 68 13 193 147 68 13 193 147 68 13 
87 103 105 200 87 103 105 200 87 103 105 200 87 103 105 200 87 103 105 200 87 103 105 200 87 103 105 200 87 103 105 200 87 103 105 200 87 103 105 200 87 103 105 200 87 103 105 200 87 103 105 200 87 103 105 200 87 103 105 200 87 103 105 200 252 72 99 163 37 81 48 237 190 26 33 209 22 190 102 10 87 103 105 200 87 103 105 200 87 103 105 200 87 103 105 200 87 103 105 200 87 103 105 200 87 103 105 200 87 103 105 200 87 103 105 200 87 103 105 200 87 103 105 200 87 103 105 200 
67 183 128 52 67 183 128 52 67 183 128 52 67 183 128 52 67 183 128 52 67 183 128 52 67 183 128 52 67 183 128 52 67 183 128 52 67 183 128 52 67 183 128 52 67 183 128 52 67 183 128 52 67 183 128 52 67 183 128 52 67 183 128 52 230 231 251 96 209 163 240 105 120 181 211 228 234 242 194 238 67 183 128 52 67 183 128 52 67 183 128 52 67 183 128 52 67 183 128 52 67 183 128 52 67 183 128 52 67 183 128 52 67 183 128 52 67 183 128 52 67 183 128 52 67 183 128 52 
101 0 243 95 101 0 243 95 101 0 243 95 101 0 243 95 101 0 243 95 101 0 243 95 101 0 243 95 101 0 243 95 101 0 243 95 101 0 243 95 101 0 243 95 101 0 243 95 101 0 243 95 101 0 243 95 101 0 243 95 101 0 243 95 213 240 45 214 247 193 211 235 24 40 46 88 205 68 128 250 101 0 243 95 101 0 243 95 101 0 243 95 101 0 243 95 101 0 243 95 101 0 243 95 101 0 243 95 101 0 243 95 101 0 243 95 101 0 243 95 101 0 243 95 101 0 243 95 
193 147 68 13 193 147 68 13 193 147 68 13 193 147 68 13 193 147 68 13 193 147 68 13 193 147 68 13 193 147 68 13 193 147 68 13 193 147 68 13 193 147 68 13 193 147 68 13 193 147 68 13 193 147 68 13 193 147 68 13 193 147 68 13 243 174 24 50 8 79 157 23 207 117 199 12 30 212 105 5 193 147 68 13 193 147 68 13 193 147 68 13 193 147 68 13 193 147 68 13 193 147 68 13 193 147 68 13 193 147 68 13 193 147 68 13 193 147 68 13 193 147 68 13 193 147 68 13 
87 103 105 200 87 103 105 200 87 103 105 200 87 103 105 200 87 103 105 200 87 103 105 200 87 103 105 200 87 103 105 200 87 103 105 200 87 103 105 200 87 103 105 200 87 103 105 200 87 103 105 200 87 103 105 200 53 244 173 211 168 38 109 108 200 38 29 120 38 103 24 207 21 44 118 180 104 211 157 74 158 1 22 73 85 112 41 91 87 103 105 200 87 103 105 200 87 103 105 200 87 103 105 200 87 103 105 200 87 103 105 200 87 103 105 200 87 103 105 200 87 103 105 200 87 103 105 200 
67 183 128 52 67 183 128 52 67 183 128 52 67 183 128 52 67 183 128 52 67 183 128 52 67 183 128 52 67 183 128 52 67 183 128 52 67 183 128 52 67 183 128 52 67 183 128 52 67 183 128 52 67 183 128 52 174 80 207 95 219 4 10 126 216 128 66 171 189 138 39 164 198 187 46 56 7 107 63 44 151 97 14 159 4 221 40 208 67 183 128 52 67 183 128 52 67 183 128 52 67 183 128 52 67 183 128 52 67 183 128 52 67 183 128 52 67 183 128 52 67 183 128 52 67 183 128 52 
101 0 243 95 101 0 243 95 101 0 243 95 101 0 243 95 101 0 243 95 101 0 243 95 101 0 243 95 101 0 243 95 101 0 243 95 101 0 243 95 101 0 243 95 101 0 243 95 101 0 243 95 101 0 243 95 66 182 4 178 30 225 132 80 180 31 198 248 220 157 225 31 254 102 238 38 107 42 141 238 120 80 208 88 243 253 203 121 101 0 243 95 101 0 243 95 101 0 243 95 101 0 243 95 101 0 243 95 101 0 243 95 101 0 243 95 101 0 243 95 101 0 243 95 101 0 243 95 
193 147 68 13 193 147 68 13 193 147 68 13 193 147 68 13 193 147 68 13 193 147 68 13 193 147 68 13 193 147 68 13 193 147 68 13 193 147 68 13 193 147 68 13 193 147 68 13 193 147 68 13 193 147 68 13 202 200 12 232 190 144 163 178 152 201 65 251 68 163 6 68 37 19 74 191 138 103 80 167 143 20 42 207 192 95 168 42 193 147 68 13 193 147 68 13 193 147 68 13 193 147 68 13 193 147 68 13 193 147 68 13 193 147 68 13 193 147 68 13 193 147 68 13 193 147 68 13 
87 103 105 200 87 103 105 200 87 103 105 200 87 103 105 200 87 103 105 200 87 103 105 200 87 103 105 200 87 103 105 200 87 103 105 200 87 103 105 200 87 103 105 200 87 103 105 200 87 103 105 200 87 103 105 200 235 198 71 143 234 137 106 37 62 108 19 207 170 240 10 13 128 141 53 80 112 222 226 250 84 140 92 204 48 80 224 45 87 103 105 200 87 103 105 200 87 103 105 200 87 103 105 200 87 103 105 200 87 103 105 200 87 103 105 200 87 103 105 200 87 103 105 200 87 103 105 200 
67 183 128 52 67 183 128 52 67 183 128 52 67 183 128 52 67 183 128 52 67 183 128 52 67 183 128 52 67 183 128 52 67 183 128 52 67 183 128 52 67 183 128 52 67 183 128 52 67 183 128 52 67 183 128 52 103 236 20 55 240 24 3 118 210 254 92 14 217 119 166 203 70 93 125 223 219 168 103 114 93 78 65 173 239 210 241 127 67 183 128 52 67 183 128 52 67 183 128 52 67 183 128 52 67 183 128 52 67 183 128 52 67 183 128 52 67 183 128 52 67 183 128 52 67 183 128 52 
101 0 243 95 101 0 243 95 101 0 243 95 101 0 243 95 101 0 243 95 101 0 243 95 101 0 243 95 101 0 243 95 101 0 243 95 101 0 243 95 101 0 243 95 101 0 243 95 101 0 243 95 101 0 243 95 138 105 245 251 97 248 114 110 46 50 116 228 209 161 66 20 33 99 149 196 17 221 173 118 238 7 16 35 12 75 190 128 101 0 243 95 101 0 243 95 101 0 243 95 101 0 243 95 101 0 243 95 101 0 243 95 101 0 243 95 101 0 243 95 101 0 243 95 101 0 243 95 
193 147 68 13 193 147 68 13 193 147 68 13 193 147 68 13 193 147 68 13 193 147 68 13 193 147 68 13 193 147 68 13 193 147 68 13 193 147 68 13 193 147 68 13 193 147 68 13 193 147 68 13 193 147 68 13 61 110 125 50 196 245 197 112 88 113 18 9 72 226 14 49 249 240 85 186 1 91 1 43 238 239 153 13 106 61 88 25 193 147 68 13 193 147 68 13 193 147 68 13 193 147 68 13 193 147 68 13 193 147 68 13 193 147 68 13 193 147 68 13 193 147 68 13 193 147 68 13 
87 103 105 200 87 103 105 200 87 103 105 200 87 103 105 200 87 103 105 200 87 103 105 200 87 103 105 200 87 103 105 200 87 103 105 200 87 103 105 200 87 103 105 200 87 103 105 200 213 86 90 82 36 70 139 236 16 115 211 79 64 27 28 64 110 214 44 253 148 241 198 86 89 17 99 65 150 254 62 126 123 40 188 162 14 62 242 175 87 103 105 200 87 103 105 200 87 103 105 200 87 103 105 200 87 103 105 200 87 103 105 200 87 103 105 200 87 103 105 200 87 103 105 200 87 103 105 200 
67 183 128 52 67 183 128 52 67 183 128 52 67 183 128 52 67 183 128 52 67 183 128 52 67 183 128 52 67 183 128 52 67 183 128 52 67 183 128 52 67 183 128 52 67 183 128 52 66 160 20 139 189 17 229 30 242 248 135 79 220 102 57 10 76 239 91 180 102 98 223 93 210 95 215 116 245 212 195 88 26 253 189 123 144 15 70 50 67 183 128 52 67 183 128 52 67 183 128 52 67 183 128 52 67 183 128 52 67 183 128 52 67 183 128 52 67 183 128 52 67 183 128 52 67 183 128 52 
101 0 243 95 101 0 243 95 101 0 243 95 101 0 243 95 101 0 243 95 101 0 243 95 101 0 243 95 101 0 243 95 101 0 243 95 101 0 243 95 101 0 243 95 101 0 243 95 12 195 239 25 51 79 62 150 106 134 62 94 31 137 57 224 214 122 133 48 179 186 100 189 64 96 38 226 156 93 252 43 125 24 252 199 189 138 78 60 101 0 243 95 101 0 243 95 101 0 243 95 101 0 243 95 101 0 243 95 101 0 243 95 101 0 243 95 101 0 243 95 101 0 243 95 101 0 243 95 
193 147 68 13 193 147 68 13 193 147 68 13 193 147 68 13 193 147 68 13 193 147 68 13 193 147 68 13 193 147 68 13 193 147 68 13 193 147 68 13 193 147 68 13 193 147 68 13 128 156 94 120 68 115 38 88 41 253 185 153 91 177 77 21 45 3 153 25 72 53 242 225 196 229 230 117 122 10 144 23 235 130 43 82 30 206 244 23 193 147 68 13 193 147 68 13 193 147 68 13 193 147 68 13 193 147 68 13 193 147 68 13 193 147 68 13 193 147 68 13 193 147 68 13 193 147 68 13 
87 103 105 200 87 103 105 200 87 103 105 200 87 103 105 200 87 103 105 200 87 103 105 200 87 103 105 200 87 103 105 200 87 103 105 200 87 103 105 200 87 103 105 200 87 103 105 200 148 25 122 230 63 83 227 23 129 97 161 35 103 161 223 42 49 241 16 13 188 111 180 217 182 145 236 254 193 246 163 2 145 214 70 73 240 4 15 87 7 182 98 52 7 182 98 52 87 103 105 200 87 103 105 200 87 103 105 200 87 103 105 200 87 103 105 200 87 103 105 200 87 103 105 200 87 103 105 200 
67 183 128 52 67 183 128 52 67 183 128 52 67 183 128 52 67 183 128 52 67 183 128 52 67 183 128 52 67 183 128 52 67 183 128 52 67 183 128 52 67 183 128 52 67 183 128 52 232 156 63 203 1 211 60 0 110 30 127 175 28 108 158 199 109 136 218 30 92 85 150 50 238 168 111 201 116 169 108 91 163 210 187 227 30 214 225 186 169 81 220 96 169 81 220 96 67 183 128 52 67 183 128 52 67 183 128 52 67 183 128 52 67 183 128 52 67 183 128 52 67 183 128 52 67 183 128 52 
101 0 243 95 101 0 243 95 101 0 243 95 101 0 243 95 101 0 243 95 101 0 243 95 101 0 243 95 101 0 243 95 101 0 243 95 101 0 243 95 101 0 243 95 101 0 243 95 195 98 48 145 8 147 89 143 29 86 53 35 78 205 5 40 91 33 60 87 125 187 36 106 190 32 134 103 43 214 27 6 159 218 248 249 176 24 161 136 160 25 53 50 160 25 53 50 101 0 243 95 101 0 243 95 101 0 243 95 101 0 243 95 101 0 243 95 101 0 243 95 101 0 243 95 101 0 243 95 
193 147 68 13 193 147 68 13 193 147 68 13 193 147 68 13 193 147 68 13 193 147 68 13 193 147 68 13 193 147 68 13 193 147 68 13 193 147 68 13 193 147 68 13 193 147 68 13 101 152 3 240 59 227 235 154 122 254 199 62 14 63 77 178 52 187 15 55 46 189 122 137 97 103 213 167 196 178 220 84 60 8 49 5 199 252 187 226 154 27 210 35 154 27 210 35 193 147 68 13 193 147 68 13 193 147 68 13 193 147 68 13 193 147 68 13 193 147 68 13 193 147 68 13 193 147 68 13 
87 103 105 200 87 103 105 200 87 103 105 200 87 103 105 200 87 103 105 200 87 103 105 200 87 103 105 200 87 103 105 200 87 103 105 200 87 103 105 200 87 103 105 200 87 103 105 200 96 253 214 220 27 211 78 87 69 182 98 228 211 48 201 182 146 194 42 191 166 47 67 78 252 237 189 130 219 18 234 46 161 174 218 189 0 191 148 188 125 6 194 76 245 83 175 216 223 10 241 138 18 12 166 214 87 103 105 200 87 103 105 200 87 103 105 200 87 103 105 200 87 103 105 200 87 103 105 200 
67 183 128 52 67 183 128 52 67 183 128 52 67 183 128 52 67 183 128 52 67 183 128 52 67 183 128 52 67 183 128 52 67 183 128 52 67 183 128 52 67 183 128 52 67 183 128 52 60 140 29 60 57 139 171 132 223 84 167 17 241 203 35 235 22 43 18 161 39 175 109 189 32 121 84 174 215 233 250 53 218 124 123 163 220 39 2 201 6 217 66 115 78 214 83 253 218 179 103 248 72 72 13 180 67 183 128 52 67 183 128 52 67 183 128 52 67 183 128 52 67 183 128 52 67 183 128 52 
101 0 243 95 101 0 243 95 101 0 243 95 101 0 243 95 101 0 243 95 101 0 243 95 101 0 243 95 101 0 243 95 101 0 243 95 101 0 243 95 101 0 243 95 101 0 243 95 164 14 71 82 147 137 67 161 76 143 165 8 58 156 201 221 75 43 114 40 122 49 79 124 251 224 112 177 150 220 201 221 183 90 249 50 173 234 249 192 78 37 167 28 25 231 72 89 141 208 187 117 96 155 196 101 101 0 243 95 101 0 243 95 101 0 243 95 101 0 243 95 101 0 243 95 101 0 243 95 
193 147 68 13 193 147 68 13 193 147 68 13 193 147 68 13 193 147 68 13 193 147 68 13 193 147 68 13 193 147 68 13 193 147 68 13 193 147 68 13 193 147 68 13 193 147 68 13 237 244 189 0 213 14 35 112 161 64 105 109 121 193 224 9 59 223 153 21 238 96 135 180 193 76 249 225 160 5 247 105 34 12 2 27 81 16 136 228 68 250 60 20 182 214 117 154 141 199 5 110 218 206 74 143 193 147 68 13 193 147 68 13 193 147 68 13 193 147 68 13 193 147 68 13 193 147 68 13 
87 103 105 200 87 103 105 200 87 103 105 200 87 103 105 200 87 103 105 200 87 103 105 200 87 103 105 200 87 103 105 200 87 103 105 200 87 103 105 200 87 103 105 200 87 103 105 200 90 92 4 82 59 95 69 133 177 146 188 22 34 118 97 49 215 83 50 247 244 82 197 37 40 188 11 247 16 59 29 2 26 103 86 39 205 125 67 69 186 156 59 1 248 40 21 146 226 26 134 98 74 82 208 140 87 103 105 200 87 103 105 200 87 103 105 200 87 103 105 200 87 103 105 200 87 103 105 200 
67 183 128 52 67 183 128 52 67 183 128 52 67 183 128 52 67 183 128 52 67 183 128 52 67 183 128 52 67 183 128 52 67 183 128 52 67 183 128 52 67 183 128 52 67 183 128 52 54 55 221 50 185 66 137 110 230 215 22 201 160 215 44 29 22 80 146 52 140 34 223 190 134 24 233 73 94 151 189 20 244 10 104 105 22 152 184 88 80 255 218 109 51 63 66 91 100 226 10 1 129 59 154 226 67 183 128 52 67 183 128 52 67 183 128 52 67 183 128 52 67 183 128 52 67 183 128 52 
101 0 243 95 101 0 243 95 101 0 243 95 101 0 243 95 101 0 243 95 101 0 243 95 101 0 243 95 101 0 243 95 101 0 243 95 101 0 243 95 101 0 243 95 101 0 243 95 114 233 23 186 25 1 128 197 137 69 182 246 44 54 136 164 134 182 171 136 247 95 154 180 47 221 23 177 172 214 215 222 60 141 244 144 175 99 171 139 167 0 6 129 52 214 138 49 34 69 223 132 202 185 131 65 101 0 243 95 101 0 243 95 101 0 243 95 101 0 243 95 101 0 243 95 101 0 243 95 
193 147 68 13 193 147 68 13 193 147 68 13 193 147 68 13 193 147 68 13 193 147 68 13 193 147 68 13 193 147 68 13 193 147 68 13 193 147 68 13 193 147 68 13 193 147 68 13 137 48 226 126 164 110 164 98 99 5 110 38 225 189 142 217 24 213 207 68 87 28 24 59 64 142 243 76 81 97 190 192 215 89 232 127 208 159 36 48 5 155 63 176 123 15 120 77 73 239 34 19 172 72 43 114 193 147 68 13 193 147 68 13 193 147 68 13 193 147 68 13 193 147 68 13 193 147 68 13 
87 103 105 200 87 103 105 200 87 103 105 200 87 103 105 200 58 160 135 85 180 151 48 246 135 152 19 89 69 87 167 196 130 105 79 37 87 103 105 200 250 48 82 223 231 72 82 202 89 203 78 234 94 70 180 23 119 131 47 46 99 74 184 170 147 72 232 75 78 45 40 166 77 188 85 90 205 14 7 111 123 145 8 100 39 240 200 86 249 122 244 51 2 100 51 168 162 178 135 40 87 159 2 236 143 218 80 188 165 208 108 108 87 103 105 200 87 103 105 200 87 103 105 200 87 103 105 200 
67 183 128 52 67 183 128 52 67 183 128 52 67 183 128 52 49 102 95 67 137 238 40 56 125 83 221 223 165 16 9 242 46 219 240 57 67 183 128 52 198 68 178 188 223 20 188 0 40 40 88 54 229 23 187 54 212 30 156 79 169 96 51 93 27 39 218 175 198 185 79 107 233 68 229 173 115 166 165 245 195 112 242 250 101 134 225 147 152 228 23 226 206 35 90 248 139 138 206 184 60 21 111 241 51 29 26 189 248 161 129 178 67 183 128 52 67 183 128 52 67 183 128 52 67 183 128 52 
101 0 243 95 101 0 243 95 101 0 243 95 101 0 243 95 56 84 148 206 89 185 13 152 191 129 252 248 116 165 59 1 64 96 112 136 101 0 243 95 122 69 118 64 73 139 82 129 229 139 149 208 129 1 121 80 144 37 150 127 216 39 71 161 16 94 126 53 208 26 123 189 152 182 51 179 177 61 191 77 192 8 114 177 59 7 27 74 67 220 48 61 171 96 171 96 132 67 233 86 102 6 250 132 168 103 124 113 113 82 138 104 101 0 243 95 101 0 243 95 101 0 243 95 101 0 243 95 
193 147 68 13 193 147 68 13 193 147 68 13 193 147 68 13 37 168 190 152 99 140 179 193 87 225 101 176 5 65 236 146 109 165 156 101 193 147 68 13 68 187 82 193 12 19 167 219 184 219 16 50 37 222 69 101 74 21 5 78 76 30 127 134 210 202 221 8 3 193 118 9 111 120 110 185 47 172 32 161 37 83 187 112 46 100 230 27 236 195 29 196 232 64 220 163 97 255 69 53 94 184 211 26 155 72 88 207 209 3 219 88 193 147 68 13 193 147 68 13 193 147 68 13 193 147 68 13 
87 103 105 200 87 103 105 200 87 103 105 200 87 103 105 200 238 19 74 114 125 228 82 162 107 217 254 186 137 86 46 138 29 23 84 72 118 69 220 13 229 83 187 201 119 19 166 85 106 23 150 197 88 141 113 94 69 141 223 168 15 97 91 220 241 112 237 243 121 222 245 215 66 231 169 193 140 226 145 65 46 38 214 33 44 204 82 121 122 205 64 161 142 236 83 16 253 213 230 180 176 226 165 211 202 85 120 120 29 180 60 242 87 103 105 200 87 103 105 200 87 103 105 200 87 103 105 200 
67 183 128 52 67 183 128 52 67 183 128 52 67 183 128 52 250 159 88 85 158 249 16 55 153 238 249 230 223 170 239 238 191 223 125 52 79 224 0 151 164 20 135 137 232 71 219 117 133 87 44 203 66 19 107 117 187 235 57 155 0 250 67 177 35 149 87 32 14 248 129 121 62 111 20 173 150 15 45 140 9 83 92 216 139 206 69 233 148 253 89 173 109 186 196 242 172 222 83 77 127 38 246 159 18 174 19 179 7 245 159 205 67 183 128 52 67 183 128 52 67 183 128 52 67 183 128 52 
101 0 243 95 101 0 243 95 101 0 243 95 101 0 243 95 62 10 245 177 8 89 130 144 248 69 217 66 189 207 48 199 245 56 190 231 1 161 157 42 230 118 86 8 39 67 0 147 167 158 162 128 101 150 80 223 87 254 153 136 65 8 146 27 113 2 230 163 1 164 131 78 16 3 208 194 52 61 142 253 96 2 9 92 238 33 115 126 51 234 127 221 5 189 180 188 165 26 133 171 175 21 140 32 185 177 118 223 98 210 179 52 101 0 243 95 101 0 243 95 101 0 243 95 101 0 243 95 
193 147 68 13 193 147 68 13 193 147 68 13 193 147 68 13 74 94 36 114 64 191 239 89 28 58 217 153 135 32 210 89 104 28 252 197 83 1 215 82 105 245 141 90 41 97 11 153 50 123 39 161 83 0 95 194 198 75 68 197 198 229 191 245 85 28 3 227 116 6 199 168 99 173 226 153 198 173 207 30 156 70 36 188 72 161 108 232 167 87 212 251 250 141 223 16 25 186 115 110 17 70 224 48 57 112 228 240 101 42 194 124 193 147 68 13 193 147 68 13 193 147 68 13 193 147 68 13 
87 103 105 200 87 103 105 200 87 103 105 200 87 103 105 200 88 104 121 161 147 131 81 92 20 199 58 84 255 129 214 245 78 78 216 30 90 108 39 85 219 157 54 227 151 170 155 248 211 55 76 146 176 7 228 101 84 29 236 188 133 227 200 178 25 89 101 139 238 15 67 123 189 28 59 215 215 95 69 195 245 42 37 83 36 193 20 208 136 16 182 6 213 243 40 51 59 206 125 19 53 163 125 102 100 112 80 142 23 239 69 152 87 103 105 200 87 103 105 200 87 103 105 200 87 103 105 200 
67 183 128 52 67 183 128 52 67 183 128 52 67 183 128 52 162 48 57 216 108 198 190 86 192 7 36 113 176 16 143 96 196 58 87 225 40 144 50 150 223 193 68 238 228 131 26 211 36 218 147 28 149 210 35 171 82 183 160 176 1 170 32 73 252 139 55 168 131 21 102 155 94 105 51 156 58 18 136 202 51 125 122 145 167 184 66 73 223 201 127 201 90 185 21 61 113 230 156 24 202 126 155 104 112 149 52 201 101 72 27 97 67 183 128 52 67 183 128 52 67 183 128 52 67 183 128 52 
101 0 243 95 101 0 243 95 101 0 243 95 101 0 243 95 95 153 20 53 189 249 144 211 254 212 252 9 149 149 7 122 240 82 31 180 253 69 75 119 170 78 171 199 170 219 241 22 32 253 224 76 220 32 179 38 46 144 184 80 187 84 92 19 185 155 190 124 19 241 192 137 81 141 21 139 16 159 147 105 90 144 76 224 80 214 55 39 244 227 244 2 138 97 20 110 173 125 0 57 71 59 233 128 190 185 94 247 240 84 212 225 101 0 243 95 101 0 243 95 101 0 243 95 101 0 243 95 
193 147 68 13 193 147 68 13 193 147 68 13 193 147 68 13 59 246 16 90 162 127 16 143 134 179 1 241 249 254 72 60 193 58 205 97 212 220 198 154 177 43 136 100 92 178 52 123 77 18 28 23 98 63 1 242 191 212 64 228 211 231 204 186 8 147 0 75 54 79 157 207 106 140 14 100 239 37 201 0 217 21 96 70 68 195 247 107 48 178 13 113 42 180 217 66 220 141 36 235 152 74 101 70 255 204 181 115 36 85 142 77 193 147 68 13 193 147 68 13 193 147 68 13 193 147 68 13 
87 103 105 200 87 103 105 200 87 103 105 200 87 103 105 200 42 205 187 80 52 38 48 77 180 212 137 187 153 126 160 234 145 115 174 150 73 3 106 70 180 16 22 191 165 115 199 15 93 164 123 181 55 75 204 90 17 191 48 161 151 7 133 136 108 60 181 92 59 184 223 42 15 215 133 189 21 127 169 228 145 128 188 106 114 205 9 213 215 216 69 255 98 2 113 185 125 137 196 57 102 241 141 135 114 208 91 117 193 95 129 144 87 103 105 200 87 103 105 200 87 103 105 200 87 103 105 200 
67 183 128 52 67 183 128 52 67 183 128 52 67 183 128 52 34 43 236 234 79 169 227 155 144 164 132 67 0 92 34 147 231 169 118 206 81 88 102 198 33 68 250 66 17 32 249 243 121 107 217 130 217 1 84 12 196 146 154 193 173 91 104 60 224 106 235 59 145 68 75 115 204 165 93 229 211 184 239 230 222 94 20 189 224 122 71 80 217 6 109 67 22 26 93 3 75 166 227 198 26 159 208 132 49 136 24 219 111 114 194 58 67 183 128 52 67 183 128 52 67 183 128 52 67 183 128 52 
101 0 243 95 101 0 243 95 101 0 243 95 101 0 243 95 63 59 246 61 220 144 114 152 182 113 5 213 12 149 254 28 25 216 212 141 143 221 119 247 132 16 67 17 185 63 134 133 220 117 215 162 48 176 217 76 21 75 13 222 114 31 91 31 235 22 193 119 245 42 70 145 94 208 96 207 64 201 0 72 124 233 73 37 97 140 50 244 243 251 8 88 87 21 188 70 1 148 180 2 45 146 19 197 182 241 94 75 240 184 1 96 101 0 243 95 101 0 243 95 101 0 243 95 101 0 243 95 
193 147 68 13 193 147 68 13 193 147 68 13 193 147 68 13 184 175 95 162 167 98 48 233 154 202 227 29 204 95 53 128 180 222 100 105 59 238 136 59 232 90 232 226 29 9 205 239 251 42 114 59 152 35 47 247 163 204 38 116 169 228 0 185 135 115 212 68 208 76 26 58 54 200 83 255 196 186 239 68 27 95 133 163 210 248 203 87 166 111 47 25 78 248 169 11 32 192 130 55 219 105 116 78 35 160 209 112 224 127 7 92 193 147 68 13 193 147 68 13 193 147 68 13 193 147 68 13 
87 103 105 200 87 103 105 200 244 180 135 56 119 38 76 84 15 200 135 47 116 98 235 59 127 220 237 191 174 193 5 54 199 254 121 173 197 144 76 182 36 123 175 108 114 195 255 228 52 145 224 212 38 35 178 125 215 205 10 151 69 11 250 105 124 96 116 239 238 138 154 0 188 105 14 109 244 203 101 147 251 181 133 4 133 7 97 144 105 235 241 34 145 144 225 146 226 133 196 54 122 185 181 106 228 99 60 244 136 66 209 72 87 103 105 200 87 103 105 200 87 103 105 200 87 103 105 200 
67 183 128 52 67 183 128 52 197 183 27 9 182 63 206 163 12 217 89 127 118 136 244 215 109 195 250 157 155 200 21 67 148 30 61 98 79 176 188 250 206 19 133 1 151 143 200 191 32 144 235 156 210 203 210 182 37 171 124 169 164 174 244 132 89 212 129 77 9 42 244 103 242 192 68 116 1 104 155 117 193 0 254 198 211 128 187 50 27 105 57 241 97 196 94 230 119 33 75 49 100 128 147 89 80 62 213 50 93 40 185 208 67 183 128 52 67 183 128 52 67 183 128 52 67 183 128 52 
101 0 243 95 101 0 243 95 137 246 219 101 228 156 61 3 209 251 185 188 244 59 200 247 78 208 6 45 165 65 169 255 97 83 6 6 238 67 47 12 31 210 138 190 229 104 231 169 69 152 21 94 3 189 37 66 169 175 113 175 231 19 205 178 4 168 227 115 123 167 224 31 218 179 146 149 82 185 218 8 34 163 105 236 70 200 224 213 48 228 19 122 154 67 61 194 52 119 228 113 80 42 49 131 224 248 118 226 157 61 45 158 101 0 243 95 101 0 243 95 101 0 243 95 101 0 243 95 
193 147 68 13 193 147 68 13 34 98 120 221 231 155 95 241 66 57 240 134 26 141 17 85 127 133 118 104 58 207 24 35 91 146 60 100 14 121 205 79 169 167 5 121 75 98 11 90 110 32 185 135 229 40 229 230 8 111 62 48 195 47 149 74 208 116 76 80 251 247 38 95 249 234 11 158 114 47 51 117 170 174 245 144 132 25 0 210 191 16 231 196 86 217 175 255 199 254 202 55 230 24 169 90 141 40 80 186 210 237 163 254 193 147 68 13 193 147 68 13 193 147 68 13 193 147 68 13 
87 103 105 200 87 103 105 200 30 162 79 156 64 162 140 111 55 71 152 129 143 210 176 2 180 100 238 239 145 117 66 126 89 69 134 228 42 146 144 101 66 19 174 58 183 235 2 185 231 150 199 8 208 233 52 155 166 154 85 120 65 218 44 232 246 117 39 139 211 64 38 195 211 155 26 238 196 83 141 124 234 53 111 65 215 54 185 243 21 138 97 28 129 180 63 14 126 143 165 142 50 202 124 95 195 205 36 134 121 30 25 228 87 103 105 200 87 103 105 200 87 103 105 200 87 103 105 200 
67 183 128 52 67 183 128 52 216 236 205 153 91 149 166 185 168 20 92 202 115 65 155 160 127 191 226 61 82 11 31 54 161 242 110 108 116 156 35 119 161 84 81 34 14 73 237 115 193 163 230 41 187 109 64 20 141 54 8 80 182 31 143 19 214 124 215 246 251 150 235 94 163 195 238 33 96 46 81 73 150 92 145 83 73 43 164 177 203 41 71 113 239 200 190 160 2 189 22 85 88 239 90 90 212 52 184 245 151 23 184 44 67 183 128 52 67 183 128 52 67 183 128 52 67 183 128 52 
101 0 243 95 101 0 243 95 27 145 79 221 10 209 112 86 144 192 57 172 85 91 7 16 18 77 160 148 50 157 129 43 128 72 197 245 73 112 137 64 63 28 184 236 163 20 81 221 14 90 120 57 0 68 125 83 255 223 4 58 147 200 141 104 235 34 24 0 6 7 238 150 148 214 9 149 245 145 154 58 128 253 68 83 33 16 205 239 96 244 7 198 78 100 173 64 155 56 104 170 166 143 124 124 226 199 4 220 232 155 60 93 101 0 243 95 101 0 243 95 101 0 243 95 101 0 243 95 
193 147 68 13 193 147 68 13 202 14 11 23 107 122 106 98 94 5 17 20 221 27 218 133 113 2 252 188 240 15 136 225 237 247 86 125 147 226 92 208 198 182 144 155 65 207 143 51 218 21 140 175 116 161 31 86 134 246 134 202 67 145 14 243 38 163 2 241 150 139 240 44 24 178 25 18 124 62 25 7 87 73 30 243 79 153 99 221 98 27 117 156 61 114 71 136 2 221 166 190 131 20 137 195 79 115 153 71 169 128 248 248 193 147 68 13 193 147 68 13 193 147 68 13 193 147 68 13 
87 103 105 200 87 103 105 200 98 50 126 99 30 99 117 118 225 59 81 102 57 127 8 247 46 224 213 218 163 175 101 106 230 103 26 204 1 67 40 46 60 141 81 69 92 24 57 195 251 33 19 178 71 63 29 138 123 158 121 223 133 117 204 137 224 15 184 156 242 181 136 178 139 202 70 62 215 97 12 219 188 189 238 35 156 63 47 192 231 57 48 13 153 68 255 244 237 78 32 27 162 16 136 189 24 58 131 209 80 229 55 77 87 103 105 200 87 103 105 200 87 103 105 200 87 103 105 200 
67 183 128 52 67 183 128 52 213 235 233 131 195 54 106 110 37 125 28 4 170 40 234 224 13 44 177 34 93 197 205 71 193 157 103 20 26 12 233 2 177 40 245 156 66 228 188 64 79 63 43 234 202 106 57 53 12 216 219 86 57 241 108 211 61 231 101 127 187 10 148 103 173 142 31 103 132 134 91 249 13 180 63 91 92 218 204 11 100 254 189 114 78 125 161 150 174 161 213 160 64 178 75 11 159 225 86 225 229 194 145 104 67 183 128 52 67 183 128 52 67 183 128 52 67 183 128 52 
101 0 243 95 101 0 243 95 143 254 114 241 18 115 77 146 111 168 116 0 188 173 92 154 228 4 160 90 83 109 131 98 221 183 98 106 195 215 246 107 174 229 247 22 69 40 218 226 49 218 102 27 164 113 201 34 128 250 150 51 70 216 138 240 28 116 105 130 121 13 10 1 2 207 239 30 81 57 92 5 112 165 208 217 58 95 123 123 45 157 131 85 173 250 182 168 141 177 19 67 135 79 244 233 131 176 85 16 165 131 162 16 101 0 243 95 101 0 243 95 101 0 243 95 101 0 243 95 
193 147 68 13 193 147 68 13 200 204 163 74 195 31 207 7 61 249 140 155 201 33 136 134 35 134 120 239 94 231 201 176 250 79 112 64 69 10 144 122 150 95 130 151 150 11 9 206 138 133 95 150 62 160 152 12 254 251 145 17 173 79 112 139 203 75 0 38 179 44 86 178 12 39 188 48 112 93 50 36 141 34 52 237 105 114 173 33 169 52 110 32 121 247 186 117 82 194 231 186 10 75 235 17 158 99 208 162 128 196 116 117 193 147 68 13 193 147 68 13 193 147 68 13 193 147 68 13 
87 103 105 200 87 103 105 200 62 46 197 170 129 63 21 152 41 33 146 95 238 67 97 101 26 203 8 87 139 64 182 217 11 91 180 100 36 81 55 84 48 18 25 35 43 216 201 157 186 13 59 116 42 145 103 90 166 134 44 25 37 60 208 179 220 233 193 101 187 140 204 26 94 28 3 183 201 77 43 58 75 187 161 23 23 126 245 202 143 42 192 14 189 233 104 158 5 17 143 151 198 58 106 8 153 89 232 33 88 150 108 63 87 103 105 200 87 103 105 200 87 103 105 200 87 103 105 200 
67 183 128 52 67 183 128 52 134 136 119 94 199 251 78 154 142 161 197 39 127 221 252 238 200 101 165 128 159 84 47 16 48 27 192 106 170 110 175 114 49 29 20 184 16 6 94 118 54 136 94 106 65 82 33 252 13 155 203 138 32 247 104 176 182 95 64 228 214 87 76 36 72 130 165 146 246 196 112 157 5 206 157 114 93 219 122 0 239 38 11 130 20 166 174 123 76 129 148 100 106 154 48 25 1 107 242 51 162 30 32 252 67 183 128 52 67 183 128 52 67 183 128 52 67 183 128 52 
101 0 243 95 101 0 243 95 6 28 36 222 60 139 5 152 114 147 76 1 1 76 166 24 106 20 243 209 71 200 26 175 242 69 119 253 216 59 78 110 164 215 5 43 196 110 90 173 40 65 73 240 132 218 53 250 237 124 100 40 166 162 90 129 204 230 207 111 116 16 203 59 255 99 114 221 101 32 67 120 39 240 199 26 13 187 62 12 219 210 177 34 136 28 40 185 143 101 243 211 125 80 43 10 118 165 124 50 104 248 59 28 101 0 243 95 101 0 243 95 101 0 243 95 101 0 243 95 
193 147 68 13 193 147 68 13 67 33 1 230 178 95 75 166 55 60 7 237 145 244 60 121 59 76 166 108 219 129 230 219 143 71 134 224 205 156 238 193 169 75 57 198 146 33 99 48 76 184 104 152 165 21 5 14 250 55 165 117 241 152 45 19 127 157 110 165 188 144 27 12 205 221 166 175 63 89 1 6 137 110 31 97 247 56 182 235 170 33 55 203 173 190 166 205 91 29 128 50 255 204 102 150 178 240 113 146 206 97 94 33 193 147 68 13 193 147 68 13 193 147 68 13 193 147 68 13 
87 103 105 200 87 103 105 200 68 243 220 177 56 157 20 80 228 220 45 137 161 124 164 207 128 155 32 9 213 183 182 55 161 52 138 130 97 25 153 222 52 108 39 32 240 126 197 113 233 42 7 29 126 155 214 27 181 77 133 8 235 14 112 14 15 57 221 168 117 70 81 194 18 156 84 23 151 201 114 105 48 155 214 56 58 51 55 37 30 101 203 5 98 49 118 41 131 36 215 131 253 120 84 44 225 46 183 107 166 95 181 18 200 34 61 90 162 165 47 83 170 72 169 67 246 120 225 62 
67 183 128 52 67 183 128 52 68 240 109 44 8 50 76 199 118 129 202 158 49 210 31 12 9 51 151 78 134 169 2 187 59 121 1 252 139 191 44 112 99 126 213 238 158 201 81 24 103 227 32 30 202 131 248 30 36 37 33 125 104 206 186 141 240 86 23 151 4 208 33 209 81 49 83 170 152 28 94 211 74 149 245 114 149 148 193 90 187 137 104 161 191 2 36 27 76 241 215 102 95 161 3 213 119 172 17 79 221 22 68 104 58 16 58 81 231 129 188 51 31 28 48 48 115 13 155 6 
101 0 243 95 101 0 243 95 113 87 23 52 34 187 131 78 91 198 13 17 125 95 244 16 101 73 198 209 101 211 56 76 198 210 164 144 48 33 210 156 96 56 113 168 121 58 194 156 61 13 215 199 211 214 96 45 38 224 184 172 222 16 8 197 104 248 110 202 161 108 233 44 66 48 30 95 20 28 218 33 78 247 202 168 3 30 19 199 129 47 181 89 69 49 159 135 105 245 206 112 184 114 177 7 65 35 60 245 98 100 58 250 119 76 78 25 42 52 215 246 114 244 94 201 135 52 76 74 
193 147 68 13 193 147 68 13 88 27 0 33 157 50 225 249 117 233 251 61 29 226 59 23 17 82 50 191 228 38 246 31 102 53 90 9 7 227 243 208 83 228 175 10 10 153 15 15 164 136 45 85 196 67 170 215 36 238 253 239 51 43 234 186 147 106 13 243 87 97 209 5 189 57 173 98 207 21 229 224 251 33 94 136 11 102 214 75 198 174 192 22 238 130 60 169 119 144 178 52 127 28 193 82 20 33 74 227 20 60 21 195 214 39 70 98 123 148 79 55 59 20 85 190 185 50 158 175 
87 103 105 200 87 103 105 200 204 34 177 30 13 72 176 105 93 247 250 243 102 38 21 75 205 13 183 47 219 140 36 193 198 206 174 209 69 219 236 118 52 43 184 76 68 170 66 113 85 252 186 238 14 103 233 139 126 10 75 78 161 213 179 64 75 41 134 39 50 123 236 124 1 237 174 110 27 12 20 33 27 150 139 34 33 174 61 77 240 68 162 56 70 195 216 211 186 164 232 24 141 196 13 104 37 158 38 85 37 232 162 84 199 155 63 7 117 1 214 217 154 162 209 193 246 120 225 62 
67 183 128 52 67 183 128 52 205 125 135 181 74 207 211 20 132 228 210 71 42 238 15 144 171 169 81 1 124 184 247 60 139 194 108 10 1 110 65 195 6 135 141 58 202 197 50 246 62 64 56 121 50 80 107 150 102 168 157 118 95 10 92 14 138 122 1 40 242 173 93 163 223 18 100 154 206 16 13 81 134 230 215 255 205 156 156 94 12 22 107 39 56 80 197 241 83 183 20 44 60 64 216 230 9 166 93 150 251 173 65 13 198 226 97 118 80 60 65 218 232 1 51 185 115 13 155 6 
101 0 243 95 101 0 243 95 187 42 203 119 115 103 40 131 244 91 115 78 11 17 182 23 123 13 166 168 181 0 236 77 204 214 231 26 75 92 48 216 0 183 128 196 179 106 234 24 49 173 227 21 249 113 106 213 209 127 191 144 214 29 16 210 186 64 188 156 175 216 125 8 253 193 245 66 46 102 173 171 7 11 162 24 125 182 54 240 136 21 123 225 221 20 0 78 33 193 145 143 227 241 75 79 208 169 143 235 98 169 214 96 9 153 196 81 28 31 75 85 10 18 64 3 135 52 76 74 
193 147 68 13 193 147 68 13 56 159 29 94 83 53 248 178 242 26 40 139 209 100 191 85 196 228 193 116 224 207 139 180 153 126 181 251 243 246 163 125 252 4 151 90 37 253 180 30 51 163 196 202 21 13 95 37 190 44 187 181 85 150 28 212 11 133 236 68 173 69 191 162 134 238 57 199 50 3 170 75 156 193 86 123 181 49 136 62 206 181 96 171 27 127 231 149 9 70 153 18 215 90 164 88 61 13 159 122 8 48 23 247 82 196 124 47 59 238 179 11 199 227 43 180 185 50 158 175 
87 103 105 200 87 103 105 200 87 103 105 200 87 103 105 200 87 103 105 200 87 103 105 200 87 103 105 200 87 103 105 200 90 160 187 1 173 106 209 25 200 196 166 117 123 136 231 225 166 47 206 199 24 92 206 24 123 101 243 184 39 238 124 251 52 227 168 107 100 240 72 151 87 103 105 200 87 103 105 200 87 103 105 200 87 103 105 200 87 103 105 200 87 103 105 200 65 10 117 64 131 7 246 245 29 55 8 219 125 180 25 146 100 223 200 237 239 18 80 42 154 162 209 193 246 120 225 62 
67 183 128 52 67 183 128 52 67 183 128 52 67 183 128 52 67 183 128 52 67 183 128 52 67 183 128 52 67 183 128 52 26 77 131 147 139 132 239 186 100 121 198 182 154 201 249 187 52 20 173 143 7 251 33 41 132 70 250 217 56 187 88 45 175 33 173 35 5 167 150 112 67 183 128 52 67 183 128 52 67 183 128 52 67 183 128 52 67 183 128 52 67 183 128 52 7 147 106 193 132 221 75 1 208 5 85 88 188 174 156 119 83 236 153 225 111 166 82 42 232 1 51 185 115 13 155 6 
101 0 243 95 101 0 243 95 101 0 243 95 101 0 243 95 101 0 243 95 101 0 243 95 101 0 243 95 101 0 243 95 210 150 29 185 34 183 201 225 199 175 107 48 197 89 53 157 246 223 201 97 136 232 173 118 103 72 215 223 104 5 151 95 6 4 146 213 116 0 182 251 101 0 243 95 101 0 243 95 101 0 243 95 101 0 243 95 101 0 243 95 101 0 243 95 91 89 70 68 226 206 30 198 226 46 229 34 214 99 87 51 250 195 40 121 18 109 189 248 10 18 64 3 135 52 76 74 
193 147 68 13 193 147 68 13 193 147 68 13 193 147 68 13 193 147 68 13 193 147 68 13 193 147 68 13 193 147 68 13 199 16 71 182 71 1 31 11 222 28 24 89 198 6 17 71 13 250 129 2 83 68 102 34 178 149 3 83 119 232 50 63 101 171 71 70 71 41 113 140 193 147 68 13 193 147 68 13 193 147 68 13 193 147 68 13 193 147 68 13 193 147 68 13 147 125 101 228 45 93 165 174 188 83 35 47 45 177 76 201 102 159 155 210 151 115 226 174 199 227 43 180 185 50 158 175 
87 103 105 200 87 103 105 200 87 103 105 200 87 103 105 200 87 103 105 200 87 103 105 200 87 103 105 200 87 103 105 200 109 66 234 78 161 201 147 96 105 89 237 197 242 77 88 51 69 48 145 83 186 138 244 67 162 95 15 172 130 78 68 87 47 41 19 137 58 251 144 249 87 103 105 200 87 103 105 200 87 103 105 200 87 103 105 200 87 103 105 200 87 103 105 200 51 188 10 21 199 11 113 91 83 44 0 4 71 7 37 53 26 50 60 84 14 27 203 172 1 235 174 253 246 120 225 62 
67 183 128 52 67 183 128 52 67 183 128 52 67 183 128 52 67 183 128 52 67 183 128 52 67 183 128 52 67 183 128 52 91 118 123 115 253 201 125 209 117 21 46 165 138 241 156 178 141 10 206 234 89 245 96 229 182 66 85 83 201 107 7 156 22 143 32 238 16 90 5 27 67 183 128 52 67 183 128 52 67 183 128 52 67 183 128 52 67 183 128 52 67 183 128 52 116 219 41 214 65 93 11 123 230 76 111 155 166 90 105 145 199 203 214 122 165 177 12 176 246 53 33 117 115 13 155 6 
101 0 243 95 101 0 243 95 101 0 243 95 101 0 243 95 101 0 243 95 101 0 243 95 101 0 243 95 101 0 243 95 199 194 240 187 192 1 11 105 73 52 181 96 249 52 174 2 208 65 25 55 46 178 87 238 228 149 30 66 61 40 223 163 64 53 61 38 140 155 252 149 101 0 243 95 101 0 243 95 101 0 243 95 101 0 243 95 101 0 243 95 101 0 243 95 250 247 47 145 221 185 246 243 45 236 2 160 9 218 95 187 185 107 85 122 190 66 76 5 169 245 103 104 135 52 76 74 
193 147 68 13 193 147 68 13 193 147 68 13 193 147 68 13 193 147 68 13 193 147 68 13 193 147 68 13 193 147 68 13 138 157 1 125 11 164 1 33 241 216 42 213 138 248 59 81 247 158 243 194 157 176 137 49 196 204 80 165 195 209 10 112 163 87 156 84 239 90 12 54 193 147 68 13 193 147 68 13 193 147 68 13 193 147 68 13 193 147 68 13 193 147 68 13 133 8 57 156 254 204 65 27 135 125 235 110 173 207 133 52 129 108 87 233 244 2 161 23 137 98 210 38 185 50 158 175 
87 103 105 200 87 103 105 200 87 103 105 200 87 103 105 200 87 103 105 200 87 103 105 200 87 103 105 200 87 103 105 200 244 206 131 159 63 131 1 83 129 9 128 120 166 211 12 130 164 58 61 196 196 10 138 169 248 75 202 12 82 135 46 167 167 102 114 12 187 62 128 225 188 198 218 152 82 80 149 245 87 103 105 200 87 103 105 200 87 103 105 200 87 103 105 200 87 103 105 200 87 103 105 200 87 103 105 200 87 103 105 200 87 103 105 200 87 103 105 200 87 103 105 200 87 103 105 200 
67 183 128 52 67 183 128 52 67 183 128 52 67 183 128 52 67 183 128 52 67 183 128 52 67 183 128 52 67 183 128 52 27 250 50 67 47 59 105 146 142 3 214 104 43 130 219 53 229 152 206 177 227 154 248 114 30 14 93 45 122 231 57 159 254 198 125 66 241 10 124 63 15 130 111 192 226 70 168 33 67 183 128 52 67 183 128 52 67 183 128 52 67 183 128 52 67 183 128 52 67 183 128 52 67 183 128 52 67 183 128 52 67 183 128 52 67 183 128 52 67 183 128 52 67 183 128 52 
101 0 243 95 101 0 243 95 101 0 243 95 101 0 243 95 101 0 243 95 101 0 243 95 101 0 243 95 101 0 243 95 135 141 183 184 17 119 252 170 83 239 212 200 132 69 4 35 12 0 40 177 32 206 234 214 208 148 51 20 138 116 20 96 130 126 82 84 53 178 172 86 216 166 33 100 139 119 225 82 101 0 243 95 101 0 243 95 101 0 243 95 101 0 243 95 101 0 243 95 101 0 243 95 101 0 243 95 101 0 243 95 101 0 243 95 101 0 243 95 101 0 243 95 101 0 243 95 
193 147 68 13 193 147 68 13 193 147 68 13 193 147 68 13 193 147 68 13 193 147 68 13 193 147 68 13 193 147 68 13 150 168 23 167 174 182 59 208 157 93 237 164 8 34 224 174 90 239 244 161 225 41 188 221 159 94 150 214 222 240 214 116 205 107 0 25 137 123 46 57 103 129 29 10 170 19 85 9 193 147 68 13 193 147 68 13 193 147 68 13 193 147 68 13 193 147 68 13 193 147 68 13 193 147 68 13 193 147 68 13 193 147 68 13 193 147 68 13 193 147 68 13 193 147 68 13 
87 103 105 200 87 103 105 200 87 103 105 200 87 103 105 200 87 103 105 200 87 103 105 200 87 103 105 200 87 103 105 200 161 248 238 77 239 103 229 126 157 22 164 67 98 192 127 44 39 6 71 51 32 6 184 122 95 60 164 142 128 220 213 120 72 17 224 208 180 255 96 224 227 162 87 127 164 117 17 205 87 103 105 200 87 103 105 200 87 103 105 200 87 103 105 200 87 103 105 200 87 103 105 200 87 103 105 200 87 103 105 200 87 103 105 200 87 103 105 200 87 103 105 200 87 103 105 200 
67 183 128 52 67 183 128 52 67 183 128 52 67 183 128 52 67 183 128 52 67 183 128 52 67 183 128 52 67 183 128 52 119 169 236 75 173 241 112 127 110 158 210 77 105 234 19 94 234 43 172 80 5 188 65 116 47 66 26 226 10 223 90 139 87 159 23 167 188 201 200 229 142 197 156 202 114 96 79 249 67 183 128 52 67 183 128 52 67 183 128 52 67 183 128 52 67 183 128 52 67 183 128 52 67 183 128 52 67 183 128 52 67 183 128 52 67 183 128 52 67 183 128 52 67 183 128 52 
101 0 243 95 101 0 243 95 101 0 243 95 101 0 243 95 101 0 243 95 101 0 243 95 101 0 243 95 101 0 243 95 52 147 84 118 101 241 117 72 24 183 131 39 11 118 42 244 12 83 34 144 42 221 225 203 119 171 176 167 100 52 209 246 163 0 49 4 51 115 114 40 127 21 111 45 4 23 154 172 101 0 243 95 101 0 243 95 101 0 243 95 101 0 243 95 101 0 243 95 101 0 243 95 101 0 243 95 101 0 243 95 101 0 243 95 101 0 243 95 101 0 243 95 101 0 243 95 
193 147 68 13 193 147 68 13 193 147 68 13 193 147 68 13 193 147 68 13 193 147 68 13 193 147 68 13 193 147 68 13 121 48 134 66 111 245 166 188 58 228 13 38 60 249 114 156 25 100 38 50 108 172 188 170 194 138 179 226 242 50 209 15 171 224 95 124 199 162 205 171 58 209 227 225 124 227 82 241 193 147 68 13 193 147 68 13 193 147 68 13 193 147 68 13 193 147 68 13 193 147 68 13 193 147 68 13 193 147 68 13 193 147 68 13 193 147 68 13 193 147 68 13 193 147 68 13 
87 103 105 200 87 103 105 200 87 103 105 200 87 103 105 200 87 103 105 200 87 103 105 200 18 251 146 26 190 130 101 32 248 167 158 171 183 47 187 175 167 30 224 120 17 200 143 88 237 143 14 151 169 109 233 160 101 6 15 68 210 133 135 63 71 2 32 91 163 167 139 196 52 178 10 20 228 229 206 180 74 214 28 1 15 231 55 219 87 103 105 200 87 103 105 200 87 103 105 200 87 103 105 200 87 103 105 200 87 103 105 200 87 103 105 200 87 103 105 200 87 103 105 200 87 103 105 200 
67 183 128 52 67 183 128 52 67 183 128 52 67 183 128 52 67 183 128 52 67 183 128 52 249 22 231 3 142 119 145 130 62 107 28 60 45 148 16 94 141 85 78 197 230 233 220 86 108 61 164 110 185 112 60 181 45 91 73 15 57 145 35 144 107 81 28 28 223 19 106 22 76 134 93 135 47 191 176 38 215 239 225 99 166 68 147 222 67 183 128 52 67 183 128 52 67 183 128 52 67 183 128 52 67 183 128 52 67 183 128 52 67 183 128 52 67 183 128 52 67 183 128 52 67 183 128 52 
101 0 243 95 101 0 243 95 101 0 243 95 101 0 243 95 101 0 243 95 101 0 243 95 29 53 80 130 101 47 20 241 95 203 243 249 50 41 45 25 65 209 144 219 90 178 226 194 77 251 100 250 132 96 87 117 186 36 139 183 67 117 237 96 83 136 100 36 156 238 53 167 12 169 105 31 195 127 91 205 252 207 72 93 202 79 199 146 101 0 243 95 101 0 243 95 101 0 243 95 101 0 243 95 101 0 243 95 101 0 243 95 101 0 243 95 101 0 243 95 101 0 243 95 101 0 243 95 
193 147 68 13 193 147 68 13 193 147 68 13 193 147 68 13 193 147 68 13 193 147 68 13 229 167 25 152 11 17 60 105 77 74 60 201 74 51 79 4 54 57 237 197 77 163 28 13 122 200 169 236 102 204 53 78 112 137 224 229 195 243 240 25 159 169 32 24 32 154 178 200 110 109 220 171 69 249 121 97 37 245 181 48 13 224 225 89 193 147 68 13 193 147 68 13 193 147 68 13 193 147 68 13 193 147 68 13 193 147 68 13 193 147 68 13 193 147 68 13 193 147 68 13 193 147 68 13 
87 103 105 200 87 103 105 200 87 103 105 200 87 103 105 200 87 103 105 200 87 103 105 200 136 130 94 54 133 34 197 221 153 182 253 105 66 141 196 117 208 247 250 168 45 240 5 194 21 55 197 56 158 29 245 159 212 43 158 250 9 253 121 108 177 93 125 97 235 128 234 82 224 204 55 134 218 148 132 63 6 155 236 224 223 137 118 124 87 103 105 200 87 103 105 200 87 103 105 200 87 103 105 200 87 103 105 200 87 103 105 200 87 103 105 200 87 103 105 200 87 103 105 200 87 103 105 200 
67 183 128 52 67 183 128 52 67 183 128 52 67 183 128 52 67 183 128 52 67 183 128 52 187 147 84 202 158 133 61 30 67 16 41 212 19 204 255 39 207 121 186 35 166 228 10 64 104 173 203 50 186 157 62 60 33 47 216 86 184 197 68 136 197 53 139 67 194 124 168 156 235 40 220 181 136 65 111 183 212 147 155 126 206 212 23 254 67 183 128 52 67 183 128 52 67 183 128 52 67 183 128 52 67 183 128 52 67 183 128 52 67 183 128 52 67 183 128 52 67 183 128 52 67 183 128 52 
101 0 243 95 101 0 243 95 101 0 243 95 101 0 243 95 101 0 243 95 101 0 243 95 229 1 20 159 246 113 195 168 17 174 24 36 129 243 196 153 243 107 99 170 60 197 222 121 72 171 144 225 140 59 103 153 140 242 150 101 240 137 102 181 164 228 168 30 211 198 139 29 114 165 21 82 88 14 102 105 218 143 67 19 191 227 95 52 101 0 243 95 101 0 243 95 101 0 243 95 101 0 243 95 101 0 243 95 101 0 243 95 101 0 243 95 101 0 243 95 101 0 243 95 101 0 243 95 
193 147 68 13 193 147 68 13 193 147 68 13 193 147 68 13 193 147 68 13 193 147 68 13 192 99 167 221 116 168 180 98 161 203 251 219 70 153 143 238 160 79 184 126 134 28 248 251 51 125 180 196 74 118 71 50 38 167 159 221 223 60 8 62 175 37 40 221 93 252 189 117 130 152 219 187 115 94 17 155 38 217 170 229 129 81 112 157 193 147 68 13 193 147 68 13 193 147 68 13 193 147 68 13 193 147 68 13 193 147 68 13 193 147 68 13 193 147 68 13 193 147 68 13 193 147 68 13 
87 103 105 200 87 103 105 200 87 103 105 200 87 103 105 200 89 22 110 165 146 42 80 129 242 183 88 48 227 98 19 105 183 160 28 242 241 64 137 90 84 123 251 17 12 188 13 100 226 207 203 253 95 248 121 77 217 114 236 51 86 131 127 147 172 9 59 41 92 223 62 66 104 130 50 9 142 128 69 34 184 53 32 167 157 116 109 107 62 49 247 55 178 14 59 44 230 106 165 141 160 61 152 54 87 103 105 200 87 103 105 200 87 103 105 200 87 103 105 200 87 103 105 200 87 103 105 200 
67 183 128 52 67 183 128 52 67 183 128 52 67 183 128 52 9 221 132 19 183 142 201 246 194 240 177 85 175 98 104 229 217 97 68 213 138 5 11 182 170 5 130 155 42 241 71 62 222 249 55 44 60 147 221 109 73 224 254 41 102 109 24 11 161 17 192 7 192 156 73 219 209 199 71 254 53 61 175 178 73 14 68 138 208 219 67 247 43 207 47 223 14 19 99 76 239 162 7 218 171 100 147 230 67 183 128 52 67 183 128 52 67 183 128 52 67 183 128 52 67 183 128 52 67 183 128 52 
101 0 243 95 101 0 243 95 101 0 243 95 101 0 243 95 192 212 87 120 99 215 82 150 254 50 3 232 105 198 14 38 71 218 18 33 227 72 254 5 132 17 156 204 160 23 12 184 75 6 222 177 39 213 39 172 159 127 112 163 164 226 52 67 108 201 248 232 232 129 215 255 93 148 250 72 208 75 176 253 65 92 149 118 185 190 24 174 111 149 179 122 219 27 235 115 31 45 254 42 161 55 217 92 101 0 243 95 101 0 243 95 101 0 243 95 101 0 243 95 101 0 243 95 101 0 243 95 
193 147 68 13 193 147 68 13 193 147 68 13 193 147 68 13 25 12 250 213 190 123 129 199 243 83 55 197 15 177 21 230 88 155 250 185 204 121 165 12 182 247 254 255 44 86 123 33 214 66 192 141 111 111 164 114 135 11 54 222 211 163 179 149 250 99 197 41 116 219 127 40 23 100 198 212 30 76 95 234 36 128 33 23 47 27 200 37 126 64 28 110 254 223 60 102 96 109 148 119 4 105 46 240 193 147 68 13 193 147 68 13 193 147 68 13 193 147 68 13 193 147 68 13 193 147 68 13 
87 103 105 200 87 103 105 200 87 103 105 200 87 103 105 200 242 65 84 61 114 165 223 102 15 162 246 174 185 11 200 151 51 59 102 147 158 50 212 164 134 232 78 128 183 46 145 163 105 44 22 184 14 26 102 35 113 49 18 92 200 59 128 249 81 161 62 33 6 43 203 104 252 4 16 155 132 196 140 215 224 63 91 57 200 64 139 77 100 76 169 213 31 170 37 95 241 91 130 115 185 191 206 217 87 103 105 200 87 103 105 200 87 103 105 200 87 103 105 200 87 103 105 200 87 103 105 200 
67 183 128 52 67 183 128 52 67 183 128 52 67 183 128 52 212 68 194 58 128 39 21 42 218 47 111 149 106 13 57 208 152 85 18 79 242 147 149 52 208 15 34 246 100 207 233 72 129 128 168 252 201 51 0 32 195 96 191 133 241 198 241 19 204 93 41 54 127 46 19 28 235 151 233 73 41 28 68 62 9 90 151 216 55 158 212 27 196 27 224 229 160 51 196 240 144 179 254 113 34 80 63 191 67 183 128 52 67 183 128 52 67 183 128 52 67 183 128 52 67 183 128 52 67 183 128 52 
101 0 243 95 101 0 243 95 101 0 243 95 101 0 243 95 6 186 206 106 211 40 102 59 251 158 248 254 131 93 61 101 82 158 201 31 244 179 212 139 188 158 82 168 40 253 32 105 165 183 161 92 94 3 236 184 31 109 45 123 55 135 47 45 122 118 149 11 77 206 45 154 107 163 98 93 220 216 17 252 145 8 48 19 21 228 245 29 168 63 182 78 197 138 251 193 19 114 231 215 249 225 112 46 101 0 243 95 101 0 243 95 101 0 243 95 101 0 243 95 101 0 243 95 101 0 243 95 
193 147 68 13 193 147 68 13 193 147 68 13 193 147 68 13 195 33 43 94 9 175 170 248 172 207 170 213 114 96 138 248 23 194 173 88 3 5 75 27 129 164 247 195 209 238 149 143 110 65 168 76 157 11 65 204 71 43 254 120 157 105 54 246 13 18 215 113 203 157 127 146 150 154 30 209 247 48 170 119 85 190 93 88 68 192 98 211 126 59 111 58 95 223 42 88 241 166 60 121 181 36 229 239 193 147 68 13 193 147 68 13 193 147 68 13 193 147 68 13 193 147 68 13 193 147 68 13 
87 103 105 200 87 103 105 200 87 103 105 200 87 103 105 200 222 71 15 73 214 181 145 72 209 118 183 8 81 23 68 26 84 176 40 28 77 80 165 190 3 108 57 86 132 82 32 96 31 133 121 182 133 45 218 220 246 104 32 193 167 28 186 199 211 33 32 131 255 255 130 179 164 163 126 179 169 180 144 189 71 85 112 114 240 196 247 66 59 70 29 22 29 77 147 89 87 103 105 200 87 103 105 200 87 103 105 200 87 103 105 200 87 103 105 200 87 103 105 200 87 103 105 200 87 103 105 200 
67 183 128 52 67 183 128 52 67 183 128 52 67 183 128 52 106 63 19 88 200 216 138 248 175 90 56 148 47 212 174 127 192 143 117 54 239 213 131 163 52 192 138 117 30 184 111 45 42 191 165 188 0 1 129 62 211 154 171 67 236 197 132 105 91 36 43 66 168 233 146 11 235 149 122 184 253 25 195 159 223 16 19 79 254 112 229 102 11 201 159 110 242 12 192 254 67 183 128 52 67 183 128 52 67 183 128 52 67 183 128 52 67 183 128 52 67 183 128 52 67 183 128 52 67 183 128 52 
101 0 243 95 101 0 243 95 101 0 243 95 101 0 243 95 85 178 110 50 103 70 61 115 128 201 169 138 22 49 169 119 19 22 138 112 52 93 180 84 179 192 37 29 56 193 81 109 192 193 87 225 52 80 93 152 224 16 90 22 185 23 186 96 74 239 158 141 171 221 0 219 235 16 144 79 84 127 12 37 155 249 114 174 66 241 41 166 0 73 244 204 46 117 21 21 101 0 243 95 101 0 243 95 101 0 243 95 101 0 243 95 101 0 243 95 101 0 243 95 101 0 243 95 101 0 243 95 
193 147 68 13 193 147 68 13 193 147 68 13 193 147 68 13 8 188 173 75 111 187 202 100 118 187 222 115 21 128 49 230 114 151 208 103 116 88 239 209 139 163 20 9 117 252 19 140 175 120 144 249 97 74 68 26 171 215 95 90 155 63 27 35 224 100 6 159 251 200 207 187 17 54 132 170 88 101 78 69 138 20 24 124 193 228 194 72 244 203 190 199 63 58 164 73 193 147 68 13 193 147 68 13 193 147 68 13 193 147 68 13 193 147 68 13 193 147 68 13 193 147 68 13 193 147 68 13 
87 103 105 200 87 103 105 200 87 103 105 200 87 103 105 200 185 184 57 10 83 135 23 208 55 155 43 35 26 113 118 98 107 16 53 25 242 144 119 149 133 46 11 56 149 102 80 32 177 22 134 118 253 221 71 62 211 56 7 160 198 247 119 55 79 185 162 175 29 36 223 138 97 237 231 197 226 64 114 241 128 91 146 151 67 171 182 226 201 4 136 73 75 104 216 12 87 103 105 200 87 103 105 200 87 103 105 200 87 103 105 200 87 103 105 200 87 103 105 200 87 103 105 200 87 103 105 200 
67 183 128 52 67 183 128 52 67 183 128 52 67 183 128 52 190 227 62 233 248 157 123 157 189 75 67 216 3 144 222 74 116 84 171 90 78 123 38 67 89 16 129 88 238 220 12 185 24 179 83 210 47 228 176 70 190 99 195 210 67 138 228 146 104 33 218 246 95 202 241 98 114 105 20 150 42 10 36 240 23 71 194 155 42 251 236 9 37 60 79 29 13 255 213 124 67 183 128 52 67 183 128 52 67 183 128 52 67 183 128 52 67 183 128 52 67 183 128 52 67 183 128 52 67 183 128 52 
101 0 243 95 101 0 243 95 101 0 243 95 101 0 243 95 200 165 85 95 112 39 221 146 162 153 152 24 119 139 36 226 219 112 67 65 0 46 182 20 234 243 173 35 116 192 45 25 122 119 74 132 24 63 4 101 187 215 135 74 115 17 104 99 134 22 159 58 10 226 80 76 193 10 48 136 134 198 60 66 101 86 221 133 79 232 230 162 86 173 56 42 41 68 227 91 101 0 243 95 101 0 243 95 101 0 243 95 101 0 243 95 101 0 243 95 101 0 243 95 101 0 243 95 101 0 243 95 
193 147 68 13 193 147 68 13 193 147 68 13 193 147 68 13 130 160 14 172 219 16 112 16 23 160 86 62 242 163 208 226 105 191 54 120 28 252 216 186 79 40 222 185 240 28 10 12 44 113 103 86 44 115 64 185 195 8 156 55 10 157 188 80 64 202 3 51 214 69 1 5 154 54 120 27 74 181 87 42 97 204 22 49 157 29 148 1 243 68 74 168 168 7 65 46 193 147 68 13 193 147 68 13 193 147 68 13 193 147 68 13 193 147 68 13 193 147 68 13 193 147 68 13 193 147 68 13 
87 103 105 200 87 103 105 200 87 103 105 200 87 103 105 200 87 103 105 200 87 103 105 200 71 32 196 129 149 99 58 208 38 148 25 184 151 152 12 2 56 114 81 113 118 221 41 19 194 0 93 204 20 4 236 204 147 198 114 125 155 137 214 29 11 217 67 114 40 175 187 9 160 25 208 28 76 160 142 168 65 115 216 117 35 251 31 35 17 231 20 139 81 193 170 81 87 103 105 200 87 103 105 200 87 103 105 200 87 103 105 200 87 103 105 200 87 103 105 200 87 103 105 200 87 103 105 200 
67 183 128 52 67 183 128 52 67 183 128 52 67 183 128 52 67 183 128 52 67 183 128 52 140 188 36 34 176 132 70 27 216 120 236 109 193 240 129 152 143 19 225 10 35 255 204 90 157 235 128 90 172 232 167 127 148 232 225 42 37 141 5 242 221 5 150 45 37 114 89 57 226 30 138 229 44 45 118 173 59 162 128 155 118 11 144 174 122 213 21 178 110 83 162 219 67 183 128 52 67 183 128 52 67 183 128 52 67 183 128 52 67 183 128 52 67 183 128 52 67 183 128 52 67 183 128 52 
101 0 243 95 101 0 243 95 101 0 243 95 101 0 243 95 101 0 243 95 101 0 243 95 167 18 42 198 255 38 18 55 158 3 125 237 23 138 145 103 107 36 190 124 214 149 32 153 0 174 124 118 183 121 168 252 31 185 169 30 126 214 62 160 86 85 77 227 181 88 255 139 212 142 130 197 179 173 171 18 234 250 151 53 53 86 143 214 233 78 148 197 96 253 163 158 101 0 243 95 101 0 243 95 101 0 243 95 101 0 243 95 101 0 243 95 101 0 243 95 101 0 243 95 101 0 243 95 
193 147 68 13 193 147 68 13 193 147 68 13 193 147 68 13 193 147 68 13 193 147 68 13 69 73 67 151 73 133 236 71 204 125 70 230 74 166 85 61 38 20 143 110 227 56 125 90 221 15 202 41 17 219 118 244 240 166 80 103 70 252 59 153 79 203 209 247 43 143 97 106 201 123 61 175 43 81 82 153 68 151 253 80 120 24 161 136 168 168 194 191 129 145 45 115 193 147 68 13 193 147 68 13 193 147 68 13 193 147 68 13 193 147 68 13 193 147 68 13 193 147 68 13 193 147 68 13 
87 103 105 200 87 103 105 200 87 103 105 200 87 103 105 200 87 103 105 200 87 103 105 200 72 233 124 22 40 163 53 179 157 198 44 109 38 4 195 113 77 186 185 101 71 170 71 166 217 235 224 202 140 126 7 161 122 20 88 33 238 86 224 9 18 4 171 142 113 112 33 51 165 155 16 243 207 78 96 40 121 249 223 69 247 58 198 205 19 8 150 143 233 28 45 41 87 103 105 200 87 103 105 200 87 103 105 200 87 103 105 200 87 103 105 200 87 103 105 200 87 103 105 200 87 103 105 200 
67 183 128 52 67 183 128 52 67 183 128 52 67 183 128 52 67 183 128 52 67 183 128 52 209 157 200 117 207 50 138 230 204 207 21 252 88 102 221 227 225 110 58 80 160 67 210 155 40 195 246 132 22 29 70 99 109 57 30 252 122 44 200 246 24 247 154 255 31 203 238 72 225 240 196 166 71 56 150 169 163 99 5 228 82 236 18 155 30 121 152 21 17 30 10 149 67 183 128 52 67 183 128 52 67 183 128 52 67 183 128 52 67 183 128 52 67 183 128 52 67 183 128 52 67 183 128 52 
101 0 243 95 101 0 243 95 101 0 243 95 101 0 243 95 101 0 243 95 101 0 243 95 186 18 88 101 144 75 20 99 250 86 143 29 236 120 83 133 253 228 39 209 90 177 94 211 152 61 129 107 13 22 13 198 223 21 20 110 236 195 112 81 132 136 219 249 72 33 3 59 13 230 41 47 100 205 207 149 45 111 174 44 86 114 145 236 222 110 2 244 83 21 105 4 101 0 243 95 101 0 243 95 101 0 243 95 101 0 243 95 101 0 243 95 101 0 243 95 101 0 243 95 101 0 243 95 
193 147 68 13 193 147 68 13 193 147 68 13 193 147 68 13 193 147 68 13 193 147 68 13 85 44 14 42 135 0 46 122 134 219 169 46 4 169 163 253 148 206 117 40 53 78 221 25 71 98 140 251 249 98 59 75 244 145 88 37 188 48 181 146 114 158 111 80 150 117 25 165 146 3 196 125 191 136 206 179 188 177 44 177 105 42 113 177 214 125 79 10 157 70 59 170 193 147 68 13 193 147 68 13 193 147 68 13 193 147 68 13 193 147 68 13 193 147 68 13 193 147 68 13 193 147 68 13 
87 103 105 200 87 103 105 200 87 103 105 200 87 103 105 200 87 103 105 200 87 103 105 200 87 103 105 200 87 103 105 200 188 14 10 162 219 80 100 18 155 33 26 185 35 224 142 113 1 186 147 170 220 20 101 247 205 22 158 199 34 249 37 32 121 208 80 27 134 89 36 47 13 92 148 228 176 52 98 186 142 119 39 6 124 254 149 213 181 176 2 13 113 97 125 95 87 103 105 200 87 103 105 200 87 103 105 200 87 103 105 200 87 103 105 200 87 103 105 200 87 103 105 200 87 103 105 200 
67 183 128 52 67 183 128 52 67 183 128 52 67 183 128 52 67 183 128 52 67 183 128 52 67 183 128 52 67 183 128 52 132 237 131 221 91 159 90 37 12 227 236 114 15 87 213 111 148 247 241 177 34 231 221 9 89 187 22 108 238 59 149 46 19 124 213 154 11 68 117 218 220 128 78 30 113 251 50 190 215 251 71 75 26 166 219 146 153 9 7 232 164 80 239 150 67 183 128 52 67 183 128 52 67 183 128 52 67 183 128 52 67 183 128 52 67 183 128 52 67 183 128 52 67 183 128 52 
101 0 243 95 101 0 243 95 101 0 243 95 101 0 243 95 101 0 243 95 101 0 243 95 101 0 243 95 101 0 243 95 249 215 161 120 152 214 186 142 163 52 74 27 41 146 173 120 70 111 154 120 27 198 169 109 137 44 144 145 188 3 65 159 250 2 181 214 14 118 86 111 241 175 117 44 60 136 140 77 99 102 210 126 113 237 206 102 233 67 220 108 124 142 239 55 101 0 243 95 101 0 243 95 101 0 243 95 101 0 243 95 101 0 243 95 101 0 243 95 101 0 243 95 101 0 243 95 
193 147 68 13 193 147 68 13 193 147 68 13 193 147 68 13 193 147 68 13 193 147 68 13 193 147 68 13 193 147 68 13 155 241 226 92 96 96 103 194 20 158 89 8 111 33 173 3 11 160 3 85 29 72 68 65 62 61 83 94 132 147 7 171 251 96 8 189 94 147 130 51 144 194 166 87 201 112 119 147 219 195 90 202 185 160 104 241 121 183 94 136 66 177 245 251 193 147 68 13 193 147 68 13 193 147 68 13 193 147 68 13 193 147 68 13 193 147 68 13 193 147 68 13 193 147 68 13 
87 103 105 200 87 103 105 200 87 103 105 200 87 103 105 200 87 103 105 200 87 103 105 200 87 103 105 200 87 103 105 200 131 170 33 50 169 214 97 44 201 6 117 108 80 90 54 202 71 142 29 223 74 47 235 196 233 183 33 51 60 25 69 61 243 9 162 35 157 220 50 227 157 22 87 42 72 217 223 196 249 83 37 26 136 218 238 117 177 145 216 241 17 148 137 3 87 103 105 200 87 103 105 200 87 103 105 200 87 103 105 200 87 103 105 200 87 103 105 200 87 103 105 200 87 103 105 200 
67 183 128 52 67 183 128 52 67 183 128 52 67 183 128 52 67 183 128 52 67 183 128 52 67 183 128 52 67 183 128 52 139 197 123 161 48 78 162 202 163 216 234 100 233 43 115 115 215 110 208 160 2 207 168 28 218 221 125 244 237 39 58 177 207 29 84 178 186 172 227 241 48 63 212 154 45 110 118 118 175 141 18 156 77 8 217 225 85 15 1 241 197 171 235 131 67 183 128 52 67 183 128 52 67 183 128 52 67 183 128 52 67 183 128 52 67 183 128 52 67 183 128 52 67 183 128 52 
101 0 243 95 101 0 243 95 101 0 243 95 101 0 243 95 101 0 243 95 101 0 243 95 101 0 243 95 101 0 243 95 118 210 7 93 146 159 104 4 208 7 124 78 224 50 143 35 137 207 166 93 86 132 89 235 26 238 233 118 185 235 122 216 115 205 1 176 236 179 237 236 124 241 212 11 142 85 3 250 158 198 166 63 103 140 49 28 199 92 35 85 63 253 172 240 101 0 243 95 101 0 243 95 101 0 243 95 101 0 243 95 101 0 243 95 101 0 243 95 101 0 243 95 101 0 243 95 
193 147 68 13 193 147 68 13 193 147 68 13 193 147 68 13 193 147 68 13 193 147 68 13 193 147 68 13 193 147 68 13 90 228 42 40 120 45 209 84 118 38 66 103 95 98 86 101 46 122 161 56 20 9 116 76 164 147 209 211 68 91 88 231 96 53 82 225 108 122 92 246 78 94 155 60 17 27 237 242 63 25 200 187 79 38 172 200 234 158 28 60 111 99 238 31 193 147 68 13 193 147 68 13 193 147 68 13 193 147 68 13 193 147 68 13 193 147 68 13 193 147 68 13 193 147 68 13 
