91 91 91 91 91 91 91 91 91 91 91 91 91 91 91 91 91 91 91 91 91 91 91 91 91 91 91 91 91 91 91 91 91 91 91 91 91 91 91 91 91 91 91 91 91 91 91 91 91 91 91 91 91 91 91 91 125 133 19 251 1 67 36 208 204 220 50 221 179 207 23 226 25 239 176 133 235 45 52 113 248 137 249 37 144 56 23 77 91 91 91 91 91 91 91 91 91 91 91 91 91 91 91 91 91 91 91 91 91 91 91 91 91 91 91 91 91 91 91 91 91 91 91 91 91 91 91 91 
72 72 72 72 72 72 72 72 72 72 72 72 72 72 72 72 72 72 72 72 72 72 72 72 72 72 72 72 72 72 72 72 72 72 72 72 72 72 72 72 72 72 72 72 72 72 72 72 72 72 72 72 72 72 72 72 239 21 246 173 65 47 160 248 124 17 5 56 137 86 180 6 252 171 160 20 51 47 85 114 223 121 139 12 156 162 104 7 72 72 72 72 72 72 72 72 72 72 72 72 72 72 72 72 72 72 72 72 72 72 72 72 72 72 72 72 72 72 72 72 72 72 72 72 72 72 72 72 
62 62 62 62 62 62 62 62 62 62 62 62 62 62 62 62 62 62 62 62 62 62 62 62 62 62 62 62 62 62 62 62 62 62 62 62 62 62 62 62 62 62 62 62 62 62 62 62 62 62 62 62 62 62 62 62 8 50 112 239 191 141 38 194 95 191 119 118 101 208 253 37 238 121 232 178 2 220 121 139 182 159 130 124 44 254 25 5 62 62 62 62 62 62 62 62 62 62 62 62 62 62 62 62 62 62 62 62 62 62 62 62 62 62 62 62 62 62 62 62 62 62 62 62 62 62 62 62 
48 48 48 48 48 48 48 48 48 48 48 48 48 48 48 48 48 48 48 48 48 48 48 48 48 48 48 48 48 48 48 48 48 48 48 48 48 48 48 48 48 48 48 48 48 48 48 48 48 48 48 48 48 48 48 48 44 114 45 20 44 28 206 182 120 187 143 149 248 150 23 225 201 47 51 109 214 91 245 86 100 8 205 103 91 171 191 135 48 48 48 48 48 48 48 48 48 48 48 48 48 48 48 48 48 48 48 48 48 48 48 48 48 48 48 48 48 48 48 48 48 48 48 48 48 48 48 48 
142 142 142 142 142 142 142 142 142 142 142 142 142 142 142 142 142 142 142 142 142 142 142 142 142 142 142 142 142 142 142 142 142 142 142 142 142 142 142 142 142 142 142 142 142 142 142 142 142 142 142 142 142 142 142 142 21 16 129 226 15 200 42 70 191 164 151 135 182 140 175 228 142 138 178 248 20 174 216 233 33 252 15 223 187 19 222 39 142 142 142 142 142 142 142 142 142 142 142 142 142 142 142 142 142 142 142 142 142 142 142 142 142 142 142 142 142 142 142 142 142 142 142 142 142 142 142 142 
127 127 127 127 127 127 127 127 127 127 127 127 127 127 127 127 127 127 127 127 127 127 127 127 127 127 127 127 127 127 127 127 127 127 127 127 127 127 127 127 127 127 127 127 127 127 127 127 127 127 127 127 127 127 127 127 65 135 133 218 21 49 88 94 102 246 25 252 95 249 105 241 188 114 221 108 24 88 152 63 148 44 22 68 87 175 226 45 127 127 127 127 127 127 127 127 127 127 127 127 127 127 127 127 127 127 127 127 127 127 127 127 127 127 127 127 127 127 127 127 127 127 127 127 127 127 127 127 
177 177 177 177 177 177 177 177 177 177 177 177 177 177 177 177 177 177 177 177 177 177 177 177 177 177 177 177 177 177 177 177 177 177 177 177 177 177 177 177 177 177 177 177 177 177 177 177 177 177 177 177 177 177 177 177 236 219 93 182 168 153 246 45 100 107 210 184 167 149 175 156 144 162 35 52 19 45 189 38 42 164 237 5 86 57 219 74 177 177 177 177 177 177 177 177 177 177 177 177 177 177 177 177 177 177 177 177 177 177 177 177 177 177 177 177 177 177 177 177 177 177 177 177 177 177 177 177 
194 194 194 194 194 194 194 194 194 194 194 194 194 194 194 194 194 194 194 194 194 194 194 194 194 194 194 194 194 194 194 194 194 194 194 194 194 194 194 194 194 194 194 194 194 194 194 194 194 194 194 194 194 194 194 194 29 209 94 194 56 186 57 77 76 181 13 141 179 35 46 51 252 22 255 28 160 5 195 185 72 205 149 64 97 177 177 210 194 194 194 194 194 194 194 194 194 194 194 194 194 194 194 194 194 194 194 194 194 194 194 194 194 194 194 194 194 194 194 194 194 194 194 194 194 194 194 194 
137 137 137 137 137 137 137 137 137 137 137 137 137 137 137 137 137 137 137 137 137 137 137 137 137 137 137 137 137 137 137 137 137 137 137 137 137 137 137 137 137 137 137 137 137 137 137 137 137 137 137 137 137 137 137 137 188 67 79 2 174 207 112 129 202 131 139 0 13 4 37 93 98 108 218 21 68 139 194 49 175 236 128 197 187 32 181 137 137 137 137 137 137 137 137 137 137 137 137 137 137 137 137 137 137 137 137 137 137 137 137 137 137 137 137 137 137 137 137 137 137 137 137 137 137 137 137 137 
209 209 209 209 209 209 209 209 209 209 209 209 209 209 209 209 209 209 209 209 209 209 209 209 209 209 209 209 209 209 209 209 209 209 209 209 209 209 209 209 209 209 209 209 209 209 209 209 209 209 209 209 209 209 209 209 30 79 87 14 174 91 251 108 140 87 239 15 129 151 243 73 85 127 2 171 200 18 170 41 64 15 250 75 131 198 87 86 209 209 209 209 209 209 209 209 209 209 209 209 209 209 209 209 209 209 209 209 209 209 209 209 209 209 209 209 209 209 209 209 209 209 209 209 209 209 209 209 
212 212 212 212 212 212 212 212 212 212 212 212 212 212 212 212 212 212 212 212 212 212 212 212 212 212 212 212 212 212 212 212 212 212 212 212 212 212 212 212 212 212 212 212 212 212 212 212 212 212 212 212 212 212 212 212 51 43 25 225 58 72 5 239 158 10 8 24 117 38 128 225 117 33 177 115 214 156 147 39 148 51 34 43 146 57 75 217 212 212 212 212 212 212 212 212 212 212 212 212 212 212 212 212 212 212 212 212 212 212 212 212 212 212 212 212 212 212 212 212 212 212 212 212 212 212 212 212 
27 27 27 27 27 27 27 27 27 27 27 27 27 27 27 27 27 27 27 27 27 27 27 27 27 27 27 27 27 27 27 27 27 27 27 27 27 27 27 27 27 27 27 27 27 27 27 27 27 27 27 27 27 27 27 27 177 124 52 106 46 74 5 2 102 240 242 89 51 208 123 161 11 216 73 99 121 19 204 11 125 63 135 141 84 16 243 47 27 27 27 27 27 27 27 27 27 27 27 27 27 27 27 27 27 27 27 27 27 27 27 27 27 27 27 27 27 27 27 27 27 27 27 27 27 27 27 27 
207 207 207 207 207 207 207 207 207 207 207 207 207 207 207 207 207 207 207 207 207 207 207 207 207 207 207 207 207 207 207 207 207 207 207 207 207 207 207 207 207 207 207 207 207 207 207 207 207 207 207 207 207 207 207 207 81 90 198 200 6 213 32 236 152 181 251 24 223 201 15 186 98 249 26 87 73 169 18 36 204 77 127 172 212 3 87 142 207 207 207 207 207 207 207 207 207 207 207 207 207 207 207 207 207 207 207 207 207 207 207 207 207 207 207 207 207 207 207 207 207 207 207 207 207 207 207 207 
236 236 236 236 236 236 236 236 236 236 236 236 236 236 236 236 236 236 236 236 236 236 236 236 236 236 236 236 236 236 236 236 236 236 236 236 236 236 236 236 236 236 236 236 236 236 236 236 236 236 236 236 236 236 236 236 159 12 81 226 57 63 106 95 6 29 151 7 38 9 121 112 80 137 94 0 144 46 157 4 248 169 107 64 188 18 166 82 236 236 236 236 236 236 236 236 236 236 236 236 236 236 236 236 236 236 236 236 236 236 236 236 236 236 236 236 236 236 236 236 236 236 236 236 236 236 236 236 
191 191 191 191 191 191 191 191 191 191 191 191 191 191 191 191 191 191 191 191 191 191 191 191 191 191 191 191 191 191 191 191 191 191 191 191 191 191 191 191 191 191 191 191 191 191 191 191 191 191 191 191 191 191 191 191 211 96 53 158 12 109 134 49 27 35 164 189 176 74 176 254 52 35 165 13 212 109 54 26 12 201 7 224 245 238 245 26 191 191 191 191 191 191 191 191 191 191 191 191 191 191 191 191 191 191 191 191 191 191 191 191 191 191 191 191 191 191 191 191 191 191 191 191 191 191 191 191 
1 1 1 1 1 1 1 1 1 1 1 1 1 1 1 1 1 1 1 1 1 1 1 1 1 1 1 1 1 1 1 1 1 1 1 1 1 1 1 1 1 1 1 1 1 1 1 1 1 1 1 1 1 1 1 1 237 62 102 156 158 94 187 4 194 111 65 156 159 5 246 109 148 35 23 92 27 246 26 183 21 7 67 190 21 23 180 145 1 1 1 1 1 1 1 1 1 1 1 1 1 1 1 1 1 1 1 1 1 1 1 1 1 1 1 1 1 1 1 1 1 1 1 1 1 1 1 1 
91 91 91 91 91 91 91 91 91 91 91 91 91 91 91 91 91 91 91 91 91 91 91 91 91 91 91 91 91 91 91 91 91 91 91 91 91 91 91 91 91 91 91 91 91 91 91 91 19 60 84 49 171 240 9 83 180 19 87 60 251 94 239 111 55 249 87 152 205 199 250 136 253 144 164 242 190 200 39 200 218 142 168 227 110 134 228 217 163 3 239 202 22 54 92 86 62 42 183 30 33 226 223 34 91 91 91 91 91 91 91 91 91 91 91 91 91 91 91 91 91 91 91 91 91 91 91 91 
72 72 72 72 72 72 72 72 72 72 72 72 72 72 72 72 72 72 72 72 72 72 72 72 72 72 72 72 72 72 72 72 72 72 72 72 72 72 72 72 72 72 72 72 72 72 72 72 94 143 231 93 215 61 94 115 125 145 2 89 97 68 39 138 121 177 181 185 114 138 255 204 190 16 38 157 212 245 190 243 193 191 16 66 194 187 233 170 46 188 183 108 164 210 224 20 136 220 216 168 209 64 177 245 72 72 72 72 72 72 72 72 72 72 72 72 72 72 72 72 72 72 72 72 72 72 72 72 
62 62 62 62 62 62 62 62 62 62 62 62 62 62 62 62 62 62 62 62 62 62 62 62 62 62 62 62 62 62 62 62 62 62 62 62 62 62 62 62 62 62 62 62 62 62 62 62 139 37 106 237 90 236 45 5 76 196 171 0 48 201 163 60 38 191 180 82 161 38 214 181 71 250 106 165 180 141 20 112 149 177 81 119 6 39 129 24 126 110 80 86 227 221 44 54 38 20 62 39 182 160 91 152 62 62 62 62 62 62 62 62 62 62 62 62 62 62 62 62 62 62 62 62 62 62 62 62 
48 48 48 48 48 48 48 48 48 48 48 48 48 48 48 48 48 48 48 48 48 48 48 48 48 48 48 48 48 48 48 48 48 48 48 48 48 48 48 48 48 48 48 48 48 48 48 48 105 248 93 59 184 154 150 84 6 143 76 82 200 127 221 239 255 112 50 62 75 155 205 231 129 138 148 46 106 35 106 180 239 185 16 254 29 42 184 170 95 203 215 130 99 84 124 199 47 29 35 180 224 209 113 149 48 48 48 48 48 48 48 48 48 48 48 48 48 48 48 48 48 48 48 48 48 48 48 48 
142 142 142 142 142 142 142 142 142 142 142 142 142 142 142 142 142 142 142 142 142 142 142 142 142 142 142 142 142 142 142 142 142 142 142 142 142 142 142 142 142 142 142 142 142 142 142 142 217 184 191 34 253 124 166 25 181 91 54 112 11 67 157 187 99 191 142 125 200 19 240 101 239 73 167 146 198 141 154 210 235 35 119 87 197 95 25 101 172 220 233 205 247 206 122 12 93 116 3 4 40 56 51 153 142 142 142 142 142 142 142 142 142 142 142 142 142 142 142 142 142 142 142 142 142 142 142 142 
127 127 127 127 127 127 127 127 127 127 127 127 127 127 127 127 127 127 127 127 127 127 127 127 127 127 127 127 127 127 127 127 127 127 127 127 127 127 127 127 127 127 127 127 127 127 127 127 156 95 17 207 238 166 41 177 33 162 72 101 116 38 250 104 72 149 112 242 185 11 54 122 67 247 49 242 44 207 71 241 209 174 21 173 52 80 57 106 142 9 12 203 76 138 63 173 247 31 229 192 144 84 168 169 127 127 127 127 127 127 127 127 127 127 127 127 127 127 127 127 127 127 127 127 127 127 127 127 
177 177 177 177 177 177 177 177 177 177 177 177 177 177 177 177 177 177 177 177 177 177 177 177 177 177 177 177 177 177 177 177 177 177 177 177 177 177 177 177 177 177 177 177 177 177 177 177 189 244 47 249 22 188 127 15 67 0 195 56 151 189 22 15 44 214 59 160 82 223 139 70 236 88 194 156 222 172 237 62 80 146 96 147 77 129 50 229 188 145 82 99 155 73 68 152 70 194 126 249 251 156 216 102 177 177 177 177 177 177 177 177 177 177 177 177 177 177 177 177 177 177 177 177 177 177 177 177 
194 194 194 194 194 194 194 194 194 194 194 194 194 194 194 194 194 194 194 194 194 194 194 194 194 194 194 194 194 194 194 194 194 194 194 194 194 194 194 194 194 194 194 194 194 194 194 194 119 115 132 240 102 13 32 250 39 203 208 92 201 184 20 92 210 250 88 92 49 104 221 177 2 206 90 60 164 37 240 138 153 173 49 249 173 11 240 9 144 162 40 250 63 161 68 148 11 40 102 59 125 67 145 66 194 194 194 194 194 194 194 194 194 194 194 194 194 194 194 194 194 194 194 194 194 194 194 194 
137 137 137 137 137 137 137 137 137 137 137 137 137 137 137 137 137 137 137 137 137 137 137 137 137 137 137 137 137 137 137 137 137 137 137 137 137 137 137 137 137 137 137 137 137 137 137 137 102 230 97 118 153 58 174 83 3 110 111 45 234 20 217 70 66 115 10 49 190 43 177 231 182 221 224 122 40 165 207 45 70 146 252 183 46 108 67 119 99 224 194 22 161 84 127 106 124 90 26 68 63 207 53 108 137 137 137 137 137 137 137 137 137 137 137 137 137 137 137 137 137 137 137 137 137 137 137 137 
209 209 209 209 209 209 209 209 209 209 209 209 209 209 209 209 209 209 209 209 209 209 209 209 209 209 209 209 209 209 209 209 209 209 209 209 209 209 209 209 209 209 209 209 209 209 209 209 248 36 53 168 6 39 116 91 101 45 128 113 57 27 138 26 130 159 122 187 0 213 70 20 80 94 211 169 177 245 158 92 221 27 149 22 132 230 217 236 164 89 120 130 207 108 244 1 71 17 76 250 175 214 186 104 209 209 209 209 209 209 209 209 209 209 209 209 209 209 209 209 209 209 209 209 209 209 209 209 
212 212 212 212 212 212 212 212 212 212 212 212 212 212 212 212 212 212 212 212 212 212 212 212 212 212 212 212 212 212 212 212 212 212 212 212 212 212 212 212 212 212 212 212 212 212 212 212 147 108 102 108 177 57 206 37 104 255 179 121 232 12 250 240 254 216 145 172 63 62 211 79 22 195 7 98 11 53 131 244 107 215 51 171 220 131 86 101 122 6 16 218 16 227 98 158 91 4 220 253 157 64 21 179 212 212 212 212 212 212 212 212 212 212 212 212 212 212 212 212 212 212 212 212 212 212 212 212 
27 27 27 27 27 27 27 27 27 27 27 27 27 27 27 27 27 27 27 27 27 27 27 27 27 27 27 27 27 27 27 27 27 27 27 27 27 27 27 27 27 27 27 27 27 27 27 27 159 51 89 45 195 28 83 236 121 165 38 251 242 47 224 137 252 179 191 86 16 51 105 217 106 95 225 41 2 133 84 158 144 111 122 138 55 5 55 91 199 165 75 5 48 206 234 244 159 185 83 203 22 146 138 101 27 27 27 27 27 27 27 27 27 27 27 27 27 27 27 27 27 27 27 27 27 27 27 27 
207 207 207 207 207 207 207 207 207 207 207 207 207 207 207 207 207 207 207 207 207 207 207 207 207 207 207 207 207 207 207 207 207 207 207 207 207 207 207 207 207 207 207 207 207 207 207 207 110 236 39 134 239 144 248 110 222 220 51 173 219 168 112 53 62 115 72 172 24 141 249 247 42 156 195 152 35 211 113 244 67 146 151 178 46 219 203 115 68 86 124 69 4 175 84 191 6 68 116 129 187 41 201 52 207 207 207 207 207 207 207 207 207 207 207 207 207 207 207 207 207 207 207 207 207 207 207 207 
236 236 236 236 236 236 236 236 236 236 236 236 236 236 236 236 236 236 236 236 236 236 236 236 236 236 236 236 236 236 236 236 236 236 236 236 236 236 236 236 236 236 236 236 236 236 236 236 143 211 193 84 224 146 50 22 9 151 193 26 140 214 124 163 45 27 36 176 42 199 147 156 223 48 37 169 48 65 182 99 98 158 200 222 70 110 87 86 69 194 97 22 188 215 246 13 204 200 138 197 227 160 47 153 236 236 236 236 236 236 236 236 236 236 236 236 236 236 236 236 236 236 236 236 236 236 236 236 
191 191 191 191 191 191 191 191 191 191 191 191 191 191 191 191 191 191 191 191 191 191 191 191 191 191 191 191 191 191 191 191 191 191 191 191 191 191 191 191 191 191 191 191 191 191 191 191 74 24 147 5 109 191 92 117 24 71 248 228 84 190 102 96 154 34 139 155 244 39 226 141 188 52 133 73 72 7 18 148 73 224 164 149 148 122 132 150 129 243 195 225 191 161 52 117 237 171 141 163 248 173 87 107 191 191 191 191 191 191 191 191 191 191 191 191 191 191 191 191 191 191 191 191 191 191 191 191 
1 1 1 1 1 1 1 1 1 1 1 1 1 1 1 1 1 1 1 1 1 1 1 1 1 1 1 1 1 1 1 1 1 1 1 1 1 1 1 1 1 1 1 1 1 1 1 1 40 251 115 243 187 237 58 226 93 113 130 228 52 192 14 124 99 113 182 20 61 235 151 115 140 101 42 178 24 67 49 33 114 135 231 37 27 136 178 249 237 248 235 7 92 18 87 69 108 190 58 131 198 68 235 39 1 1 1 1 1 1 1 1 1 1 1 1 1 1 1 1 1 1 1 1 1 1 1 1 
91 91 91 91 91 91 91 91 91 91 91 91 91 91 91 91 100 237 106 34 27 249 229 88 69 43 240 119 239 151 53 76 18 188 123 11 236 212 41 13 120 145 4 124 79 202 40 28 28 188 126 128 125 200 116 111 104 243 123 214 135 253 222 5 105 9 138 99 34 24 200 91 244 8 76 27 214 60 83 133 33 129 112 225 14 73 43 2 122 15 65 195 56 115 56 30 152 101 209 212 7 19 82 140 137 224 203 217 101 106 139 230 91 91 91 91 91 91 91 91 91 91 91 91 91 91 91 91 
72 72 72 72 72 72 72 72 72 72 72 72 72 72 72 72 47 48 29 93 37 78 106 107 123 146 162 20 131 35 170 219 125 9 19 181 32 237 199 144 135 76 215 37 131 88 127 97 128 178 152 49 218 103 148 20 169 155 122 121 82 219 218 14 54 190 102 94 215 30 199 99 193 72 160 238 1 96 131 89 69 100 6 45 246 164 45 93 40 23 65 65 228 118 150 225 48 255 233 218 225 159 68 235 161 223 140 35 6 132 28 184 72 72 72 72 72 72 72 72 72 72 72 72 72 72 72 72 
62 62 62 62 62 62 62 62 62 62 62 62 62 62 62 62 193 7 26 177 62 5 155 145 38 237 71 60 125 88 254 34 103 30 147 220 41 87 32 93 228 4 40 110 251 207 149 188 123 229 178 119 88 65 118 31 91 236 161 127 180 196 187 32 90 87 19 218 116 43 190 96 97 49 4 130 182 100 171 60 17 158 193 43 54 1 57 167 104 217 240 153 234 69 23 36 124 159 210 117 71 182 88 189 33 146 195 33 244 242 97 212 62 62 62 62 62 62 62 62 62 62 62 62 62 62 62 62 
48 48 48 48 48 48 48 48 48 48 48 48 48 48 48 48 196 213 111 125 145 210 31 228 211 200 142 72 38 126 96 69 109 226 150 65 124 201 21 148 128 152 210 96 250 202 139 46 247 151 241 66 233 152 87 225 187 205 251 168 167 128 32 97 4 91 131 99 70 62 169 241 52 48 27 214 144 145 138 223 39 131 73 128 213 190 43 154 19 94 118 108 5 100 84 223 119 109 111 156 48 6 247 47 239 110 125 224 226 198 57 158 48 48 48 48 48 48 48 48 48 48 48 48 48 48 48 48 
142 142 142 142 142 142 142 142 142 142 142 142 142 142 142 142 137 243 226 79 226 253 127 10 211 45 88 2 66 194 51 57 87 137 89 12 239 168 188 103 54 12 46 154 65 98 169 155 222 149 21 0 60 142 49 96 201 105 250 190 0 16 164 32 201 247 112 246 251 193 25 49 149 190 134 138 91 184 128 251 78 222 45 99 85 9 41 4 44 87 244 116 236 245 185 48 82 253 241 86 47 68 253 90 190 221 245 227 160 61 68 131 142 142 142 142 142 142 142 142 142 142 142 142 142 142 142 142 
127 127 127 127 127 127 127 127 127 127 127 127 127 127 127 127 255 119 117 46 252 195 6 112 244 83 103 213 222 122 218 68 190 59 65 171 79 235 232 77 136 98 25 191 232 4 141 251 66 38 210 58 84 60 110 16 49 92 182 217 160 166 82 79 19 97 53 229 126 217 229 194 231 85 7 179 80 3 124 13 11 176 36 167 47 147 156 165 152 59 223 45 53 154 186 173 179 19 48 145 41 51 77 87 227 70 210 27 230 165 244 22 127 127 127 127 127 127 127 127 127 127 127 127 127 127 127 127 
177 177 177 177 177 177 177 177 177 177 177 177 177 177 177 177 244 185 56 251 15 79 116 12 135 78 215 35 39 110 162 246 35 67 96 248 253 90 107 29 51 112 105 159 223 246 133 155 90 94 205 178 188 136 165 124 5 107 174 34 75 146 167 124 131 73 182 42 22 195 250 136 7 79 226 26 144 159 81 53 143 224 153 107 117 49 59 75 91 119 206 149 101 122 7 81 238 210 61 92 4 63 166 218 74 85 88 128 30 16 249 233 177 177 177 177 177 177 177 177 177 177 177 177 177 177 177 177 
194 194 194 194 194 194 194 194 194 194 194 194 194 194 194 194 95 86 238 74 122 20 238 44 97 186 114 93 7 179 159 24 183 31 15 30 157 113 180 207 149 255 168 102 158 206 248 178 200 199 112 56 116 226 41 169 245 167 169 3 80 30 133 136 20 33 69 84 19 215 147 158 63 72 86 162 59 132 37 63 119 64 27 70 184 247 160 184 157 119 170 153 59 64 22 56 53 14 196 50 122 243 126 238 218 225 51 69 239 207 112 95 194 194 194 194 194 194 194 194 194 194 194 194 194 194 194 194 
137 137 137 137 137 137 137 137 137 137 137 137 137 137 137 137 217 2 226 213 82 164 232 240 32 177 96 115 124 43 74 108 88 32 187 42 180 148 82 11 82 109 60 119 83 161 173 91 9 254 200 67 69 150 145 83 130 14 37 35 51 67 98 238 59 117 13 107 204 220 195 200 182 24 21 85 149 13 228 231 236 184 238 40 209 115 123 34 249 134 40 178 41 246 146 203 251 81 213 97 44 194 96 184 47 12 19 162 68 247 189 245 137 137 137 137 137 137 137 137 137 137 137 137 137 137 137 137 
209 209 209 209 209 209 209 209 209 209 209 209 209 209 209 209 62 234 249 115 82 208 134 84 109 1 85 56 210 53 33 213 165 30 91 140 193 155 224 103 149 16 1 68 150 0 66 136 13 186 102 3 121 73 218 245 39 136 29 118 27 0 237 211 137 218 53 225 105 154 32 38 145 22 176 223 18 91 185 83 161 196 115 34 59 247 4 128 135 205 3 121 147 54 143 9 187 3 1 248 59 36 94 247 159 125 40 156 113 105 167 156 209 209 209 209 209 209 209 209 209 209 209 209 209 209 209 209 
212 212 212 212 212 212 212 212 212 212 212 212 212 212 212 212 145 20 126 147 162 230 92 204 161 46 34 228 238 172 28 19 225 231 38 204 162 42 156 80 80 89 16 255 47 192 165 127 199 194 141 22 153 48 44 241 69 47 65 198 216 243 182 66 19 116 135 251 137 122 0 7 189 124 116 179 135 179 52 35 85 72 239 173 41 19 163 4 72 141 243 23 70 182 112 51 56 97 89 145 246 128 82 190 253 219 44 114 96 11 159 185 212 212 212 212 212 212 212 212 212 212 212 212 212 212 212 212 
27 27 27 27 27 27 27 27 27 27 27 27 27 27 27 27 161 255 248 255 10 250 241 72 107 213 81 118 136 200 143 123 57 63 189 169 204 200 20 198 54 89 206 208 138 75 232 229 228 185 134 56 23 30 16 10 182 125 12 200 160 165 161 149 60 212 182 181 131 28 9 22 246 244 248 140 42 175 77 230 108 88 181 143 225 140 254 66 113 235 47 83 189 227 48 79 188 58 122 106 181 123 223 195 155 14 106 210 45 128 166 242 27 27 27 27 27 27 27 27 27 27 27 27 27 27 27 27 
207 207 207 207 207 207 207 207 207 207 207 207 207 207 207 207 76 37 28 67 197 3 195 67 247 207 78 78 242 149 25 224 231 242 148 22 45 59 176 100 97 84 93 225 67 37 255 18 138 135 163 152 204 42 72 78 160 129 51 32 207 248 43 32 224 171 197 76 222 32 252 201 244 30 189 27 93 205 249 15 238 31 169 67 250 161 143 36 56 140 55 63 245 175 82 127 51 157 64 47 123 223 228 19 117 6 170 194 127 102 188 216 207 207 207 207 207 207 207 207 207 207 207 207 207 207 207 207 
236 236 236 236 236 236 236 236 236 236 236 236 236 236 236 236 235 175 200 194 119 5 150 156 206 56 87 1 127 92 185 21 147 99 132 12 186 33 238 122 18 236 147 47 78 254 200 62 192 224 200 150 182 75 253 110 111 53 27 217 121 101 16 140 238 28 249 27 230 52 231 31 195 214 85 43 12 51 198 202 55 158 224 181 230 242 142 162 114 244 182 61 128 228 218 180 59 127 146 55 226 203 93 76 96 44 207 76 248 201 169 62 236 236 236 236 236 236 236 236 236 236 236 236 236 236 236 236 
191 191 191 191 191 191 191 191 191 191 191 191 191 191 191 191 232 174 215 44 190 92 121 50 69 17 18 32 249 215 231 193 216 168 41 235 36 79 20 128 116 54 220 3 18 84 75 9 113 62 91 180 108 165 65 85 76 168 69 64 82 9 216 160 124 46 101 248 252 188 37 246 211 112 52 46 26 162 178 17 55 20 122 67 15 58 234 8 50 236 24 13 118 85 248 200 172 163 120 79 59 170 41 253 55 200 53 188 219 171 51 44 191 191 191 191 191 191 191 191 191 191 191 191 191 191 191 191 
1 1 1 1 1 1 1 1 1 1 1 1 1 1 1 1 186 31 188 190 235 218 159 44 165 132 185 174 224 4 38 235 169 174 38 136 9 47 179 213 51 118 41 131 96 137 109 167 19 55 167 192 30 118 60 21 114 181 17 2 144 31 7 94 144 189 142 122 110 189 135 225 77 117 199 117 63 32 251 116 205 58 9 96 130 136 55 154 160 57 78 86 10 63 4 38 167 20 68 22 200 37 249 183 113 8 190 213 163 253 249 105 1 1 1 1 1 1 1 1 1 1 1 1 1 1 1 1 
91 91 91 91 91 91 91 91 112 87 205 99 245 157 235 77 202 71 229 24 42 84 68 78 159 95 54 203 207 226 191 139 239 84 63 144 247 205 227 198 208 159 220 162 128 210 46 202 31 107 69 246 32 103 179 192 253 53 159 101 127 46 156 84 241 36 144 18 3 16 54 131 98 0 24 210 251 11 181 222 231 85 142 110 86 163 221 146 250 215 146 241 54 115 159 231 51 33 222 150 20 11 207 111 55 54 191 201 195 81 120 121 91 91 91 91 91 91 91 91 91 91 91 91 91 91 91 91 
72 72 72 72 72 72 72 72 188 111 23 206 43 115 164 198 187 3 59 196 201 183 84 10 17 70 255 168 184 202 195 166 131 104 170 130 204 143 64 74 52 162 3 232 3 162 233 140 228 8 150 56 23 139 37 196 177 129 126 25 188 147 235 125 32 87 174 94 56 49 60 32 112 15 168 130 251 50 235 155 220 58 126 76 248 73 88 18 148 57 94 224 181 52 167 230 53 147 106 11 96 200 79 20 65 238 214 137 196 225 82 93 72 72 72 72 72 72 72 72 72 72 72 72 72 72 72 72 
62 62 62 62 62 62 62 62 29 43 11 143 23 191 201 144 183 118 189 214 21 57 82 60 154 159 78 92 44 51 6 2 242 115 133 170 197 49 202 73 232 106 252 73 31 110 24 187 93 139 164 118 168 155 62 13 98 91 111 47 43 153 250 49 87 22 19 231 63 201 6 6 238 92 172 225 15 128 160 98 128 25 34 189 106 28 161 41 123 112 217 240 31 64 197 89 81 48 119 136 209 65 162 161 205 88 133 75 22 103 4 143 62 62 62 62 62 62 62 62 62 62 62 62 62 62 62 62 
48 48 48 48 48 48 48 48 41 170 136 225 167 185 70 212 144 253 199 235 113 21 19 73 120 76 196 216 224 250 70 128 5 168 12 236 45 36 228 37 104 137 23 119 193 253 21 173 145 241 197 77 49 162 146 1 48 21 216 4 0 39 23 43 54 165 80 83 42 224 58 133 34 32 72 32 111 189 140 100 108 25 68 62 86 126 168 22 71 126 213 240 123 180 75 23 90 169 244 73 119 246 247 55 26 49 38 77 77 80 109 142 48 48 48 48 48 48 48 48 48 48 48 48 48 48 48 48 
142 142 142 142 142 142 142 142 159 100 249 14 185 150 70 131 173 232 189 155 45 113 188 89 189 201 198 96 193 48 241 121 66 135 118 50 199 15 114 65 247 243 185 41 52 243 220 221 195 148 60 98 197 21 24 17 246 38 193 77 199 19 85 240 127 182 154 213 52 58 242 141 218 30 95 227 174 84 134 47 69 227 44 232 174 159 78 123 248 129 23 13 88 22 112 52 146 222 255 22 77 241 79 140 170 56 137 216 90 18 103 27 142 142 142 142 142 142 142 142 142 142 142 142 142 142 142 142 
127 127 127 127 127 127 127 127 18 251 107 56 16 209 60 191 57 33 96 219 49 35 63 223 105 152 162 103 112 182 3 50 246 210 56 14 6 92 14 25 70 80 242 20 178 0 18 69 176 133 46 131 163 185 23 62 209 214 124 144 119 253 190 69 146 144 7 234 209 48 4 26 194 160 2 142 125 202 215 178 255 7 51 166 144 220 75 7 6 51 165 79 255 137 67 135 158 50 127 207 119 96 34 209 134 88 231 254 237 226 173 126 127 127 127 127 127 127 127 127 127 127 127 127 127 127 127 127 
177 177 177 177 177 177 177 177 86 139 168 95 36 77 71 250 235 164 175 192 156 91 161 154 49 66 121 187 108 247 17 232 93 25 252 190 141 81 94 7 160 153 118 231 103 116 213 102 3 54 193 83 64 161 94 181 105 147 104 53 110 165 51 20 235 89 186 44 125 151 235 73 13 62 199 21 107 23 93 220 24 134 226 94 102 158 19 174 27 243 189 196 246 186 195 88 66 231 249 194 159 136 189 164 61 33 240 242 171 229 189 86 177 177 177 177 177 177 177 177 177 177 177 177 177 177 177 177 
194 194 194 194 194 194 194 194 134 227 131 174 87 248 20 169 151 6 105 96 227 27 50 103 163 220 112 110 247 217 58 49 125 107 217 38 214 98 236 238 64 151 192 124 202 155 235 160 57 91 35 198 171 126 14 219 85 218 141 248 60 41 55 43 127 26 203 147 195 103 139 108 148 89 126 149 206 46 30 131 221 190 41 228 60 29 33 46 187 58 180 110 206 127 44 254 125 188 9 115 125 98 212 152 70 234 2 22 183 93 32 54 194 194 194 194 194 194 194 194 194 194 194 194 194 194 194 194 
137 137 137 137 137 137 137 137 227 28 199 107 32 23 26 165 97 86 210 185 93 157 213 213 23 9 31 242 84 135 95 160 132 18 100 171 78 175 57 252 19 133 122 6 136 177 42 6 170 66 18 238 40 145 234 131 238 238 42 197 49 78 220 112 247 77 100 233 88 137 175 106 183 234 210 82 52 232 181 86 82 115 25 133 106 162 182 207 157 73 219 98 254 210 2 143 23 150 233 11 209 108 45 28 134 211 247 81 241 102 111 53 137 137 137 137 137 137 137 137 137 137 137 137 137 137 137 137 
209 209 209 209 209 209 209 209 221 3 87 44 223 50 214 186 202 236 193 200 178 70 231 137 214 68 207 171 125 151 50 214 16 78 34 124 92 192 237 189 255 229 160 99 226 228 117 67 95 8 246 214 149 10 117 192 45 220 117 130 116 198 147 221 68 109 104 174 177 95 136 158 26 198 229 29 202 145 170 131 169 255 66 228 200 96 135 46 176 177 189 118 27 18 171 235 90 5 131 24 108 34 102 59 10 14 157 209 70 81 158 168 209 209 209 209 209 209 209 209 209 209 209 209 209 209 209 209 
212 212 212 212 212 212 212 212 235 85 62 28 243 28 29 222 148 213 187 209 97 0 254 13 204 178 111 173 162 207 41 60 67 243 75 154 133 117 249 118 205 253 220 44 39 65 26 21 157 204 127 14 158 153 128 145 115 229 202 118 77 22 78 201 134 125 94 50 252 33 170 125 109 142 164 97 188 167 211 102 99 223 101 154 64 182 222 162 14 213 77 25 139 177 141 220 168 140 65 88 171 32 148 58 74 1 84 44 123 105 105 106 212 212 212 212 212 212 212 212 212 212 212 212 212 212 212 212 
27 27 27 27 27 27 27 27 222 141 212 134 100 47 101 93 38 136 174 89 149 199 45 213 136 119 76 174 116 22 193 130 227 36 16 90 226 209 151 105 175 47 4 82 82 228 40 155 71 45 239 86 161 162 142 126 138 184 56 253 193 169 28 231 136 219 118 36 61 254 94 157 173 136 0 99 59 226 6 27 3 250 23 94 11 207 164 195 29 186 89 199 60 120 43 199 218 176 20 54 70 127 92 212 97 139 225 107 95 77 29 95 27 27 27 27 27 27 27 27 27 27 27 27 27 27 27 27 
207 207 207 207 207 207 207 207 179 8 21 254 67 191 196 34 148 140 198 50 167 139 20 164 249 254 96 10 197 131 9 26 151 58 70 207 40 230 95 27 17 186 66 57 176 168 30 203 185 79 137 134 205 228 123 224 82 43 22 53 142 19 25 73 227 203 201 81 165 147 211 140 77 157 115 121 21 20 16 80 193 167 135 200 248 227 166 113 73 159 122 202 36 44 191 88 26 4 1 167 76 38 185 210 112 71 22 253 246 216 149 152 207 207 207 207 207 207 207 207 207 207 207 207 207 207 207 207 
236 236 236 236 236 236 236 236 216 175 120 235 86 188 5 134 179 243 211 158 249 57 95 168 16 207 163 238 248 68 179 202 163 136 16 106 141 168 25 10 3 107 83 189 45 203 152 251 21 253 69 242 93 234 35 46 161 145 171 12 159 208 181 247 161 5 98 183 242 98 221 254 141 255 247 59 204 41 248 70 118 15 72 151 152 233 107 124 253 223 204 41 116 28 66 90 22 144 233 62 32 182 44 108 160 199 48 75 133 188 206 96 236 236 236 236 236 236 236 236 236 236 236 236 236 236 236 236 
191 191 191 191 191 191 191 191 34 7 159 207 171 207 156 63 178 177 40 15 139 241 2 0 136 185 225 44 251 45 32 21 162 5 124 33 104 244 114 26 228 116 76 228 185 175 192 239 229 239 11 151 9 135 71 113 179 34 244 128 26 120 218 137 234 88 166 85 33 95 88 95 249 188 128 15 232 193 242 163 200 39 11 52 196 223 76 127 167 174 83 66 114 13 143 128 155 235 131 105 188 81 66 193 211 63 61 4 75 175 230 101 191 191 191 191 191 191 191 191 191 191 191 191 191 191 191 191 
1 1 1 1 1 1 1 1 136 171 22 110 100 55 151 187 33 252 6 162 196 228 64 182 32 147 47 166 43 250 213 106 61 24 127 115 7 44 202 64 209 82 40 253 105 65 247 173 179 229 227 30 237 219 206 95 11 102 84 245 192 196 185 209 114 62 238 198 254 251 109 97 94 229 90 107 144 28 40 81 244 110 203 41 47 137 187 220 28 155 238 56 200 87 121 82 62 122 98 128 55 108 159 173 104 44 253 72 147 251 184 172 1 1 1 1 1 1 1 1 1 1 1 1 1 1 1 1 
91 91 91 91 91 91 91 91 67 62 9 81 46 223 97 117 125 212 211 153 13 141 26 52 112 28 107 38 42 15 80 163 30 59 44 240 195 173 61 193 232 222 179 107 82 209 230 7 161 42 100 155 114 107 34 175 120 173 64 149 93 248 92 118 93 74 203 192 113 8 118 79 242 233 19 162 83 70 194 174 145 254 201 31 241 206 103 248 161 77 240 157 76 156 196 119 14 121 190 31 210 175 90 253 52 135 175 130 234 242 52 10 17 56 80 168 242 43 97 157 91 205 50 82 113 91 91 91 
72 72 72 72 72 72 72 72 10 229 106 244 109 122 210 106 153 96 255 162 94 220 241 42 142 31 193 167 176 182 129 105 193 144 198 38 253 22 127 184 31 3 193 195 175 230 113 140 24 187 83 7 178 23 143 205 121 239 35 163 117 171 87 64 53 79 252 104 207 230 112 177 149 202 98 209 131 198 31 91 143 156 101 48 49 12 213 204 203 117 98 234 128 1 90 170 96 75 16 15 8 250 17 210 216 71 28 137 195 44 162 80 255 37 253 221 173 74 95 179 72 108 79 226 1 72 72 72 
62 62 62 62 62 62 62 62 253 33 255 25 193 206 58 78 247 106 248 93 21 63 60 195 237 16 234 130 215 141 40 138 239 76 62 49 200 44 248 16 113 78 252 116 233 104 121 210 199 148 180 44 205 23 36 12 233 136 169 78 93 210 196 174 67 168 67 213 198 84 111 244 103 140 17 122 138 44 172 117 239 22 33 20 82 142 201 80 123 187 20 163 103 156 167 88 218 116 156 74 179 217 24 23 177 22 102 74 109 92 145 225 236 87 10 84 200 27 224 48 62 137 150 33 138 62 62 62 
48 48 48 48 48 48 48 48 231 76 187 152 191 154 254 181 71 181 24 0 80 225 94 30 116 194 182 188 162 105 172 102 51 5 62 12 233 44 99 208 193 113 238 95 150 192 79 228 165 95 179 47 32 16 97 79 12 248 254 216 40 193 202 69 106 208 196 51 25 22 90 75 81 255 224 49 101 167 20 251 97 198 212 66 176 186 182 249 72 178 229 81 177 161 59 159 148 9 93 212 124 241 107 164 226 245 15 23 248 220 65 157 49 245 62 1 0 112 250 96 48 82 124 174 96 48 48 48 
142 142 142 142 142 142 142 142 127 156 238 128 13 69 37 232 38 165 196 6 86 149 209 242 221 144 237 164 131 139 127 255 229 254 77 30 244 193 114 212 123 212 140 178 216 202 76 218 103 215 80 226 25 179 85 68 177 67 248 42 126 107 133 185 89 209 11 96 208 176 123 98 227 119 189 205 99 77 61 60 64 173 19 17 75 164 76 115 169 61 104 34 175 121 51 97 1 37 202 143 104 102 66 145 152 73 189 174 238 248 233 214 110 118 215 130 205 188 161 41 142 163 158 132 26 142 142 142 
127 127 127 127 127 127 127 127 73 40 132 70 230 23 118 152 0 158 86 144 123 35 113 231 122 18 38 10 11 216 181 6 153 139 104 0 50 238 92 27 240 13 70 84 149 238 231 35 158 166 93 181 208 164 20 100 243 165 245 142 47 168 184 185 138 2 121 236 170 192 29 18 116 240 21 177 233 134 101 245 72 195 145 104 175 254 186 218 188 241 178 34 107 51 64 230 239 234 95 232 71 79 182 132 183 199 141 231 31 139 133 223 172 19 66 165 131 125 149 28 127 214 42 7 35 127 127 127 
177 177 177 177 177 177 177 177 83 224 157 15 61 208 101 243 205 213 60 166 116 208 143 99 42 89 114 70 92 5 53 201 15 44 246 151 158 56 84 87 25 40 143 88 196 149 170 244 13 201 133 82 147 109 144 139 244 145 53 188 175 112 230 136 168 38 129 55 232 4 205 209 253 8 166 194 10 190 197 34 18 36 124 93 249 226 136 86 93 172 155 121 125 66 17 179 99 109 68 85 33 156 18 121 188 149 207 90 218 11 172 23 184 189 8 33 16 8 144 165 177 59 112 217 3 177 177 177 
194 194 194 194 194 194 194 194 53 15 44 111 112 237 248 102 107 100 177 89 75 247 9 209 11 119 131 89 5 50 237 37 194 159 191 184 10 155 89 172 253 249 174 230 8 212 65 126 181 179 126 36 71 15 140 129 201 147 57 96 122 197 39 157 67 238 28 119 38 125 84 216 166 179 65 172 84 218 6 66 172 143 228 5 189 141 207 132 117 188 238 212 1 10 243 228 146 66 232 119 169 99 129 56 50 155 43 205 38 112 92 19 42 86 95 219 51 219 197 90 194 196 171 185 225 194 194 194 
137 137 137 137 137 137 137 137 64 174 206 134 1 216 172 52 72 62 37 219 165 108 4 161 245 225 166 84 232 30 162 113 251 50 87 111 147 110 121 160 0 99 227 127 177 150 35 106 83 121 20 55 78 126 41 117 254 45 19 61 75 185 177 230 168 195 144 158 233 144 107 233 186 100 189 59 92 66 239 18 20 250 32 109 177 144 23 11 178 5 22 218 232 190 145 58 218 159 85 115 142 75 72 144 12 72 135 60 85 123 133 9 244 122 218 237 77 32 226 102 137 254 132 150 244 137 137 137 
209 209 209 209 209 209 209 209 47 146 204 78 110 240 105 133 127 2 173 40 248 190 116 153 61 113 144 168 227 169 241 217 115 97 173 239 196 9 186 76 195 21 9 233 189 224 251 57 157 80 148 170 226 141 6 218 26 108 189 231 133 137 118 129 69 119 200 86 94 132 39 70 87 248 13 116 73 162 211 234 110 50 202 54 143 241 96 22 107 47 164 14 237 198 111 219 148 203 3 18 106 68 124 218 196 153 94 11 172 74 18 223 76 40 40 111 188 114 139 217 209 217 230 123 48 209 209 209 
212 212 212 212 212 212 212 212 146 101 243 8 225 222 26 103 37 159 195 142 124 142 10 29 82 55 245 122 164 10 34 168 151 45 100 146 67 141 40 162 244 163 179 208 215 74 152 116 133 66 157 95 200 170 103 152 19 98 65 234 251 226 77 125 102 90 100 240 130 216 115 60 91 127 173 11 162 38 26 208 59 8 208 201 156 168 176 22 229 34 205 100 197 87 99 11 26 192 147 217 142 22 254 30 111 207 209 95 37 46 65 50 28 42 94 178 32 240 62 7 212 63 31 181 238 212 212 212 
27 27 27 27 27 27 27 27 146 169 16 100 134 94 136 103 33 154 138 11 152 12 49 149 220 196 109 87 51 114 179 101 27 236 153 222 173 12 238 123 25 101 170 84 185 198 62 105 152 220 187 106 130 128 99 117 239 185 42 53 193 163 16 213 178 207 50 160 25 81 159 157 187 157 123 173 146 159 39 96 64 168 48 28 54 41 208 34 115 250 21 59 239 73 201 247 159 141 127 131 244 165 182 79 67 46 174 224 235 179 255 213 213 132 61 73 226 52 26 43 27 194 41 159 93 27 27 27 
207 207 207 207 207 207 207 207 133 80 165 75 221 182 219 16 57 100 46 237 182 123 174 27 156 86 139 104 166 7 115 245 104 236 100 9 217 189 171 103 132 60 253 151 158 149 87 22 234 108 166 40 227 0 167 199 11 2 184 246 247 223 122 90 202 152 84 48 71 60 112 224 219 224 243 2 50 161 246 68 210 144 21 212 83 91 25 199 160 15 93 196 137 232 183 77 228 34 252 102 21 148 251 9 122 38 248 16 23 76 25 164 118 3 248 239 219 115 4 55 207 38 138 197 2 207 207 207 
236 236 236 236 236 236 236 236 242 60 254 101 94 94 101 248 1 206 36 36 223 239 8 34 143 246 166 23 84 18 81 120 135 131 167 224 93 104 65 242 102 105 140 30 253 160 6 194 251 94 255 207 99 74 23 175 169 52 127 63 54 178 57 175 110 207 108 52 177 122 99 12 187 69 165 33 150 160 137 193 111 53 232 252 91 52 176 99 225 39 129 21 39 29 34 199 236 191 30 204 84 215 64 18 81 19 255 167 232 253 4 175 44 217 45 171 215 153 199 85 236 9 164 220 103 236 236 236 
191 191 191 191 191 191 191 191 30 127 139 171 121 232 174 207 120 237 79 10 60 131 127 118 166 55 92 236 251 224 109 215 102 0 149 68 146 4 119 21 225 85 33 149 201 2 199 175 253 12 249 70 239 112 236 202 250 128 125 146 190 12 10 152 103 35 126 205 227 40 93 147 1 103 127 195 121 2 35 86 143 81 121 2 191 6 232 185 172 135 225 96 21 5 147 235 194 81 194 137 156 32 59 222 224 142 97 75 16 27 70 149 131 212 18 81 62 124 2 17 191 232 85 72 66 191 191 191 
1 1 1 1 1 1 1 1 158 161 168 108 128 186 211 59 149 11 18 80 222 245 36 110 118 194 54 108 206 180 30 249 244 245 51 131 28 249 77 15 24 29 9 70 0 253 232 84 211 32 4 187 58 123 12 33 60 117 169 156 179 89 62 91 31 139 68 137 116 166 162 177 62 196 100 95 163 90 66 125 121 37 4 141 144 85 203 8 148 125 23 242 122 85 243 42 194 32 183 205 219 44 91 95 142 239 65 12 238 117 112 14 189 60 104 185 50 148 208 121 1 51 48 105 246 1 1 1 
91 91 91 91 91 91 91 91 91 91 91 91 91 91 91 91 91 91 91 91 91 91 91 91 53 44 117 176 93 165 219 219 17 204 153 22 108 238 191 7 206 4 232 115 163 217 35 226 204 184 217 99 48 108 182 62 0 167 19 62 210 42 46 238 146 152 48 250 19 2 246 178 134 13 119 17 68 148 217 218 149 45 226 155 77 124 131 85 91 91 91 91 91 91 91 91 91 91 91 91 91 91 91 91 91 91 91 91 91 91 91 91 91 91 91 91 91 91 91 91 91 91 91 91 91 91 91 91 
72 72 72 72 72 72 72 72 72 72 72 72 72 72 72 72 72 72 72 72 72 72 72 72 48 164 23 217 65 20 195 243 3 252 125 75 41 208 216 96 54 34 119 13 228 63 77 145 144 5 204 62 57 228 63 40 168 247 24 141 28 183 253 72 66 31 242 86 195 157 100 191 109 229 138 131 16 68 171 198 185 173 154 166 28 225 73 45 72 72 72 72 72 72 72 72 72 72 72 72 72 72 72 72 72 72 72 72 72 72 72 72 72 72 72 72 72 72 72 72 72 72 72 72 72 72 72 72 
62 62 62 62 62 62 62 62 62 62 62 62 62 62 62 62 62 62 62 62 62 62 62 62 55 202 183 43 70 5 222 13 9 170 145 69 10 16 197 218 252 190 222 0 193 67 206 110 223 157 59 56 107 224 109 17 99 80 113 221 19 102 254 18 110 216 199 199 215 19 195 230 0 20 140 29 58 107 224 186 18 37 89 44 57 196 238 145 62 62 62 62 62 62 62 62 62 62 62 62 62 62 62 62 62 62 62 62 62 62 62 62 62 62 62 62 62 62 62 62 62 62 62 62 62 62 62 62 
48 48 48 48 48 48 48 48 48 48 48 48 48 48 48 48 48 48 48 48 48 48 48 48 244 208 247 253 229 3 70 55 98 118 128 189 76 104 74 236 29 114 80 135 119 192 39 10 129 113 21 151 19 117 86 207 89 42 131 220 80 199 100 245 98 16 247 206 44 254 22 123 228 182 197 209 139 136 99 106 174 211 163 221 184 27 82 151 48 48 48 48 48 48 48 48 48 48 48 48 48 48 48 48 48 48 48 48 48 48 48 48 48 48 48 48 48 48 48 48 48 48 48 48 48 48 48 48 
142 142 142 142 142 142 142 142 142 142 142 142 142 142 142 142 142 142 142 142 142 142 142 142 236 55 166 109 108 122 255 45 205 153 234 197 49 83 188 90 127 3 0 238 227 182 108 77 184 148 172 63 100 240 230 181 77 222 27 61 107 192 151 24 57 183 190 138 236 19 231 6 155 51 250 131 152 196 134 156 190 49 193 26 13 103 165 24 142 142 142 142 142 142 142 142 142 142 142 142 142 142 142 142 142 142 142 142 142 142 142 142 142 142 142 142 142 142 142 142 142 142 142 142 142 142 142 142 
127 127 127 127 127 127 127 127 127 127 127 127 127 127 127 127 127 127 127 127 127 127 127 127 113 125 22 39 247 48 19 33 201 174 197 154 194 71 166 92 57 168 56 0 18 209 218 227 177 163 122 117 152 23 2 186 22 53 72 208 58 17 195 154 91 16 160 221 33 249 153 200 175 20 89 137 37 0 199 119 159 28 125 96 36 74 165 51 127 127 127 127 127 127 127 127 127 127 127 127 127 127 127 127 127 127 127 127 127 127 127 127 127 127 127 127 127 127 127 127 127 127 127 127 127 127 127 127 
177 177 177 177 177 177 177 177 177 177 177 177 177 177 177 177 177 177 177 177 177 177 177 177 156 198 28 176 246 47 107 59 230 10 70 129 37 106 127 215 120 237 59 134 128 195 188 169 193 219 100 241 30 107 29 2 214 202 161 150 212 130 231 254 29 200 126 51 183 237 138 225 52 15 76 65 27 38 69 188 245 196 195 108 96 86 192 177 177 177 177 177 177 177 177 177 177 177 177 177 177 177 177 177 177 177 177 177 177 177 177 177 177 177 177 177 177 177 177 177 177 177 177 177 177 177 177 177 
194 194 194 194 194 194 194 194 194 194 194 194 194 194 194 194 194 194 194 194 194 194 194 194 226 97 101 24 129 0 201 185 133 255 89 179 174 158 247 115 59 2 35 93 35 255 56 144 226 209 16 66 172 159 249 233 114 68 160 99 18 147 175 179 227 147 100 253 166 200 7 149 119 66 149 88 188 78 197 82 158 185 192 175 213 254 124 123 194 194 194 194 194 194 194 194 194 194 194 194 194 194 194 194 194 194 194 194 194 194 194 194 194 194 194 194 194 194 194 194 194 194 194 194 194 194 194 194 
137 137 137 137 137 137 137 137 137 137 137 137 137 137 137 137 137 137 137 137 137 137 137 137 221 238 157 127 226 20 171 165 133 53 188 139 154 50 242 52 46 33 198 140 60 250 1 192 74 23 43 127 170 44 220 133 161 114 86 93 6 133 25 246 140 85 140 28 113 102 218 240 92 255 69 253 62 168 216 242 193 220 47 205 124 60 190 213 137 137 137 137 137 137 137 137 137 137 137 137 137 137 137 137 137 137 137 137 137 137 137 137 137 137 137 137 137 137 137 137 137 137 137 137 137 137 137 137 
209 209 209 209 209 209 209 209 209 209 209 209 209 209 209 209 209 209 209 209 209 209 209 209 234 35 63 68 241 179 118 166 104 241 67 32 81 127 112 133 47 38 74 156 138 71 4 13 38 115 241 247 67 141 181 159 156 36 222 132 192 91 33 206 76 6 167 230 117 109 169 195 160 60 38 182 237 151 203 119 227 124 6 198 148 189 114 200 209 209 209 209 209 209 209 209 209 209 209 209 209 209 209 209 209 209 209 209 209 209 209 209 209 209 209 209 209 209 209 209 209 209 209 209 209 209 209 209 
212 212 212 212 212 212 212 212 212 212 212 212 212 212 212 212 212 212 212 212 212 212 212 212 49 196 186 16 154 29 188 55 129 59 148 161 100 204 159 6 98 4 64 153 172 66 179 224 172 40 223 14 142 180 236 100 13 203 87 87 199 136 51 201 240 211 82 2 163 104 19 87 24 89 193 136 148 27 34 214 186 92 153 12 210 42 44 88 212 212 212 212 212 212 212 212 212 212 212 212 212 212 212 212 212 212 212 212 212 212 212 212 212 212 212 212 212 212 212 212 212 212 212 212 212 212 212 212 
27 27 27 27 27 27 27 27 27 27 27 27 27 27 27 27 27 27 27 27 27 27 27 27 44 8 27 227 62 205 223 95 168 183 232 137 45 21 210 28 22 22 146 89 231 248 249 14 167 49 236 18 244 141 21 56 157 227 218 162 229 207 175 150 33 101 68 109 200 46 139 203 241 7 120 15 53 70 147 12 188 27 248 128 211 197 68 115 27 27 27 27 27 27 27 27 27 27 27 27 27 27 27 27 27 27 27 27 27 27 27 27 27 27 27 27 27 27 27 27 27 27 27 27 27 27 27 27 
207 207 207 207 207 207 207 207 207 207 207 207 207 207 207 207 207 207 207 207 207 207 207 207 42 248 231 120 178 45 106 178 216 33 148 191 180 125 216 148 89 157 20 112 92 10 132 225 192 162 2 232 0 150 77 104 237 28 104 221 113 183 48 80 95 220 145 127 239 89 8 36 212 39 53 203 145 217 245 186 163 123 89 233 160 141 92 213 207 207 207 207 207 207 207 207 207 207 207 207 207 207 207 207 207 207 207 207 207 207 207 207 207 207 207 207 207 207 207 207 207 207 207 207 207 207 207 207 
236 236 236 236 236 236 236 236 236 236 236 236 236 236 236 236 236 236 236 236 236 236 236 236 120 185 15 46 186 47 140 221 46 194 36 244 40 167 210 18 212 135 255 80 199 87 173 77 187 25 18 91 58 110 72 159 202 42 8 5 133 121 150 8 132 105 148 79 152 185 120 255 70 77 85 98 244 53 53 88 193 103 144 197 126 157 246 9 236 236 236 236 236 236 236 236 236 236 236 236 236 236 236 236 236 236 236 236 236 236 236 236 236 236 236 236 236 236 236 236 236 236 236 236 236 236 236 236 
191 191 191 191 191 191 191 191 191 191 191 191 191 191 191 191 191 191 191 191 191 191 191 191 231 164 47 1 6 4 182 114 226 58 253 105 114 35 175 193 205 89 180 189 233 12 133 187 138 16 121 155 12 157 193 240 244 151 22 18 157 123 55 242 190 20 78 219 111 22 126 238 183 242 178 160 250 56 42 238 186 19 24 104 254 232 228 109 191 191 191 191 191 191 191 191 191 191 191 191 191 191 191 191 191 191 191 191 191 191 191 191 191 191 191 191 191 191 191 191 191 191 191 191 191 191 191 191 
1 1 1 1 1 1 1 1 1 1 1 1 1 1 1 1 1 1 1 1 1 1 1 1 217 206 9 167 179 204 211 112 114 49 6 73 31 175 206 248 253 73 92 209 56 83 200 131 202 77 231 204 5 210 123 0 48 90 216 105 86 113 186 135 8 91 64 118 248 43 187 99 68 74 146 202 199 86 205 173 198 166 197 13 160 122 103 126 1 1 1 1 1 1 1 1 1 1 1 1 1 1 1 1 1 1 1 1 1 1 1 1 1 1 1 1 1 1 1 1 1 1 1 1 1 1 1 1 
91 91 91 91 91 91 91 91 91 91 91 91 91 91 91 91 162 215 173 190 54 248 63 92 212 210 186 67 181 75 101 108 10 4 255 110 35 31 55 186 126 187 61 200 186 253 5 188 169 178 163 82 47 49 187 224 246 192 241 148 191 226 113 77 51 148 253 56 156 51 200 53 126 231 207 115 86 57 216 147 185 255 188 223 213 35 157 59 141 254 20 254 73 176 188 133 140 99 204 110 153 42 73 112 91 91 91 91 91 91 91 91 91 91 91 91 91 91 91 91 91 91 91 91 91 91 91 91 
72 72 72 72 72 72 72 72 72 72 72 72 72 72 72 72 64 105 58 181 132 196 93 28 96 126 118 228 30 60 164 15 160 114 186 122 96 222 182 38 176 116 53 96 142 40 31 217 205 221 39 227 176 45 200 198 28 202 115 162 132 138 40 111 61 185 8 90 142 39 121 225 144 134 87 52 108 83 140 220 43 43 145 158 81 187 19 224 199 225 116 31 63 14 133 197 12 154 35 193 213 135 177 8 72 72 72 72 72 72 72 72 72 72 72 72 72 72 72 72 72 72 72 72 72 72 72 72 
62 62 62 62 62 62 62 62 62 62 62 62 62 62 62 62 129 180 225 196 203 251 169 199 111 134 12 87 53 169 254 64 237 159 66 144 25 8 114 218 144 141 172 46 147 249 199 109 161 119 187 167 208 149 88 199 224 179 189 193 8 12 73 245 27 64 248 142 248 166 96 161 228 94 224 191 204 162 69 150 240 211 198 115 132 75 192 182 158 164 215 193 23 190 182 108 162 204 184 23 176 142 191 212 62 62 62 62 62 62 62 62 62 62 62 62 62 62 62 62 62 62 62 62 62 62 62 62 
48 48 48 48 48 48 48 48 48 48 48 48 48 48 48 48 199 55 243 196 198 84 8 81 51 93 116 233 106 232 230 226 62 56 13 33 88 72 24 150 219 108 110 129 82 220 151 243 145 125 74 168 103 153 26 246 248 210 40 47 220 207 154 97 156 138 190 37 0 235 27 30 149 5 62 187 86 231 35 214 104 212 225 177 236 194 158 209 127 150 25 58 111 178 165 196 7 204 13 237 26 14 157 226 48 48 48 48 48 48 48 48 48 48 48 48 48 48 48 48 48 48 48 48 48 48 48 48 
142 142 142 142 142 142 142 142 142 142 142 142 142 142 142 142 213 88 148 157 53 110 190 4 50 108 78 210 245 44 51 57 224 199 42 185 231 87 27 62 8 12 69 162 176 137 41 102 198 41 103 146 134 151 17 61 157 147 254 168 123 183 246 8 77 215 147 246 161 245 90 5 70 10 176 234 201 162 8 218 140 17 40 39 113 102 75 227 104 5 105 24 105 195 95 7 186 230 49 125 61 99 18 167 142 142 142 142 142 142 142 142 142 142 142 142 142 142 142 142 142 142 142 142 142 142 142 142 
127 127 127 127 127 127 127 127 127 127 127 127 127 127 127 127 43 69 156 96 194 187 64 116 4 78 168 35 45 126 13 169 182 55 137 244 25 94 166 115 65 48 236 249 76 70 135 119 117 28 106 167 197 241 150 93 231 252 131 70 124 36 6 142 47 223 134 152 84 41 155 188 141 186 224 63 28 140 204 190 209 71 236 155 170 64 5 189 242 111 68 25 236 102 100 10 143 103 93 199 147 16 57 204 127 127 127 127 127 127 127 127 127 127 127 127 127 127 127 127 127 127 127 127 127 127 127 127 
177 177 177 177 177 177 177 177 177 177 177 177 177 177 177 177 113 24 189 96 151 171 153 111 125 164 12 32 33 6 68 204 9 105 111 161 45 77 99 147 179 21 218 202 178 195 197 57 236 202 146 76 246 212 27 129 170 58 32 31 194 184 121 137 12 252 15 83 247 130 80 195 34 35 28 252 163 131 115 48 91 239 233 207 116 208 64 239 24 25 235 220 122 245 2 194 230 10 75 67 129 224 55 198 177 177 177 177 177 177 177 177 177 177 177 177 177 177 177 177 177 177 177 177 177 177 177 177 
194 194 194 194 194 194 194 194 194 194 194 194 194 194 194 194 226 224 5 195 253 237 237 175 24 20 173 188 6 39 170 206 226 226 17 139 152 209 23 89 249 235 110 106 9 3 28 244 52 200 38 65 86 182 201 44 31 7 119 115 252 60 195 70 161 167 85 126 235 141 3 37 210 153 8 114 186 156 26 73 82 246 160 144 169 3 241 140 59 125 45 10 151 82 99 149 78 182 133 127 21 249 188 119 194 194 194 194 194 194 194 194 194 194 194 194 194 194 194 194 194 194 194 194 194 194 194 194 
137 137 137 137 137 137 137 137 137 137 137 137 137 137 137 137 117 82 60 159 113 234 204 173 26 120 194 55 89 12 98 163 189 85 61 53 245 138 100 36 28 214 201 224 151 233 88 29 17 109 251 128 113 175 178 139 109 93 47 8 119 3 61 22 151 198 86 106 7 3 9 136 54 144 253 69 61 172 195 196 204 213 37 114 34 240 251 172 108 137 226 213 234 229 40 228 98 60 249 219 87 51 178 129 137 137 137 137 137 137 137 137 137 137 137 137 137 137 137 137 137 137 137 137 137 137 137 137 
209 209 209 209 209 209 209 209 209 209 209 209 209 209 209 209 250 50 3 3 71 149 63 2 108 157 95 105 102 133 24 102 123 83 104 136 37 239 137 200 229 63 119 206 17 172 29 222 22 135 8 102 72 129 51 207 133 12 184 42 42 9 60 246 108 101 247 221 145 168 17 159 156 117 58 191 165 212 191 240 107 181 62 49 206 205 122 149 19 149 208 86 141 207 191 180 63 111 207 7 21 41 7 10 209 209 209 209 209 209 209 209 209 209 209 209 209 209 209 209 209 209 209 209 209 209 209 209 
212 212 212 212 212 212 212 212 212 212 212 212 212 212 212 212 63 227 70 145 144 240 0 56 133 150 151 237 50 105 199 42 155 113 52 182 228 49 156 117 181 177 183 95 161 79 179 80 186 22 17 73 237 13 191 55 76 71 161 2 5 30 249 189 2 175 12 92 209 124 195 7 46 10 148 185 137 226 191 137 90 40 72 164 145 234 92 8 120 61 224 220 15 158 170 51 236 209 241 65 56 218 10 198 212 212 212 212 212 212 212 212 212 212 212 212 212 212 212 212 212 212 212 212 212 212 212 212 
27 27 27 27 27 27 27 27 27 27 27 27 27 27 27 27 45 113 39 143 164 162 211 65 128 188 213 35 32 111 129 57 148 16 121 28 251 5 135 26 114 98 155 174 161 87 162 2 93 2 125 141 40 83 72 37 69 144 179 100 218 182 180 68 57 184 78 50 52 36 238 82 156 71 84 117 172 84 132 45 191 69 70 109 213 130 160 161 59 203 154 60 132 223 205 198 224 240 25 239 35 183 40 185 27 27 27 27 27 27 27 27 27 27 27 27 27 27 27 27 27 27 27 27 27 27 27 27 
207 207 207 207 207 207 207 207 207 207 207 207 207 207 207 207 160 224 52 128 154 207 20 198 17 158 45 148 80 12 232 6 249 16 138 41 148 229 64 44 204 127 100 47 180 13 128 27 41 88 59 134 166 144 177 73 160 150 90 192 50 162 31 144 89 147 94 59 83 31 32 158 163 80 252 208 196 156 112 165 34 123 36 40 45 251 185 190 248 193 114 117 161 244 160 20 90 85 141 19 62 185 51 117 207 207 207 207 207 207 207 207 207 207 207 207 207 207 207 207 207 207 207 207 207 207 207 207 
236 236 236 236 236 236 236 236 236 236 236 236 236 236 236 236 82 59 187 4 201 87 252 29 163 162 246 218 27 241 200 128 45 150 101 93 76 48 31 47 158 199 27 38 57 122 56 62 80 129 97 39 51 125 10 9 115 185 127 186 128 209 238 63 144 34 8 115 217 118 150 88 205 177 130 225 53 147 64 19 154 245 94 63 251 165 189 125 118 79 182 243 22 223 105 95 164 0 191 3 185 75 102 238 236 236 236 236 236 236 236 236 236 236 236 236 236 236 236 236 236 236 236 236 236 236 236 236 
191 191 191 191 191 191 191 191 191 191 191 191 191 191 191 191 32 253 21 45 18 169 200 248 33 195 99 75 30 104 244 130 64 71 222 238 154 182 48 26 6 108 160 11 104 184 52 134 35 64 218 35 139 35 119 203 43 155 20 247 226 232 230 110 5 62 146 23 246 195 55 170 130 93 111 121 187 35 203 225 57 212 71 126 177 24 70 133 190 214 193 9 90 250 34 193 253 40 242 246 249 89 179 22 191 191 191 191 191 191 191 191 191 191 191 191 191 191 191 191 191 191 191 191 191 191 191 191 
1 1 1 1 1 1 1 1 1 1 1 1 1 1 1 1 44 123 30 255 124 222 184 29 209 216 26 93 39 138 160 2 120 43 164 226 243 242 127 203 199 128 161 151 150 78 192 200 128 192 33 114 71 31 10 61 152 46 76 200 85 181 255 115 37 250 225 201 53 24 197 136 246 176 71 117 226 100 8 118 136 192 136 117 65 140 227 52 136 192 176 247 163 6 129 117 33 49 9 243 127 252 45 25 1 1 1 1 1 1 1 1 1 1 1 1 1 1 1 1 1 1 1 1 1 1 1 1 
91 91 91 91 91 91 91 91 91 91 91 91 91 91 91 91 91 91 91 91 91 91 91 91 225 219 85 115 3 157 31 85 231 148 148 193 195 31 184 186 148 5 40 16 230 225 70 240 61 43 214 129 194 96 162 46 167 165 14 156 225 245 124 43 72 229 44 222 77 87 186 135 130 4 23 172 250 64 232 58 108 129 47 95 197 121 233 52 121 74 142 131 241 131 85 15 91 91 91 91 91 91 91 91 91 91 91 91 91 91 91 91 91 91 91 91 91 91 91 91 91 91 91 91 91 91 91 91 
72 72 72 72 72 72 72 72 72 72 72 72 72 72 72 72 72 72 72 72 72 72 72 72 105 213 233 138 193 65 199 86 44 123 190 100 29 63 65 224 78 247 200 131 251 180 240 64 5 214 182 250 33 77 141 114 113 237 167 112 138 245 47 128 48 58 54 252 86 48 101 122 106 53 131 112 25 61 151 183 206 63 44 173 17 157 119 155 143 168 121 53 61 97 99 216 72 72 72 72 72 72 72 72 72 72 72 72 72 72 72 72 72 72 72 72 72 72 72 72 72 72 72 72 72 72 72 72 
62 62 62 62 62 62 62 62 62 62 62 62 62 62 62 62 62 62 62 62 62 62 62 62 201 76 105 45 174 147 112 139 234 104 22 208 97 195 199 156 14 116 75 97 125 156 251 203 89 100 65 28 87 129 61 86 224 194 232 94 160 86 48 3 43 10 50 194 45 117 189 118 254 209 246 196 12 15 5 109 159 11 226 170 79 222 132 49 161 81 157 23 153 84 194 113 62 62 62 62 62 62 62 62 62 62 62 62 62 62 62 62 62 62 62 62 62 62 62 62 62 62 62 62 62 62 62 62 
48 48 48 48 48 48 48 48 48 48 48 48 48 48 48 48 48 48 48 48 48 48 48 48 54 142 177 230 94 144 97 188 101 211 146 181 17 30 144 0 55 81 10 207 168 46 95 142 220 161 15 200 144 171 83 69 219 245 157 242 240 154 115 151 5 29 160 159 105 172 90 81 216 150 198 48 9 8 3 22 161 79 210 9 132 134 244 13 78 227 51 46 0 150 200 88 48 48 48 48 48 48 48 48 48 48 48 48 48 48 48 48 48 48 48 48 48 48 48 48 48 48 48 48 48 48 48 48 
142 142 142 142 142 142 142 142 142 142 142 142 142 142 142 142 142 142 142 142 142 142 142 142 179 66 238 158 28 147 212 176 63 183 126 208 191 7 148 15 113 244 224 177 159 198 65 165 102 79 117 65 239 240 66 59 33 205 193 85 255 87 81 68 188 97 125 5 74 163 136 138 180 155 65 132 159 203 11 32 233 233 120 227 28 238 140 121 153 244 135 166 88 171 248 102 142 142 142 142 142 142 142 142 142 142 142 142 142 142 142 142 142 142 142 142 142 142 142 142 142 142 142 142 142 142 142 142 
127 127 127 127 127 127 127 127 127 127 127 127 127 127 127 127 127 127 127 127 127 127 127 127 123 64 221 11 4 6 42 20 170 80 15 172 204 21 90 107 218 200 8 84 73 230 242 234 84 130 1 236 68 197 241 119 77 155 190 58 96 117 73 54 6 213 246 72 49 138 230 222 216 86 214 39 54 110 37 2 68 164 128 41 149 192 254 167 95 149 213 52 232 206 201 148 127 127 127 127 127 127 127 127 127 127 127 127 127 127 127 127 127 127 127 127 127 127 127 127 127 127 127 127 127 127 127 127 
177 177 177 177 177 177 177 177 177 177 177 177 177 177 177 177 177 177 177 177 177 177 177 177 215 29 165 189 115 94 13 154 202 220 252 210 44 193 208 115 115 162 99 193 169 4 81 138 32 189 255 137 140 184 247 5 73 179 151 151 100 22 147 134 196 147 216 224 65 144 53 73 118 93 136 57 113 225 130 137 190 117 143 63 83 39 147 151 162 62 251 1 148 143 100 1 177 177 177 177 177 177 177 177 177 177 177 177 177 177 177 177 177 177 177 177 177 177 177 177 177 177 177 177 177 177 177 177 
194 194 194 194 194 194 194 194 194 194 194 194 194 194 194 194 194 194 194 194 194 194 194 194 17 31 124 33 122 98 75 177 96 31 173 69 15 167 3 75 194 72 189 168 49 1 252 131 83 3 247 101 160 241 39 103 174 20 118 117 192 79 105 85 13 184 54 150 157 82 238 178 99 32 16 111 98 126 205 248 79 49 67 208 2 89 137 232 69 117 77 35 135 162 73 34 194 194 194 194 194 194 194 194 194 194 194 194 194 194 194 194 194 194 194 194 194 194 194 194 194 194 194 194 194 194 194 194 
137 137 137 137 137 137 137 137 137 137 137 137 137 137 137 137 137 137 137 137 137 137 137 137 240 15 240 91 75 208 54 238 82 230 114 22 185 143 118 239 102 45 6 146 222 121 56 136 58 201 156 91 48 104 129 54 34 179 170 5 154 201 3 11 82 199 153 131 28 189 180 209 224 87 47 94 11 27 79 195 49 92 110 64 181 39 114 188 74 19 18 110 185 126 43 155 137 137 137 137 137 137 137 137 137 137 137 137 137 137 137 137 137 137 137 137 137 137 137 137 137 137 137 137 137 137 137 137 
209 209 209 209 209 209 209 209 209 209 209 209 209 209 209 209 209 209 209 209 209 209 209 209 233 94 154 40 87 101 137 94 130 106 243 244 1 30 188 115 120 22 66 95 195 38 190 218 79 15 209 97 100 169 34 73 115 148 149 93 193 232 238 121 165 101 69 207 114 202 83 171 55 186 16 53 243 43 249 119 29 80 198 243 10 239 191 85 141 179 82 135 254 93 71 96 209 209 209 209 209 209 209 209 209 209 209 209 209 209 209 209 209 209 209 209 209 209 209 209 209 209 209 209 209 209 209 209 
212 212 212 212 212 212 212 212 212 212 212 212 212 212 212 212 212 212 212 212 212 212 212 212 172 221 44 1 24 37 128 177 27 69 147 141 87 176 41 83 213 147 168 49 80 181 122 5 132 35 33 10 214 64 154 130 11 254 141 243 207 142 6 156 183 170 19 40 153 134 249 220 102 251 139 96 37 7 95 22 106 191 83 228 28 0 28 15 29 110 241 254 82 193 143 198 212 212 212 212 212 212 212 212 212 212 212 212 212 212 212 212 212 212 212 212 212 212 212 212 212 212 212 212 212 212 212 212 
27 27 27 27 27 27 27 27 27 27 27 27 27 27 27 27 27 27 27 27 27 27 27 27 244 239 35 194 77 158 52 183 147 75 87 184 11 217 51 39 248 224 29 42 130 200 63 186 25 66 102 43 205 72 34 198 242 229 153 0 118 15 187 221 12 225 12 240 54 44 110 174 66 111 168 245 72 214 247 186 206 128 199 72 47 219 1 52 255 83 105 88 236 13 169 241 27 27 27 27 27 27 27 27 27 27 27 27 27 27 27 27 27 27 27 27 27 27 27 27 27 27 27 27 27 27 27 27 
207 207 207 207 207 207 207 207 207 207 207 207 207 207 207 207 207 207 207 207 207 207 207 207 228 39 190 214 220 15 107 208 229 149 192 255 15 76 171 9 8 243 46 123 212 242 152 181 100 216 5 195 100 2 191 173 14 36 28 16 111 107 253 107 27 141 16 132 201 178 59 162 141 14 156 244 153 91 139 139 88 107 18 122 192 92 112 187 52 196 104 99 106 29 41 80 207 207 207 207 207 207 207 207 207 207 207 207 207 207 207 207 207 207 207 207 207 207 207 207 207 207 207 207 207 207 207 207 
236 236 236 236 236 236 236 236 236 236 236 236 236 236 236 236 236 236 236 236 236 236 236 236 98 249 198 235 198 167 90 152 183 59 200 198 155 222 190 163 121 111 72 155 226 205 193 54 97 79 125 122 101 76 117 108 43 105 156 70 9 216 204 40 137 188 110 135 198 120 208 210 242 249 202 73 56 144 83 214 233 239 93 72 112 3 223 246 63 160 209 48 156 32 192 23 236 236 236 236 236 236 236 236 236 236 236 236 236 236 236 236 236 236 236 236 236 236 236 236 236 236 236 236 236 236 236 236 
191 191 191 191 191 191 191 191 191 191 191 191 191 191 191 191 191 191 191 191 191 191 191 191 199 113 237 24 193 99 53 104 57 121 48 166 75 189 213 98 131 24 23 133 24 94 83 219 200 175 28 175 41 63 253 214 208 46 63 57 152 145 31 165 103 89 37 99 197 83 87 174 179 239 97 160 83 106 204 228 235 37 245 213 94 161 168 182 13 245 231 32 24 128 123 210 191 191 191 191 191 191 191 191 191 191 191 191 191 191 191 191 191 191 191 191 191 191 191 191 191 191 191 191 191 191 191 191 
1 1 1 1 1 1 1 1 1 1 1 1 1 1 1 1 1 1 1 1 1 1 1 1 102 21 171 14 225 39 188 242 227 163 93 3 100 138 118 140 194 25 120 16 31 115 181 137 87 72 126 150 200 170 4 137 203 135 142 122 120 233 114 56 154 184 245 47 151 174 235 48 55 133 55 174 203 62 69 126 138 96 181 212 21 94 214 69 246 28 3 40 120 63 30 168 1 1 1 1 1 1 1 1 1 1 1 1 1 1 1 1 1 1 1 1 1 1 1 1 1 1 1 1 1 1 1 1 
