91 91 91 91 91 91 91 91 91 91 91 91 91 91 91 91 91 91 91 91 91 91 91 91 91 91 91 91 91 91 91 91 91 91 91 91 91 91 91 91 91 91 91 91 91 91 91 91 91 91 91 91 91 91 91 91 125 133 19 251 1 67 36 208 156 25 20 252 104 114 102 45 252 98 79 139 137 79 117 67 248 137 249 37 144 56 23 77 91 91 91 91 91 91 91 91 91 91 91 91 91 91 91 91 91 91 91 91 91 91 91 91 91 91 91 91 91 91 91 91 91 91 91 91 91 91 91 91 
72 72 72 72 72 72 72 72 72 72 72 72 72 72 72 72 72 72 72 72 72 72 72 72 72 72 72 72 72 72 72 72 72 72 72 72 72 72 72 72 72 72 72 72 72 72 72 72 72 72 72 72 72 72 72 72 239 21 246 173 65 47 160 248 73 179 209 181 162 176 177 212 239 110 140 204 70 234 129 2 223 121 139 12 156 162 104 7 72 72 72 72 72 72 72 72 72 72 72 72 72 72 72 72 72 72 72 72 72 72 72 72 72 72 72 72 72 72 72 72 72 72 72 72 72 72 72 72 
62 62 62 62 62 62 62 62 62 62 62 62 62 62 62 62 62 62 62 62 62 62 62 62 62 62 62 62 62 62 62 62 62 62 62 62 62 62 62 62 62 62 62 62 62 62 62 62 62 62 62 62 62 62 62 62 8 50 112 239 191 141 38 194 180 21 166 213 235 86 168 3 236 189 132 218 247 74 122 197 182 159 130 124 44 254 25 5 62 62 62 62 62 62 62 62 62 62 62 62 62 62 62 62 62 62 62 62 62 62 62 62 62 62 62 62 62 62 62 62 62 62 62 62 62 62 62 62 
48 48 48 48 48 48 48 48 48 48 48 48 48 48 48 48 48 48 48 48 48 48 48 48 48 48 48 48 48 48 48 48 48 48 48 48 48 48 48 48 48 48 48 48 48 48 48 48 48 48 48 48 48 48 48 48 44 114 45 20 44 28 206 182 114 108 192 185 152 109 193 63 195 248 151 139 34 204 111 105 100 8 205 103 91 171 191 135 48 48 48 48 48 48 48 48 48 48 48 48 48 48 48 48 48 48 48 48 48 48 48 48 48 48 48 48 48 48 48 48 48 48 48 48 48 48 48 48 
142 142 142 142 142 142 142 142 142 142 142 142 142 142 142 142 142 142 142 142 142 142 142 142 142 142 142 142 142 142 142 142 142 142 142 142 142 142 142 142 142 142 142 142 142 142 142 142 142 142 142 142 142 142 142 142 21 16 129 226 15 200 42 70 220 51 239 242 121 130 121 206 184 250 37 93 166 29 100 197 33 252 15 223 187 19 222 39 142 142 142 142 142 142 142 142 142 142 142 142 142 142 142 142 142 142 142 142 142 142 142 142 142 142 142 142 142 142 142 142 142 142 142 142 142 142 142 142 
127 127 127 127 127 127 127 127 127 127 127 127 127 127 127 127 127 127 127 127 127 127 127 127 127 127 127 127 127 127 127 127 127 127 127 127 127 127 127 127 127 127 127 127 127 127 127 127 127 127 127 127 127 127 127 127 65 135 133 218 21 49 88 94 229 115 42 223 114 37 79 0 118 238 164 196 20 86 18 219 148 44 22 68 87 175 226 45 127 127 127 127 127 127 127 127 127 127 127 127 127 127 127 127 127 127 127 127 127 127 127 127 127 127 127 127 127 127 127 127 127 127 127 127 127 127 127 127 
177 177 177 177 177 177 177 177 177 177 177 177 177 177 177 177 177 177 177 177 177 177 177 177 177 177 177 177 177 177 177 177 177 177 177 177 177 177 177 177 177 177 177 177 177 177 177 177 177 177 177 177 177 177 177 177 236 219 93 182 168 153 246 45 85 38 189 197 130 137 34 97 10 83 64 11 18 170 254 20 42 164 237 5 86 57 219 74 177 177 177 177 177 177 177 177 177 177 177 177 177 177 177 177 177 177 177 177 177 177 177 177 177 177 177 177 177 177 177 177 177 177 177 177 177 177 177 177 
194 194 194 194 194 194 194 194 194 194 194 194 194 194 194 194 194 194 194 194 194 194 194 194 194 194 194 194 194 194 194 194 194 194 194 194 194 194 194 194 194 194 194 194 194 194 194 194 194 194 194 194 194 194 194 194 29 209 94 194 56 186 57 77 243 12 2 11 220 246 243 186 57 1 62 31 173 115 229 168 72 205 149 64 97 177 177 210 194 194 194 194 194 194 194 194 194 194 194 194 194 194 194 194 194 194 194 194 194 194 194 194 194 194 194 194 194 194 194 194 194 194 194 194 194 194 194 194 
137 137 137 137 137 137 137 137 137 137 137 137 137 137 137 137 137 137 137 137 137 137 137 137 137 137 137 137 137 137 137 137 137 137 137 137 137 137 137 137 137 137 137 137 137 137 137 137 137 137 137 137 137 137 137 137 188 67 79 2 174 207 112 129 40 41 7 196 6 40 219 95 188 192 91 9 25 128 229 183 175 236 128 197 187 32 181 137 137 137 137 137 137 137 137 137 137 137 137 137 137 137 137 137 137 137 137 137 137 137 137 137 137 137 137 137 137 137 137 137 137 137 137 137 137 137 137 137 
209 209 209 209 209 209 209 209 209 209 209 209 209 209 209 209 209 209 209 209 209 209 209 209 209 209 209 209 209 209 209 209 209 209 209 209 209 209 209 209 209 209 209 209 209 209 209 209 209 209 209 209 209 209 209 209 30 79 87 14 174 91 251 108 196 206 47 104 92 15 100 81 53 109 134 105 196 98 132 149 64 15 250 75 131 198 87 86 209 209 209 209 209 209 209 209 209 209 209 209 209 209 209 209 209 209 209 209 209 209 209 209 209 209 209 209 209 209 209 209 209 209 209 209 209 209 209 209 
212 212 212 212 212 212 212 212 212 212 212 212 212 212 212 212 212 212 212 212 212 212 212 212 212 212 212 212 212 212 212 212 212 212 212 212 212 212 212 212 212 212 212 212 212 212 212 212 212 212 212 212 212 212 212 212 51 43 25 225 58 72 5 239 46 79 211 47 112 140 186 206 214 30 136 43 109 147 67 60 148 51 34 43 146 57 75 217 212 212 212 212 212 212 212 212 212 212 212 212 212 212 212 212 212 212 212 212 212 212 212 212 212 212 212 212 212 212 212 212 212 212 212 212 212 212 212 212 
27 27 27 27 27 27 27 27 27 27 27 27 27 27 27 27 27 27 27 27 27 27 27 27 27 27 27 27 27 27 27 27 27 27 27 27 27 27 27 27 27 27 27 27 27 27 27 27 27 27 27 27 27 27 27 27 177 124 52 106 46 74 5 2 206 23 27 196 139 233 74 250 201 5 235 149 152 240 121 174 125 63 135 141 84 16 243 47 27 27 27 27 27 27 27 27 27 27 27 27 27 27 27 27 27 27 27 27 27 27 27 27 27 27 27 27 27 27 27 27 27 27 27 27 27 27 27 27 
207 207 207 207 207 207 207 207 207 207 207 207 207 207 207 207 207 207 207 207 207 207 207 207 207 207 207 207 207 207 207 207 207 207 207 207 207 207 207 207 207 207 207 207 207 207 207 207 207 207 207 207 207 207 207 207 81 90 198 200 6 213 32 236 210 162 181 83 185 81 133 115 78 136 177 79 117 83 232 59 204 77 127 172 212 3 87 142 207 207 207 207 207 207 207 207 207 207 207 207 207 207 207 207 207 207 207 207 207 207 207 207 207 207 207 207 207 207 207 207 207 207 207 207 207 207 207 207 
236 236 236 236 236 236 236 236 236 236 236 236 236 236 236 236 236 236 236 236 236 236 236 236 236 236 236 236 236 236 236 236 236 236 236 236 236 236 236 236 236 236 236 236 236 236 236 236 236 236 236 236 236 236 236 236 159 12 81 226 57 63 106 95 254 153 30 19 107 187 76 72 168 194 125 2 108 214 247 213 248 169 107 64 188 18 166 82 236 236 236 236 236 236 236 236 236 236 236 236 236 236 236 236 236 236 236 236 236 236 236 236 236 236 236 236 236 236 236 236 236 236 236 236 236 236 236 236 
191 191 191 191 191 191 191 191 191 191 191 191 191 191 191 191 191 191 191 191 191 191 191 191 191 191 191 191 191 191 191 191 191 191 191 191 191 191 191 191 191 191 191 191 191 191 191 191 191 191 191 191 191 191 191 191 211 96 53 158 12 109 134 49 128 133 214 189 239 149 219 23 18 195 82 192 64 217 235 38 12 201 7 224 245 238 245 26 191 191 191 191 191 191 191 191 191 191 191 191 191 191 191 191 191 191 191 191 191 191 191 191 191 191 191 191 191 191 191 191 191 191 191 191 191 191 191 191 
1 1 1 1 1 1 1 1 1 1 1 1 1 1 1 1 1 1 1 1 1 1 1 1 1 1 1 1 1 1 1 1 1 1 1 1 1 1 1 1 1 1 1 1 1 1 1 1 1 1 1 1 1 1 1 1 237 62 102 156 158 94 187 4 203 181 110 208 62 70 146 219 21 246 69 65 85 195 127 188 21 7 67 190 21 23 180 145 1 1 1 1 1 1 1 1 1 1 1 1 1 1 1 1 1 1 1 1 1 1 1 1 1 1 1 1 1 1 1 1 1 1 1 1 1 1 1 1 
91 91 91 91 91 91 91 91 91 91 91 91 91 91 91 91 91 91 91 91 91 91 91 91 91 91 91 91 91 91 91 91 91 91 91 91 91 91 91 91 91 91 91 91 91 91 91 91 190 6 227 55 99 234 195 182 94 249 134 47 101 179 170 34 29 248 67 238 60 59 246 155 176 115 94 41 144 139 115 18 18 252 186 184 188 114 142 164 36 26 149 173 215 142 208 3 62 42 183 30 33 226 223 34 91 91 91 91 91 91 91 91 91 91 91 91 91 91 91 91 91 91 91 91 91 91 91 91 
72 72 72 72 72 72 72 72 72 72 72 72 72 72 72 72 72 72 72 72 72 72 72 72 72 72 72 72 72 72 72 72 72 72 72 72 72 72 72 72 72 72 72 72 72 72 72 72 126 175 193 4 212 153 1 91 152 225 109 237 79 138 231 148 51 49 227 21 45 195 226 170 153 101 185 182 133 139 87 173 250 102 57 241 82 248 60 46 171 187 10 248 47 12 199 170 136 220 216 168 209 64 177 245 72 72 72 72 72 72 72 72 72 72 72 72 72 72 72 72 72 72 72 72 72 72 72 72 
62 62 62 62 62 62 62 62 62 62 62 62 62 62 62 62 62 62 62 62 62 62 62 62 62 62 62 62 62 62 62 62 62 62 62 62 62 62 62 62 62 62 62 62 62 62 62 62 215 58 61 169 52 244 12 24 213 151 3 254 136 156 80 71 179 58 107 40 141 127 75 175 204 3 24 239 107 213 189 212 166 152 32 0 30 199 148 31 150 139 190 29 161 169 81 151 38 20 62 39 182 160 91 152 62 62 62 62 62 62 62 62 62 62 62 62 62 62 62 62 62 62 62 62 62 62 62 62 
48 48 48 48 48 48 48 48 48 48 48 48 48 48 48 48 48 48 48 48 48 48 48 48 48 48 48 48 48 48 48 48 48 48 48 48 48 48 48 48 48 48 48 48 48 48 48 48 23 28 221 41 25 4 142 178 125 10 47 70 114 255 175 21 223 111 54 188 92 168 242 124 139 31 145 75 57 49 69 35 85 96 141 131 225 25 60 129 69 183 70 105 28 184 45 163 47 29 35 180 224 209 113 149 48 48 48 48 48 48 48 48 48 48 48 48 48 48 48 48 48 48 48 48 48 48 48 48 
142 142 142 142 142 142 142 142 142 142 142 142 142 142 142 142 142 142 142 142 142 142 142 142 142 142 142 142 142 142 142 142 142 142 142 142 142 142 142 142 142 142 142 142 142 142 142 142 155 165 189 209 194 210 84 91 191 19 144 147 17 111 165 170 84 9 108 95 82 75 181 41 197 114 37 7 70 13 7 31 133 101 0 19 147 195 27 186 165 227 146 118 191 147 125 226 93 116 3 4 40 56 51 153 142 142 142 142 142 142 142 142 142 142 142 142 142 142 142 142 142 142 142 142 142 142 142 142 
127 127 127 127 127 127 127 127 127 127 127 127 127 127 127 127 127 127 127 127 127 127 127 127 127 127 127 127 127 127 127 127 127 127 127 127 127 127 127 127 127 127 127 127 127 127 127 127 202 36 223 147 10 88 129 86 136 194 108 225 195 49 248 50 32 221 237 255 79 115 245 188 160 238 99 137 249 83 8 198 189 99 172 173 24 48 103 218 186 248 97 156 52 234 166 202 247 31 229 192 144 84 168 169 127 127 127 127 127 127 127 127 127 127 127 127 127 127 127 127 127 127 127 127 127 127 127 127 
177 177 177 177 177 177 177 177 177 177 177 177 177 177 177 177 177 177 177 177 177 177 177 177 177 177 177 177 177 177 177 177 177 177 177 177 177 177 177 177 177 177 177 177 177 177 177 177 77 124 184 121 76 13 111 163 138 94 116 9 76 185 38 182 226 162 178 120 167 185 158 46 105 210 251 233 214 200 206 177 8 13 175 89 75 213 5 31 230 209 31 79 212 195 201 236 70 194 126 249 251 156 216 102 177 177 177 177 177 177 177 177 177 177 177 177 177 177 177 177 177 177 177 177 177 177 177 177 
194 194 194 194 194 194 194 194 194 194 194 194 194 194 194 194 194 194 194 194 194 194 194 194 194 194 194 194 194 194 194 194 194 194 194 194 194 194 194 194 194 194 194 194 194 194 194 194 1 46 80 224 2 196 180 251 211 102 78 79 12 209 52 186 96 101 44 228 235 0 152 205 236 66 114 6 91 85 59 2 214 146 72 29 37 129 63 174 135 84 126 244 3 204 48 205 11 40 102 59 125 67 145 66 194 194 194 194 194 194 194 194 194 194 194 194 194 194 194 194 194 194 194 194 194 194 194 194 
137 137 137 137 137 137 137 137 137 137 137 137 137 137 137 137 137 137 137 137 137 137 137 137 137 137 137 137 137 137 137 137 137 137 137 137 137 137 137 137 137 137 137 137 137 137 137 137 247 219 175 31 198 124 57 21 74 69 216 105 140 145 169 180 58 17 207 57 171 239 52 116 92 43 85 118 109 250 203 104 45 228 171 22 6 128 92 169 84 191 80 48 150 87 35 21 124 90 26 68 63 207 53 108 137 137 137 137 137 137 137 137 137 137 137 137 137 137 137 137 137 137 137 137 137 137 137 137 
209 209 209 209 209 209 209 209 209 209 209 209 209 209 209 209 209 209 209 209 209 209 209 209 209 209 209 209 209 209 209 209 209 209 209 209 209 209 209 209 209 209 209 209 209 209 209 209 184 63 37 162 38 126 95 170 198 255 121 115 13 165 155 106 18 5 106 120 117 120 69 141 74 145 220 16 37 213 138 192 85 239 247 133 24 37 175 224 116 39 45 95 155 234 34 172 71 17 76 250 175 214 186 104 209 209 209 209 209 209 209 209 209 209 209 209 209 209 209 209 209 209 209 209 209 209 209 209 
212 212 212 212 212 212 212 212 212 212 212 212 212 212 212 212 212 212 212 212 212 212 212 212 212 212 212 212 212 212 212 212 212 212 212 212 212 212 212 212 212 212 212 212 212 212 212 212 211 0 159 211 115 36 227 241 226 34 14 173 91 19 87 254 249 11 167 76 160 67 130 127 14 37 103 107 189 123 148 174 250 61 49 36 94 229 221 103 167 118 69 100 178 147 174 209 91 4 220 253 157 64 21 179 212 212 212 212 212 212 212 212 212 212 212 212 212 212 212 212 212 212 212 212 212 212 212 212 
27 27 27 27 27 27 27 27 27 27 27 27 27 27 27 27 27 27 27 27 27 27 27 27 27 27 27 27 27 27 27 27 27 27 27 27 27 27 27 27 27 27 27 27 27 27 27 27 154 84 248 92 29 45 118 202 8 196 97 253 163 252 77 125 77 223 244 48 0 39 134 42 169 141 141 13 221 77 0 53 81 166 61 17 78 100 103 72 159 160 58 239 12 150 206 180 159 185 83 203 22 146 138 101 27 27 27 27 27 27 27 27 27 27 27 27 27 27 27 27 27 27 27 27 27 27 27 27 
207 207 207 207 207 207 207 207 207 207 207 207 207 207 207 207 207 207 207 207 207 207 207 207 207 207 207 207 207 207 207 207 207 207 207 207 207 207 207 207 207 207 207 207 207 207 207 207 132 174 195 196 56 102 114 121 194 194 246 221 39 126 154 102 196 139 90 199 140 74 198 57 244 233 60 26 31 144 45 101 81 171 215 6 108 201 17 232 14 87 3 76 41 202 151 118 6 68 116 129 187 41 201 52 207 207 207 207 207 207 207 207 207 207 207 207 207 207 207 207 207 207 207 207 207 207 207 207 
236 236 236 236 236 236 236 236 236 236 236 236 236 236 236 236 236 236 236 236 236 236 236 236 236 236 236 236 236 236 236 236 236 236 236 236 236 236 236 236 236 236 236 236 236 236 236 236 66 86 5 217 61 213 76 110 79 99 212 8 1 135 61 60 41 193 183 36 23 250 77 69 143 204 198 19 147 152 66 106 163 232 16 17 133 22 57 129 28 174 193 227 72 163 202 88 204 200 138 197 227 160 47 153 236 236 236 236 236 236 236 236 236 236 236 236 236 236 236 236 236 236 236 236 236 236 236 236 
191 191 191 191 191 191 191 191 191 191 191 191 191 191 191 191 191 191 191 191 191 191 191 191 191 191 191 191 191 191 191 191 191 191 191 191 191 191 191 191 191 191 191 191 191 191 191 191 15 20 73 54 56 220 94 156 241 149 195 197 141 168 99 41 246 74 104 180 214 239 159 90 65 17 219 187 95 87 72 74 143 48 7 211 125 34 72 143 254 197 143 103 154 127 163 101 237 171 141 163 248 173 87 107 191 191 191 191 191 191 191 191 191 191 191 191 191 191 191 191 191 191 191 191 191 191 191 191 
1 1 1 1 1 1 1 1 1 1 1 1 1 1 1 1 1 1 1 1 1 1 1 1 1 1 1 1 1 1 1 1 1 1 1 1 1 1 1 1 1 1 1 1 1 1 1 1 11 183 121 235 17 55 255 216 236 25 147 169 71 117 160 252 124 234 62 235 236 247 255 221 208 108 38 67 130 183 175 201 203 149 196 116 31 50 39 108 39 174 45 138 232 198 211 112 108 190 58 131 198 68 235 39 1 1 1 1 1 1 1 1 1 1 1 1 1 1 1 1 1 1 1 1 1 1 1 1 
91 91 91 91 91 91 91 91 91 91 91 91 91 91 91 91 219 155 106 116 47 129 182 77 224 34 217 225 26 151 54 196 245 199 32 50 80 251 137 156 149 65 187 194 220 231 107 71 89 167 51 137 153 42 141 228 239 3 246 110 36 204 57 4 80 60 121 203 79 222 254 3 6 7 225 225 83 180 85 8 56 162 45 20 107 23 117 207 79 222 204 92 16 114 162 221 44 23 38 123 163 51 236 12 193 167 251 76 49 96 96 235 91 91 91 91 91 91 91 91 91 91 91 91 91 91 91 91 
72 72 72 72 72 72 72 72 72 72 72 72 72 72 72 72 251 216 29 133 180 63 42 129 165 12 59 24 43 35 124 107 197 140 28 42 4 219 116 159 86 254 242 113 110 157 21 61 100 255 121 207 230 76 18 56 20 248 47 11 66 130 254 184 157 53 120 239 161 90 195 131 255 16 12 132 88 100 1 213 154 181 248 76 208 156 57 236 71 27 13 139 25 131 159 77 244 204 195 224 232 20 204 131 35 174 157 235 184 91 150 150 72 72 72 72 72 72 72 72 72 72 72 72 72 72 72 72 
62 62 62 62 62 62 62 62 62 62 62 62 62 62 62 62 92 3 26 180 150 142 70 182 20 80 124 85 107 88 18 116 57 211 251 117 192 109 66 102 11 225 226 33 90 253 170 78 81 10 198 48 188 33 82 175 222 117 111 116 126 244 122 75 60 63 221 168 212 215 88 205 124 229 228 111 72 100 154 81 176 115 199 156 229 220 14 81 134 209 35 109 18 65 135 234 0 174 172 191 106 24 196 16 17 132 107 184 226 122 3 227 62 62 62 62 62 62 62 62 62 62 62 62 62 62 62 62 
48 48 48 48 48 48 48 48 48 48 48 48 48 48 48 48 49 152 111 89 66 45 244 64 253 19 30 215 5 126 154 105 116 98 105 81 156 161 42 2 70 167 59 102 176 117 206 60 114 120 53 211 224 192 13 158 65 4 42 39 253 19 141 245 54 213 151 203 102 193 30 13 133 59 121 94 48 238 171 226 8 44 238 236 215 92 142 10 77 81 200 23 68 55 96 127 57 128 14 248 35 50 102 21 19 107 42 43 135 213 118 51 48 48 48 48 48 48 48 48 48 48 48 48 48 48 48 48 
142 142 142 142 142 142 142 142 142 142 142 142 142 142 142 142 18 196 226 207 115 28 127 24 62 184 241 242 252 194 111 51 245 37 18 243 26 20 113 238 234 142 230 21 174 86 169 14 94 212 184 23 82 198 48 75 55 53 56 154 245 220 84 73 109 101 139 247 106 166 198 120 37 163 192 184 185 198 210 199 88 116 104 117 122 229 95 91 42 212 139 151 228 146 194 231 26 134 94 219 200 111 142 202 109 247 165 4 5 5 222 162 142 142 142 142 142 142 142 142 142 142 142 142 142 142 142 142 
127 127 127 127 127 127 127 127 127 127 127 127 127 127 127 127 144 209 117 108 129 101 41 249 79 233 122 133 107 122 135 174 164 187 235 208 200 233 205 91 75 212 23 178 206 75 138 2 212 189 191 54 59 249 84 158 132 86 9 24 219 39 105 246 108 15 48 165 174 21 14 151 194 32 155 11 251 188 164 114 208 61 186 174 41 227 239 245 39 238 133 31 24 175 115 40 246 196 33 52 145 106 234 219 53 101 216 192 29 3 110 251 127 127 127 127 127 127 127 127 127 127 127 127 127 127 127 127 
177 177 177 177 177 177 177 177 177 177 177 177 177 177 177 177 177 194 56 205 133 214 20 197 43 157 112 24 244 110 156 109 135 151 182 4 151 200 152 247 144 110 167 6 154 117 38 36 134 153 1 84 83 214 57 148 110 250 229 156 156 64 172 176 85 176 102 92 44 18 121 152 8 236 255 100 41 198 11 227 48 51 175 62 42 30 98 13 104 78 3 146 20 160 121 114 132 193 209 148 239 104 203 143 44 49 92 227 97 183 41 117 177 177 177 177 177 177 177 177 177 177 177 177 177 177 177 177 
194 194 194 194 194 194 194 194 194 194 194 194 194 194 194 194 138 83 238 247 116 133 180 99 2 16 11 217 34 179 13 26 246 176 215 81 70 102 200 200 7 24 29 78 132 75 80 126 89 222 187 127 7 186 18 192 164 175 123 137 224 222 139 67 113 223 204 223 196 208 46 69 101 165 142 238 82 251 14 192 77 30 178 39 14 61 170 255 222 132 173 242 123 120 180 165 211 21 89 148 45 56 62 203 43 22 230 21 244 172 165 136 194 194 194 194 194 194 194 194 194 194 194 194 194 194 194 194 
137 137 137 137 137 137 137 137 137 137 137 137 137 137 137 137 137 117 226 50 234 98 138 116 227 173 1 32 181 43 198 35 188 55 244 101 86 88 121 202 93 155 9 26 248 196 186 132 6 84 163 100 76 141 24 244 187 156 158 215 155 99 196 11 22 195 197 75 176 32 2 216 205 67 89 158 129 107 129 147 204 129 207 6 185 78 171 28 133 141 8 111 165 117 243 219 30 168 19 147 205 161 24 36 240 156 216 195 37 248 139 77 137 137 137 137 137 137 137 137 137 137 137 137 137 137 137 137 
209 209 209 209 209 209 209 209 209 209 209 209 209 209 209 209 218 249 249 194 184 121 115 70 194 156 13 176 194 53 92 250 214 109 169 189 237 177 145 169 182 37 159 65 65 205 63 15 174 128 12 169 167 181 248 174 140 60 93 105 179 97 235 7 73 237 235 223 42 155 94 215 140 36 57 110 37 211 131 244 203 85 239 13 225 0 143 5 5 131 9 165 185 109 96 206 53 91 149 205 176 172 235 123 169 62 132 207 109 64 66 191 209 209 209 209 209 209 209 209 209 209 209 209 209 209 209 209 
212 212 212 212 212 212 212 212 212 212 212 212 212 212 212 212 70 54 126 105 114 194 10 43 85 94 56 81 147 172 117 113 28 116 103 24 108 78 156 218 108 77 170 211 136 251 26 15 223 141 219 31 128 202 187 117 50 221 18 127 179 19 79 114 189 33 91 222 133 87 168 33 222 180 7 193 122 59 176 103 91 42 149 11 223 236 198 146 160 17 192 245 229 170 163 191 199 185 107 75 207 72 131 4 100 133 144 107 124 56 124 22 212 212 212 212 212 212 212 212 212 212 212 212 212 212 212 212 
27 27 27 27 27 27 27 27 27 27 27 27 27 27 27 27 180 73 248 237 30 22 165 135 227 53 194 219 152 200 82 161 207 122 55 156 236 68 106 255 122 45 98 105 253 244 114 250 98 50 216 212 220 53 23 10 235 182 221 192 179 133 212 6 210 136 208 120 182 221 147 53 6 35 218 88 186 254 42 109 6 1 102 253 71 209 90 86 120 50 255 1 190 152 49 79 50 100 75 16 116 142 60 213 165 94 66 45 107 155 231 89 27 27 27 27 27 27 27 27 27 27 27 27 27 27 27 27 
207 207 207 207 207 207 207 207 207 207 207 207 207 207 207 207 137 163 28 65 38 16 91 63 27 255 98 153 104 149 170 28 179 177 1 105 137 92 190 58 72 62 55 96 144 202 69 157 18 196 184 233 39 215 202 235 190 112 81 109 131 248 9 232 158 167 124 21 124 65 127 107 71 208 87 158 97 154 11 51 62 185 149 155 97 137 163 37 241 133 155 227 144 218 128 130 29 196 15 21 111 100 174 188 226 117 248 161 66 57 211 42 207 207 207 207 207 207 207 207 207 207 207 207 207 207 207 207 
236 236 236 236 236 236 236 236 236 236 236 236 236 236 236 236 28 98 200 40 185 193 38 88 57 39 185 249 107 92 121 175 131 120 185 35 66 207 187 184 6 130 109 124 23 22 113 165 198 97 126 67 220 155 57 218 115 250 58 211 29 168 72 157 197 171 6 101 139 51 172 97 242 7 120 232 199 43 205 74 242 249 167 247 169 254 145 126 239 67 210 189 31 251 32 143 130 178 40 24 208 147 218 100 111 243 41 109 120 205 11 249 236 236 236 236 236 236 236 236 236 236 236 236 236 236 236 236 
191 191 191 191 191 191 191 191 191 191 191 191 191 191 191 191 91 53 215 117 187 93 1 212 43 215 22 84 108 215 140 8 15 50 115 204 196 34 127 109 207 143 181 120 126 94 160 203 205 179 8 126 131 80 187 62 183 177 220 35 87 46 30 220 146 78 63 199 120 229 142 103 165 138 213 237 253 151 160 253 36 85 112 39 166 150 24 142 140 197 44 124 81 147 146 63 241 136 113 145 24 16 73 64 156 178 13 137 81 4 184 37 191 191 191 191 191 191 191 191 191 191 191 191 191 191 191 191 
1 1 1 1 1 1 1 1 1 1 1 1 1 1 1 1 5 184 188 158 79 2 26 52 251 86 90 163 92 4 252 193 11 84 122 30 139 102 217 96 211 26 231 115 10 214 115 91 129 69 95 82 221 109 80 39 215 127 253 13 234 198 10 9 62 254 95 167 120 77 45 195 157 0 119 238 36 198 29 111 209 124 227 39 208 124 49 55 205 131 128 212 195 179 77 166 97 70 188 131 100 250 193 18 133 30 122 103 194 146 68 140 1 1 1 1 1 1 1 1 1 1 1 1 1 1 1 1 
91 91 91 91 91 91 60 60 215 161 205 99 245 157 54 19 168 177 2 184 203 214 193 126 14 253 255 203 207 232 226 47 78 43 103 100 151 188 184 216 34 173 251 147 6 7 149 55 245 14 70 37 158 75 145 239 183 106 138 184 47 119 140 12 251 171 77 40 64 28 57 229 28 82 228 216 121 173 235 68 117 190 178 23 186 252 2 204 189 193 75 226 240 235 253 137 127 131 183 239 109 175 177 250 165 46 141 203 107 218 85 210 91 91 91 91 91 91 91 91 91 91 91 91 91 91 91 91 
72 72 72 72 72 72 133 133 2 117 23 206 43 115 244 114 57 111 107 242 38 27 136 214 144 22 12 168 184 238 50 87 165 243 231 40 241 179 180 120 32 253 248 173 180 171 211 57 1 79 176 15 255 74 161 45 54 100 169 236 82 31 152 244 154 57 48 190 23 229 145 80 89 157 138 2 206 193 213 9 250 65 5 38 138 248 201 213 28 118 229 78 27 102 161 104 32 200 66 86 25 129 87 128 6 80 57 22 213 119 175 205 72 72 72 72 72 72 72 72 72 72 72 72 72 72 72 72 
62 62 62 62 62 62 170 170 7 85 11 143 23 191 26 64 243 97 71 33 142 45 213 88 102 42 254 92 44 112 135 144 230 75 92 176 93 85 240 121 250 125 225 123 220 187 227 85 169 128 2 198 47 158 56 243 147 75 1 68 191 41 52 229 157 76 201 77 102 244 102 229 219 62 199 101 200 23 236 148 130 194 201 161 248 178 32 87 20 149 98 217 176 107 219 4 195 230 185 186 161 3 101 93 229 90 58 90 118 165 129 80 62 62 62 62 62 62 62 62 62 62 62 62 62 62 62 62 
48 48 48 48 48 48 172 172 35 17 136 225 167 185 204 47 109 141 100 94 64 38 234 216 194 231 226 216 224 226 201 160 237 25 137 168 117 241 139 21 103 99 173 63 193 163 95 167 216 211 161 147 110 11 13 189 184 233 108 188 151 250 35 132 24 107 53 116 9 231 167 16 252 73 79 6 247 188 138 245 1 49 226 183 255 195 179 76 27 237 140 187 50 100 174 180 15 201 221 246 70 75 144 199 126 234 43 84 157 61 165 133 48 48 48 48 48 48 48 48 48 48 48 48 48 48 48 48 
142 142 142 142 142 142 8 8 70 93 249 14 185 150 31 80 98 16 209 97 137 3 86 102 246 79 58 96 193 83 237 188 234 64 151 105 2 210 109 235 26 243 178 76 170 4 95 96 0 209 74 95 227 213 120 27 29 13 26 222 188 156 173 136 39 175 208 212 101 84 39 56 219 214 28 13 51 113 161 25 205 219 176 131 14 104 82 21 73 144 27 209 191 93 239 95 113 97 1 100 137 201 192 194 148 77 103 253 218 34 86 188 142 142 142 142 142 142 142 142 142 142 142 142 142 142 142 142 
127 127 127 127 127 127 52 52 42 102 107 56 16 209 104 177 118 122 181 175 218 167 121 8 248 189 124 103 112 1 205 184 192 136 15 82 21 98 226 221 13 7 156 167 238 15 178 32 103 60 190 191 193 139 62 70 12 176 140 230 185 125 47 157 169 91 9 190 253 190 136 236 248 81 113 72 110 10 229 103 0 213 22 189 119 149 146 69 13 161 28 185 28 175 119 170 38 131 13 52 91 148 147 45 97 117 134 86 27 18 5 211 127 127 127 127 127 127 127 127 127 127 127 127 127 127 127 127 
177 177 177 177 177 177 83 83 178 223 168 95 36 77 115 24 1 159 28 246 45 211 88 199 241 9 15 187 108 155 134 7 228 11 69 16 148 37 208 36 70 242 198 11 190 197 154 79 240 160 107 189 92 75 106 126 173 48 143 97 124 111 187 189 169 102 238 12 127 209 16 183 71 11 54 211 249 218 170 182 143 147 172 18 105 2 207 171 228 180 242 102 135 2 123 33 160 7 214 193 41 152 136 140 226 25 58 93 201 58 34 251 177 177 177 177 177 177 177 177 177 177 177 177 177 177 177 177 
194 194 194 194 194 194 4 4 114 72 131 174 87 248 236 235 102 229 125 52 245 7 220 99 89 204 40 110 247 63 235 181 26 119 123 207 111 65 100 23 189 92 45 130 154 25 187 67 128 27 179 159 22 70 137 36 238 251 196 125 108 217 132 115 84 191 59 34 249 141 69 39 168 184 63 114 165 29 81 98 221 46 165 210 211 149 187 189 83 96 201 46 17 253 233 2 45 217 45 37 91 241 237 145 161 214 122 148 255 96 188 3 194 194 194 194 194 194 194 194 194 194 194 194 194 194 194 194 
137 137 137 137 137 137 173 173 129 106 199 107 32 23 6 198 127 108 128 203 90 17 172 102 15 180 239 242 84 13 30 142 113 8 1 24 254 216 68 101 80 182 198 2 36 95 170 104 148 177 112 212 17 86 101 139 220 157 154 105 28 36 59 182 19 130 118 173 73 40 49 155 101 78 1 154 62 95 185 37 117 209 185 143 127 245 173 72 253 174 97 3 206 169 85 158 29 67 124 21 21 153 105 54 7 164 163 89 35 162 83 57 137 137 137 137 137 137 137 137 137 137 137 137 137 137 137 137 
209 209 209 209 209 209 84 84 93 205 87 44 223 50 215 194 222 113 160 81 221 90 203 119 211 95 151 171 125 56 191 243 226 76 9 134 125 112 141 201 221 234 136 236 119 166 167 8 252 3 125 43 32 30 220 85 12 233 144 13 245 172 222 153 201 33 38 57 101 60 122 222 36 134 102 228 67 127 84 50 92 182 48 143 179 90 137 87 161 111 216 179 240 77 184 192 61 33 200 251 18 212 46 122 182 245 150 237 122 168 233 47 209 209 209 209 209 209 209 209 209 209 209 209 209 209 209 209 
212 212 212 212 212 212 24 24 5 187 62 28 243 28 19 118 104 68 25 22 190 182 2 74 148 234 75 173 162 224 1 67 223 34 136 116 13 238 123 37 74 6 21 85 60 91 36 81 197 84 218 155 85 247 194 86 198 139 118 136 157 216 61 169 29 153 150 30 157 157 134 77 14 137 39 83 191 241 50 115 53 155 208 99 41 138 111 22 227 130 192 25 91 94 24 10 189 211 114 221 81 247 92 72 136 207 185 253 190 120 184 103 212 212 212 212 212 212 212 212 212 212 212 212 212 212 212 212 
27 27 27 27 27 27 212 212 100 77 212 134 100 47 184 57 203 74 57 31 94 218 33 126 22 217 151 174 116 27 78 217 249 150 59 208 125 121 111 21 59 203 17 200 136 25 51 164 130 212 253 54 108 152 174 137 90 235 250 219 175 112 120 123 131 249 225 27 189 126 209 231 102 66 147 56 203 2 113 210 152 237 105 140 75 147 62 61 38 174 139 223 11 4 176 130 117 108 185 70 72 200 139 115 55 134 227 2 180 104 193 248 27 27 27 27 27 27 27 27 27 27 27 27 27 27 27 27 
207 207 207 207 207 207 15 15 244 12 21 254 67 191 67 233 149 223 24 39 5 23 255 243 70 141 138 10 197 149 194 73 79 182 235 250 85 6 154 74 173 135 253 28 10 142 196 173 48 243 172 230 43 139 228 147 139 255 199 209 214 173 236 199 39 191 55 6 73 6 197 86 249 90 167 72 13 128 40 5 245 27 141 62 30 123 122 148 195 206 77 87 200 45 221 83 84 223 12 76 115 28 128 104 84 227 255 194 216 255 105 236 207 207 207 207 207 207 207 207 207 207 207 207 207 207 207 207 
236 236 236 236 236 236 0 0 174 146 120 235 86 188 8 113 186 18 230 42 139 38 119 197 120 95 21 238 248 125 217 152 64 126 72 108 70 104 67 138 164 56 123 72 210 247 56 55 94 214 72 80 133 64 108 110 71 193 74 90 135 224 187 129 192 79 107 76 93 131 136 55 164 243 87 26 83 221 101 51 102 127 115 63 171 253 135 108 203 230 3 78 69 10 60 153 246 111 140 26 32 213 4 238 152 165 196 178 55 151 21 28 236 236 236 236 236 236 236 236 236 236 236 236 236 236 236 236 
191 191 191 191 191 191 102 102 248 66 159 207 171 207 149 165 212 134 149 215 170 226 115 189 152 100 73 44 251 11 83 179 104 189 169 57 44 42 56 253 206 218 101 31 168 230 165 75 86 22 191 172 98 42 205 86 6 192 73 80 135 221 47 4 190 186 2 111 197 168 124 185 101 247 126 183 39 251 127 151 106 109 217 1 181 243 190 49 127 99 0 99 46 225 82 193 230 215 219 62 59 252 37 170 45 239 198 141 246 177 186 105 191 191 191 191 191 191 191 191 191 191 191 191 191 191 191 191 
1 1 1 1 1 1 248 248 99 137 22 110 100 55 52 252 116 26 213 114 142 234 79 97 238 13 206 166 43 84 88 136 122 112 73 125 157 72 244 237 24 199 131 103 221 20 91 197 243 241 176 65 248 192 77 238 149 104 13 133 102 98 179 225 9 43 58 51 203 68 29 188 8 134 50 112 165 112 135 144 122 69 4 216 158 209 65 43 201 138 59 56 96 101 84 182 101 143 198 163 127 156 197 52 192 236 91 15 137 95 5 19 1 1 1 1 1 1 1 1 1 1 1 1 1 1 1 1 
91 91 91 91 91 91 91 91 67 62 9 81 46 223 97 117 125 212 211 153 13 141 26 52 112 28 107 38 42 15 80 163 151 30 187 20 226 166 1 81 172 225 221 163 231 218 81 64 53 237 211 224 89 18 211 169 31 89 170 241 5 146 20 116 93 74 203 192 113 8 118 79 242 233 19 162 83 70 194 174 145 254 201 31 241 206 103 248 161 77 240 157 76 156 196 119 136 18 24 64 202 76 6 113 74 108 202 0 197 38 100 186 172 142 199 101 249 97 31 191 184 225 91 91 91 91 60 34 
72 72 72 72 72 72 72 72 10 229 106 244 109 122 210 106 153 96 255 162 94 220 241 42 142 31 193 167 176 182 129 105 114 121 201 156 47 163 195 236 150 40 150 91 108 146 238 249 184 168 110 171 116 78 151 183 243 180 111 190 114 119 161 32 53 79 252 104 207 230 112 177 149 202 98 209 131 198 31 91 143 156 101 48 49 12 213 204 203 117 98 234 128 1 90 170 232 32 50 127 239 58 211 109 196 255 181 100 9 68 72 151 3 119 117 71 150 205 156 246 125 105 72 72 72 72 133 218 
62 62 62 62 62 62 62 62 253 33 255 25 193 206 58 78 247 106 248 93 21 63 60 195 237 16 234 130 215 141 40 138 159 86 190 182 103 219 85 20 204 198 17 171 26 76 95 61 65 5 81 226 218 164 35 85 124 154 202 117 78 79 57 33 67 168 67 213 198 84 111 244 103 140 17 122 138 44 172 117 239 22 33 20 82 142 201 80 123 187 20 163 103 156 167 88 93 78 175 253 29 26 147 223 108 223 70 115 29 52 179 138 77 212 41 138 169 149 69 115 251 8 62 62 62 62 170 0 
48 48 48 48 48 48 48 48 231 76 187 152 191 154 254 181 71 181 24 0 80 225 94 30 116 194 182 188 162 105 172 102 106 83 217 129 52 88 92 96 209 170 84 191 89 110 225 218 217 230 243 44 247 201 231 231 222 225 209 217 250 112 221 155 106 208 196 51 25 22 90 75 81 255 224 49 101 167 20 251 97 198 212 66 176 186 182 249 72 178 229 81 177 161 59 159 62 163 6 161 190 204 52 248 126 84 95 131 179 95 38 117 240 166 15 124 25 48 168 164 58 63 48 48 48 48 172 119 
142 142 142 142 142 142 142 142 127 156 238 128 13 69 37 232 38 165 196 6 86 149 209 242 221 144 237 164 131 139 127 255 120 44 245 176 53 6 198 180 48 240 150 39 194 90 162 93 86 165 47 137 165 242 120 173 14 33 46 54 235 201 79 148 89 209 11 96 208 176 123 98 227 119 189 205 99 77 61 60 64 173 19 17 75 164 76 115 169 61 104 34 175 121 51 97 232 168 215 50 29 28 145 176 8 160 178 142 135 124 179 74 134 70 60 168 216 155 151 59 18 57 142 142 142 142 8 47 
127 127 127 127 127 127 127 127 73 40 132 70 230 23 118 152 0 158 86 144 123 35 113 231 122 18 38 10 11 216 181 6 252 98 190 139 87 227 207 145 22 147 70 170 96 23 130 240 30 161 14 189 156 11 53 198 62 137 215 46 146 1 217 143 138 2 121 236 170 192 29 18 116 240 21 177 233 134 101 245 72 195 145 104 175 254 186 218 188 241 178 34 107 51 64 230 22 72 88 242 166 130 230 11 112 198 42 43 212 213 246 27 74 34 155 34 20 100 78 155 26 34 127 127 127 127 52 94 
177 177 177 177 177 177 177 177 83 224 157 15 61 208 101 243 205 213 60 166 116 208 143 99 42 89 114 70 92 5 53 201 33 111 3 9 0 10 118 164 132 130 248 252 188 85 90 102 52 75 107 66 182 114 5 253 163 61 254 31 48 215 132 69 168 38 129 55 232 4 205 209 253 8 166 194 10 190 197 34 18 36 124 93 249 226 136 86 93 172 155 121 125 66 17 179 1 58 166 213 87 129 77 114 57 157 99 97 162 23 240 77 56 107 151 64 20 120 163 30 189 242 177 177 177 177 83 17 
194 194 194 194 194 194 194 194 53 15 44 111 112 237 248 102 107 100 177 89 75 247 9 209 11 119 131 89 5 50 237 37 183 232 50 248 108 15 46 32 29 221 238 230 87 70 188 31 67 91 132 145 108 11 170 68 58 151 68 1 122 52 74 62 67 238 28 119 38 125 84 216 166 179 65 172 84 218 6 66 172 143 228 5 189 141 207 132 117 188 238 212 1 10 243 228 244 92 80 171 204 211 99 112 225 221 107 156 144 230 170 61 198 72 60 236 209 45 58 127 246 209 194 194 194 194 4 0 
137 137 137 137 137 137 137 137 64 174 206 134 1 216 172 52 72 62 37 219 165 108 4 161 245 225 166 84 232 30 162 113 102 235 170 120 128 107 242 241 253 192 239 193 189 248 140 123 1 86 236 164 79 236 216 133 201 148 99 15 131 122 184 233 168 195 144 158 233 144 107 233 186 100 189 59 92 66 239 18 20 250 32 109 177 144 23 11 178 5 22 218 232 190 145 58 241 95 220 20 56 234 9 91 22 136 190 119 167 120 81 200 31 86 106 254 91 41 249 78 130 135 137 137 137 137 173 145 
209 209 209 209 209 209 209 209 47 146 204 78 110 240 105 133 127 2 173 40 248 190 116 153 61 113 144 168 227 169 241 217 125 45 98 46 175 156 167 114 72 5 208 13 198 89 231 121 115 244 44 224 179 243 244 231 59 184 172 132 168 198 102 29 69 119 200 86 94 132 39 70 87 248 13 116 73 162 211 234 110 50 202 54 143 241 96 22 107 47 164 14 237 198 111 219 196 145 32 91 251 88 165 142 251 91 148 249 73 190 88 168 225 234 38 95 89 73 26 53 110 178 209 209 209 209 84 254 
212 212 212 212 212 212 212 212 146 101 243 8 225 222 26 103 37 159 195 142 124 142 10 29 82 55 245 122 164 10 34 168 164 87 208 53 80 232 141 106 244 194 132 185 84 72 44 160 145 120 251 153 147 29 3 70 245 97 167 75 210 22 216 71 102 90 100 240 130 216 115 60 91 127 173 11 162 38 26 208 59 8 208 201 156 168 176 22 229 34 205 100 197 87 99 11 241 236 165 211 241 138 106 117 188 68 72 175 152 38 17 208 2 183 162 173 85 65 33 251 87 54 212 212 212 212 24 68 
27 27 27 27 27 27 27 27 146 169 16 100 134 94 136 103 33 154 138 11 152 12 49 149 220 196 109 87 51 114 179 101 46 245 44 205 99 62 15 32 130 122 33 166 71 109 163 215 254 37 116 137 168 240 251 77 26 122 246 101 140 88 115 155 178 207 50 160 25 81 159 157 187 157 123 173 146 159 39 96 64 168 48 28 54 41 208 34 115 250 21 59 239 73 201 247 2 94 180 66 19 107 15 151 236 94 102 150 114 120 57 153 29 154 240 253 27 216 84 17 48 201 27 27 27 27 212 123 
207 207 207 207 207 207 207 207 133 80 165 75 221 182 219 16 57 100 46 237 182 123 174 27 156 86 139 104 166 7 115 245 210 180 72 156 82 62 84 168 5 232 84 108 202 214 5 13 227 89 101 232 160 109 242 91 201 6 45 219 179 46 185 141 202 152 84 48 71 60 112 224 219 224 243 2 50 161 246 68 210 144 21 212 83 91 25 199 160 15 93 196 137 232 183 77 93 133 237 162 201 127 26 236 64 132 23 216 144 53 216 35 203 200 154 39 136 157 113 224 80 60 207 207 207 207 15 35 
236 236 236 236 236 236 236 236 242 60 254 101 94 94 101 248 1 206 36 36 223 239 8 34 143 246 166 23 84 18 81 120 136 80 64 54 207 75 181 158 197 153 26 44 129 239 114 61 184 109 19 176 146 132 105 197 62 75 3 7 57 217 168 13 110 207 108 52 177 122 99 12 187 69 165 33 150 160 137 193 111 53 232 252 91 52 176 99 225 39 129 21 39 29 34 199 84 132 239 75 255 239 119 52 107 113 39 32 143 110 15 210 94 98 76 0 6 48 142 69 74 101 236 236 236 236 0 197 
191 191 191 191 191 191 191 191 30 127 139 171 121 232 174 207 120 237 79 10 60 131 127 118 166 55 92 236 251 224 109 215 160 76 152 80 84 205 101 181 126 203 130 42 211 5 249 188 30 56 70 184 203 61 62 3 121 189 220 93 84 182 145 198 103 35 126 205 227 40 93 147 1 103 127 195 121 2 35 86 143 81 121 2 191 6 232 185 172 135 225 96 21 5 147 235 106 158 229 120 223 128 212 88 206 145 7 178 169 133 30 154 38 28 176 97 155 154 67 108 182 192 191 191 191 191 102 216 
1 1 1 1 1 1 1 1 158 161 168 108 128 186 211 59 149 11 18 80 222 245 36 110 118 194 54 108 206 180 30 249 170 90 36 92 218 77 1 73 170 130 87 111 137 2 208 154 234 32 193 124 172 46 212 119 51 169 191 30 130 58 133 180 31 139 68 137 116 166 162 177 62 196 100 95 163 90 66 125 121 37 4 141 144 85 203 8 148 125 23 242 122 85 243 42 233 228 54 172 163 118 182 99 65 174 246 191 11 148 46 168 178 167 235 11 12 49 226 127 15 65 1 1 1 1 248 174 
91 91 91 91 91 91 91 91 91 91 91 91 91 91 91 91 91 91 91 91 91 91 91 91 53 44 117 176 93 165 219 219 170 245 196 51 59 150 9 49 118 107 192 199 196 96 54 5 94 231 227 66 226 244 221 85 190 14 137 185 182 79 30 153 204 180 220 54 160 120 92 112 210 94 129 9 193 194 4 200 149 45 226 155 77 124 131 85 91 91 91 91 91 91 91 91 91 91 91 91 91 91 91 91 91 91 91 91 91 91 91 91 91 91 91 91 91 91 91 91 91 91 91 91 91 91 91 91 
72 72 72 72 72 72 72 72 72 72 72 72 72 72 72 72 72 72 72 72 72 72 72 72 48 164 23 217 65 20 195 243 0 236 101 33 162 178 188 132 33 87 134 152 143 15 122 41 110 96 161 119 7 191 203 247 55 157 62 133 42 29 105 241 191 150 198 2 30 233 160 127 171 54 78 92 66 74 132 78 185 173 154 166 28 225 73 45 72 72 72 72 72 72 72 72 72 72 72 72 72 72 72 72 72 72 72 72 72 72 72 72 72 72 72 72 72 72 72 72 72 72 72 72 72 72 72 72 
62 62 62 62 62 62 62 62 62 62 62 62 62 62 62 62 62 62 62 62 62 62 62 62 55 202 183 43 70 5 222 13 248 2 165 28 16 6 172 199 191 129 159 205 41 124 14 188 179 89 125 247 115 207 207 154 14 15 22 234 26 19 252 170 15 103 128 214 68 119 220 91 95 138 230 78 5 55 26 226 18 37 89 44 57 196 238 145 62 62 62 62 62 62 62 62 62 62 62 62 62 62 62 62 62 62 62 62 62 62 62 62 62 62 62 62 62 62 62 62 62 62 62 62 62 62 62 62 
48 48 48 48 48 48 48 48 48 48 48 48 48 48 48 48 48 48 48 48 48 48 48 48 244 208 247 253 229 3 70 55 61 161 137 4 196 141 137 189 87 187 14 48 221 143 253 20 151 249 18 229 168 170 250 8 238 164 204 29 90 57 241 42 129 134 243 83 206 98 193 97 157 42 149 7 153 56 223 139 174 211 163 221 184 27 82 151 48 48 48 48 48 48 48 48 48 48 48 48 48 48 48 48 48 48 48 48 48 48 48 48 48 48 48 48 48 48 48 48 48 48 48 48 48 48 48 48 
142 142 142 142 142 142 142 142 142 142 142 142 142 142 142 142 142 142 142 142 142 142 142 142 236 55 166 109 108 122 255 45 246 176 27 247 115 2 108 157 15 37 238 175 195 201 155 144 135 202 68 49 176 36 30 245 157 124 63 110 165 254 75 173 96 37 124 63 227 246 80 235 64 108 123 50 85 235 36 237 190 49 193 26 13 103 165 24 142 142 142 142 142 142 142 142 142 142 142 142 142 142 142 142 142 142 142 142 142 142 142 142 142 142 142 142 142 142 142 142 142 142 142 142 142 142 142 142 
127 127 127 127 127 127 127 127 127 127 127 127 127 127 127 127 127 127 127 127 127 127 127 127 113 125 22 39 247 48 19 33 147 105 130 73 27 100 30 238 166 179 105 179 240 179 216 164 215 84 1 202 223 209 27 41 63 249 9 108 62 12 27 145 156 240 144 247 110 149 147 175 62 43 66 161 161 234 1 239 159 28 125 96 36 74 165 51 127 127 127 127 127 127 127 127 127 127 127 127 127 127 127 127 127 127 127 127 127 127 127 127 127 127 127 127 127 127 127 127 127 127 127 127 127 127 127 127 
177 177 177 177 177 177 177 177 177 177 177 177 177 177 177 177 177 177 177 177 177 177 177 177 156 198 28 176 246 47 107 59 33 74 252 96 57 39 231 94 204 8 218 35 64 70 12 0 183 210 218 77 75 49 61 232 114 209 193 48 131 242 32 97 139 135 27 5 236 95 23 227 164 248 124 46 53 122 86 30 245 196 195 108 96 86 192 177 177 177 177 177 177 177 177 177 177 177 177 177 177 177 177 177 177 177 177 177 177 177 177 177 177 177 177 177 177 177 177 177 177 177 177 177 177 177 177 177 
194 194 194 194 194 194 194 194 194 194 194 194 194 194 194 194 194 194 194 194 194 194 194 194 226 97 101 24 129 0 201 185 23 11 222 160 29 182 188 154 143 255 254 122 244 71 235 84 128 230 128 169 47 149 154 225 178 81 33 193 142 149 203 68 208 19 125 237 217 0 9 12 103 89 37 50 196 156 77 189 158 185 192 175 213 254 124 123 194 194 194 194 194 194 194 194 194 194 194 194 194 194 194 194 194 194 194 194 194 194 194 194 194 194 194 194 194 194 194 194 194 194 194 194 194 194 194 194 
137 137 137 137 137 137 137 137 137 137 137 137 137 137 137 137 137 137 137 137 137 137 137 137 221 238 157 127 226 20 171 165 22 232 143 128 31 230 154 181 52 119 60 78 142 172 121 139 78 47 185 110 171 201 74 13 48 68 241 104 3 231 160 200 72 105 223 41 116 56 139 199 225 58 55 199 6 246 190 229 193 220 47 205 124 60 190 213 137 137 137 137 137 137 137 137 137 137 137 137 137 137 137 137 137 137 137 137 137 137 137 137 137 137 137 137 137 137 137 137 137 137 137 137 137 137 137 137 
209 209 209 209 209 209 209 209 209 209 209 209 209 209 209 209 209 209 209 209 209 209 209 209 234 35 63 68 241 179 118 166 191 157 203 87 63 159 188 136 99 176 188 128 100 136 169 64 97 178 82 143 0 238 115 203 7 49 99 97 16 31 153 169 134 52 113 94 221 205 51 125 177 141 253 64 25 129 57 161 227 124 6 198 148 189 114 200 209 209 209 209 209 209 209 209 209 209 209 209 209 209 209 209 209 209 209 209 209 209 209 209 209 209 209 209 209 209 209 209 209 209 209 209 209 209 209 209 
212 212 212 212 212 212 212 212 212 212 212 212 212 212 212 212 212 212 212 212 212 212 212 212 49 196 186 16 154 29 188 55 238 123 70 147 156 244 95 161 177 189 227 37 133 108 113 71 122 227 93 119 190 24 64 141 41 149 211 84 63 183 79 155 31 190 246 40 208 201 215 185 114 103 112 59 26 62 241 81 186 92 153 12 210 42 44 88 212 212 212 212 212 212 212 212 212 212 212 212 212 212 212 212 212 212 212 212 212 212 212 212 212 212 212 212 212 212 212 212 212 212 212 212 212 212 212 212 
27 27 27 27 27 27 27 27 27 27 27 27 27 27 27 27 27 27 27 27 27 27 27 27 44 8 27 227 62 205 223 95 132 49 139 143 116 1 191 253 73 223 201 71 35 177 208 147 120 124 167 30 213 171 19 41 154 76 183 191 150 111 62 189 118 126 53 131 12 157 65 253 168 51 180 159 64 231 167 250 188 27 248 128 211 197 68 115 27 27 27 27 27 27 27 27 27 27 27 27 27 27 27 27 27 27 27 27 27 27 27 27 27 27 27 27 27 27 27 27 27 27 27 27 27 27 27 27 
207 207 207 207 207 207 207 207 207 207 207 207 207 207 207 207 207 207 207 207 207 207 207 207 42 248 231 120 178 45 106 178 86 113 54 33 125 81 8 183 57 251 8 39 244 250 172 112 67 229 48 142 236 187 152 190 175 100 7 234 187 114 160 139 251 13 167 17 243 69 15 77 20 72 67 230 43 1 4 114 163 123 89 233 160 141 92 213 207 207 207 207 207 207 207 207 207 207 207 207 207 207 207 207 207 207 207 207 207 207 207 207 207 207 207 207 207 207 207 207 207 207 207 207 207 207 207 207 
236 236 236 236 236 236 236 236 236 236 236 236 236 236 236 236 236 236 236 236 236 236 236 236 120 185 15 46 186 47 140 221 229 208 221 155 249 71 192 207 105 132 235 17 130 151 98 145 254 224 239 142 110 96 152 3 29 218 248 217 109 210 132 32 236 225 103 164 122 185 213 142 242 201 48 233 92 34 190 204 193 103 144 197 126 157 246 9 236 236 236 236 236 236 236 236 236 236 236 236 236 236 236 236 236 236 236 236 236 236 236 236 236 236 236 236 236 236 236 236 236 236 236 236 236 236 236 236 
191 191 191 191 191 191 191 191 191 191 191 191 191 191 191 191 191 191 191 191 191 191 191 191 231 164 47 1 6 4 182 114 192 145 218 113 70 152 83 139 33 41 97 4 55 107 36 142 252 100 237 127 211 54 83 127 234 85 108 153 70 255 79 9 152 22 12 248 195 194 116 234 70 1 39 64 31 238 174 83 186 19 24 104 254 232 228 109 191 191 191 191 191 191 191 191 191 191 191 191 191 191 191 191 191 191 191 191 191 191 191 191 191 191 191 191 191 191 191 191 191 191 191 191 191 191 191 191 
1 1 1 1 1 1 1 1 1 1 1 1 1 1 1 1 1 1 1 1 1 1 1 1 217 206 9 167 179 204 211 112 250 189 49 67 233 66 255 193 114 241 52 202 74 196 39 33 28 14 122 184 239 191 138 173 151 49 249 8 60 33 24 181 21 163 21 148 162 10 69 137 85 85 179 206 116 86 58 5 198 166 197 13 160 122 103 126 1 1 1 1 1 1 1 1 1 1 1 1 1 1 1 1 1 1 1 1 1 1 1 1 1 1 1 1 1 1 1 1 1 1 1 1 1 1 1 1 
91 91 91 91 91 91 91 91 91 91 91 91 91 91 91 91 207 138 141 148 160 106 184 237 67 225 255 63 43 46 224 91 227 137 129 74 70 189 170 81 118 184 184 53 232 222 84 71 154 30 198 251 87 105 67 147 123 154 149 52 118 182 179 108 189 253 249 62 97 234 77 176 39 221 185 120 56 80 167 42 251 175 32 21 104 241 131 117 71 41 150 51 105 82 227 190 140 99 204 110 153 42 73 112 91 91 91 91 91 91 91 91 91 91 91 91 91 91 91 91 91 91 91 91 91 91 91 91 
72 72 72 72 72 72 72 72 72 72 72 72 72 72 72 72 215 111 52 236 176 32 74 4 106 10 107 47 206 94 59 198 41 200 161 72 80 77 84 121 73 95 16 2 72 123 209 197 69 85 251 44 141 46 143 24 217 109 80 215 73 33 231 81 95 253 92 152 32 181 221 86 122 84 66 84 229 252 35 94 159 158 161 220 211 248 121 14 44 190 101 111 196 64 128 121 12 154 35 193 213 135 177 8 72 72 72 72 72 72 72 72 72 72 72 72 72 72 72 72 72 72 72 72 72 72 72 72 
62 62 62 62 62 62 62 62 62 62 62 62 62 62 62 62 78 76 95 34 23 242 5 141 1 217 73 212 130 153 245 243 105 59 211 120 105 104 36 164 160 24 246 110 123 198 255 129 180 119 238 8 100 141 54 64 59 152 85 239 240 15 85 2 65 98 24 213 68 170 234 128 201 58 7 203 86 253 138 37 217 38 88 83 91 51 172 63 154 110 108 134 91 181 156 195 162 204 184 23 176 142 191 212 62 62 62 62 62 62 62 62 62 62 62 62 62 62 62 62 62 62 62 62 62 62 62 62 
48 48 48 48 48 48 48 48 48 48 48 48 48 48 48 48 18 8 2 3 23 56 70 176 115 192 122 44 217 219 123 160 193 23 182 57 17 244 209 146 90 94 164 179 113 13 246 60 49 157 245 144 72 248 215 80 137 79 186 44 228 229 56 171 146 123 181 101 54 165 189 13 158 101 235 88 77 25 120 185 228 11 5 175 98 46 25 201 185 158 81 254 52 163 219 58 7 204 13 237 26 14 157 226 48 48 48 48 48 48 48 48 48 48 48 48 48 48 48 48 48 48 48 48 48 48 48 48 
142 142 142 142 142 142 142 142 142 142 142 142 142 142 142 142 3 219 126 109 215 154 116 19 196 70 239 175 171 34 244 250 32 153 214 148 185 184 169 162 106 45 8 163 76 96 253 13 164 135 233 174 1 217 102 150 81 246 73 118 87 186 239 178 226 77 131 199 36 193 224 184 9 5 212 203 253 190 61 144 227 120 12 76 42 162 204 17 78 3 59 118 54 125 203 60 186 230 49 125 61 99 18 167 142 142 142 142 142 142 142 142 142 142 142 142 142 142 142 142 142 142 142 142 142 142 142 142 
127 127 127 127 127 127 127 127 127 127 127 127 127 127 127 127 118 148 62 176 24 226 41 240 253 90 99 33 8 137 141 57 222 79 137 155 229 170 221 136 112 252 59 83 221 60 103 240 66 154 2 110 83 0 126 110 108 162 94 112 173 251 110 160 91 226 20 168 48 59 62 212 203 101 155 143 183 147 100 84 175 20 24 121 15 192 82 24 75 20 251 29 57 62 19 140 143 103 93 199 147 16 57 204 127 127 127 127 127 127 127 127 127 127 127 127 127 127 127 127 127 127 127 127 127 127 127 127 
177 177 177 177 177 177 177 177 177 177 177 177 177 177 177 177 62 174 221 74 142 116 3 132 234 229 192 70 70 194 20 203 128 115 87 145 45 17 33 108 17 99 101 77 248 174 85 222 215 152 143 199 30 165 128 152 158 199 151 179 174 191 59 41 249 161 126 7 233 61 91 185 156 165 204 228 80 226 191 146 40 102 235 105 46 234 67 201 61 152 220 191 130 180 120 209 230 10 75 67 129 224 55 198 177 177 177 177 177 177 177 177 177 177 177 177 177 177 177 177 177 177 177 177 177 177 177 177 
194 194 194 194 194 194 194 194 194 194 194 194 194 194 194 194 59 254 237 217 105 134 26 85 54 194 147 46 98 241 181 146 9 247 200 95 241 158 245 140 151 26 103 44 212 243 77 238 248 58 152 154 140 70 203 240 83 203 209 191 209 111 64 206 110 140 60 77 198 81 13 230 122 177 188 141 21 141 44 23 176 19 91 91 237 132 206 51 58 26 165 50 226 8 89 223 78 182 133 127 21 249 188 119 194 194 194 194 194 194 194 194 194 194 194 194 194 194 194 194 194 194 194 194 194 194 194 194 
137 137 137 137 137 137 137 137 137 137 137 137 137 137 137 137 232 91 3 114 93 15 30 239 164 234 102 226 15 152 52 43 72 214 152 251 195 27 11 142 119 37 27 81 101 235 128 69 79 189 206 45 169 103 41 156 209 244 64 44 54 31 110 37 47 237 153 98 208 134 227 157 28 86 50 138 31 100 222 86 252 152 110 26 115 76 136 208 40 150 187 10 202 223 185 99 98 60 249 219 87 51 178 129 137 137 137 137 137 137 137 137 137 137 137 137 137 137 137 137 137 137 137 137 137 137 137 137 
209 209 209 209 209 209 209 209 209 209 209 209 209 209 209 209 30 120 249 82 174 201 152 70 209 168 19 188 214 185 32 171 163 36 252 158 231 109 198 255 53 150 47 129 38 104 50 190 40 229 168 170 231 137 10 233 190 249 166 174 235 8 65 32 241 30 168 221 89 29 11 249 186 162 239 239 168 85 66 62 153 179 115 194 216 38 45 20 68 79 86 91 76 34 96 148 63 111 207 7 21 41 7 10 209 209 209 209 209 209 209 209 209 209 209 209 209 209 209 209 209 209 209 209 209 209 209 209 
212 212 212 212 212 212 212 212 212 212 212 212 212 212 212 212 132 137 12 37 192 5 105 236 34 24 8 4 217 108 123 42 57 14 8 151 208 133 175 104 94 5 163 176 11 65 28 45 97 13 43 85 24 204 198 216 175 84 10 195 249 45 122 116 174 58 6 123 0 184 147 92 184 107 7 231 217 249 173 75 199 189 106 250 252 145 22 22 124 37 39 134 213 211 228 5 236 209 241 65 56 218 10 198 212 212 212 212 212 212 212 212 212 212 212 212 212 212 212 212 212 212 212 212 212 212 212 212 
27 27 27 27 27 27 27 27 27 27 27 27 27 27 27 27 106 243 110 67 16 13 107 207 2 226 158 230 131 96 117 151 96 78 249 51 132 19 20 48 53 123 67 26 106 41 207 65 111 139 218 42 11 23 138 20 152 130 13 92 208 143 245 239 164 93 178 54 9 62 140 191 86 164 231 149 101 231 254 164 168 79 38 214 7 157 176 249 192 232 37 148 168 218 167 149 224 240 25 239 35 183 40 185 27 27 27 27 27 27 27 27 27 27 27 27 27 27 27 27 27 27 27 27 27 27 27 27 
207 207 207 207 207 207 207 207 207 207 207 207 207 207 207 207 132 87 56 70 159 226 151 102 147 224 184 97 222 198 118 99 83 181 219 247 59 225 236 148 21 138 212 109 88 109 126 152 129 125 147 139 115 67 52 104 179 154 228 127 189 111 35 154 97 160 198 73 76 76 155 57 72 179 249 91 15 206 119 172 183 160 146 99 32 52 101 252 81 49 254 15 29 110 244 110 90 85 141 19 62 185 51 117 207 207 207 207 207 207 207 207 207 207 207 207 207 207 207 207 207 207 207 207 207 207 207 207 
236 236 236 236 236 236 236 236 236 236 236 236 236 236 236 236 237 212 25 15 215 50 252 45 174 167 220 88 192 123 210 117 134 113 158 86 116 79 187 80 238 210 141 139 234 241 217 140 93 51 200 33 182 89 138 216 249 63 222 73 213 62 195 195 11 47 101 2 181 152 227 83 134 80 0 252 116 112 98 182 166 201 152 76 228 120 84 236 32 84 134 15 103 162 138 238 164 0 191 3 185 75 102 238 236 236 236 236 236 236 236 236 236 236 236 236 236 236 236 236 236 236 236 236 236 236 236 236 
191 191 191 191 191 191 191 191 191 191 191 191 191 191 191 191 60 247 158 10 16 127 172 37 153 34 57 67 154 108 250 83 54 197 252 159 247 88 38 183 39 125 251 140 163 142 128 48 178 183 214 178 158 183 131 226 214 74 244 215 18 99 244 0 232 248 209 42 163 124 182 159 13 215 172 161 127 234 97 255 138 10 239 68 23 31 251 213 29 84 240 253 196 90 186 177 253 40 242 246 249 89 179 22 191 191 191 191 191 191 191 191 191 191 191 191 191 191 191 191 191 191 191 191 191 191 191 191 
1 1 1 1 1 1 1 1 1 1 1 1 1 1 1 1 20 7 10 26 20 186 11 87 47 188 185 95 154 163 151 244 192 151 78 111 172 4 107 136 4 54 59 68 108 86 235 238 158 118 60 151 219 216 107 191 201 178 162 235 125 167 88 252 153 77 72 215 158 158 197 70 31 238 113 152 34 137 64 19 111 159 186 195 112 209 239 165 176 86 148 58 254 177 5 163 33 49 9 243 127 252 45 25 1 1 1 1 1 1 1 1 1 1 1 1 1 1 1 1 1 1 1 1 1 1 1 1 
91 91 91 91 91 91 91 91 91 91 91 91 91 91 91 91 91 91 91 91 91 91 91 91 225 219 85 115 3 157 31 85 243 183 163 67 250 172 156 71 211 187 85 140 216 14 230 132 180 138 47 200 144 164 22 201 6 142 14 10 140 20 30 72 63 181 13 98 39 200 236 39 40 173 194 7 190 13 185 133 162 183 115 194 10 109 142 75 117 74 29 232 177 89 249 37 91 91 91 91 91 91 91 91 91 91 91 91 91 91 91 91 91 91 91 91 91 91 91 91 91 91 91 91 91 91 91 91 
72 72 72 72 72 72 72 72 72 72 72 72 72 72 72 72 72 72 72 72 72 72 72 72 105 213 233 138 193 65 199 86 226 30 144 49 56 83 223 131 162 85 19 108 2 21 32 130 144 173 53 46 83 108 34 233 207 151 15 13 211 250 241 180 193 204 45 136 95 161 101 170 101 253 41 231 6 243 141 83 120 44 175 15 98 172 3 169 52 48 18 89 18 240 37 225 72 72 72 72 72 72 72 72 72 72 72 72 72 72 72 72 72 72 72 72 72 72 72 72 72 72 72 72 72 72 72 72 
62 62 62 62 62 62 62 62 62 62 62 62 62 62 62 62 62 62 62 62 62 62 62 62 201 76 105 45 174 147 112 139 242 189 54 140 206 237 97 137 150 132 3 69 94 145 167 91 144 233 34 213 207 91 71 43 195 121 100 159 142 158 196 149 128 80 169 196 196 46 229 220 22 18 123 184 82 56 190 225 133 37 239 96 16 240 154 20 72 162 101 171 166 185 171 243 62 62 62 62 62 62 62 62 62 62 62 62 62 62 62 62 62 62 62 62 62 62 62 62 62 62 62 62 62 62 62 62 
48 48 48 48 48 48 48 48 48 48 48 48 48 48 48 48 48 48 48 48 48 48 48 48 54 142 177 230 94 144 97 188 122 30 151 215 102 12 244 226 56 226 36 199 190 10 182 228 98 184 120 216 227 181 100 39 86 96 36 116 70 59 180 102 106 90 6 229 43 48 251 20 58 119 45 45 112 224 138 78 76 239 250 191 91 104 21 239 224 84 142 131 204 56 32 163 48 48 48 48 48 48 48 48 48 48 48 48 48 48 48 48 48 48 48 48 48 48 48 48 48 48 48 48 48 48 48 48 
142 142 142 142 142 142 142 142 142 142 142 142 142 142 142 142 142 142 142 142 142 142 142 142 179 66 238 158 28 147 212 176 58 97 100 25 71 148 1 76 133 57 162 185 141 68 90 158 89 134 164 15 158 19 54 233 198 188 32 213 88 14 44 58 23 24 187 10 199 59 210 136 203 198 204 235 161 142 52 56 114 93 194 183 192 193 13 213 176 1 182 149 16 127 43 0 142 142 142 142 142 142 142 142 142 142 142 142 142 142 142 142 142 142 142 142 142 142 142 142 142 142 142 142 142 142 142 142 
127 127 127 127 127 127 127 127 127 127 127 127 127 127 127 127 127 127 127 127 127 127 127 127 123 64 221 11 4 6 42 20 30 208 39 166 8 64 121 23 56 226 117 33 5 60 193 171 4 8 69 77 35 72 198 89 100 62 14 83 10 145 146 20 165 110 67 161 189 20 52 31 137 181 31 135 107 177 125 165 77 121 55 170 251 2 143 121 240 233 189 222 207 205 200 146 127 127 127 127 127 127 127 127 127 127 127 127 127 127 127 127 127 127 127 127 127 127 127 127 127 127 127 127 127 127 127 127 
177 177 177 177 177 177 177 177 177 177 177 177 177 177 177 177 177 177 177 177 177 177 177 177 215 29 165 189 115 94 13 154 34 113 186 107 249 6 84 30 96 240 41 176 79 243 175 236 219 35 215 115 100 177 230 31 16 29 205 231 80 230 176 214 16 163 21 53 215 22 52 223 213 248 102 11 49 50 168 25 101 134 114 175 123 76 2 26 167 138 66 75 109 195 65 26 177 177 177 177 177 177 177 177 177 177 177 177 177 177 177 177 177 177 177 177 177 177 177 177 177 177 177 177 177 177 177 177 
194 194 194 194 194 194 194 194 194 194 194 194 194 194 194 194 194 194 194 194 194 194 194 194 17 31 124 33 122 98 75 177 251 236 128 160 248 105 13 54 59 4 10 17 232 78 115 188 199 49 4 17 86 75 20 165 73 0 184 32 141 71 138 197 35 15 252 46 176 245 10 209 125 156 134 246 161 183 123 90 241 168 167 13 3 81 137 45 194 20 103 190 213 63 36 179 194 194 194 194 194 194 194 194 194 194 194 194 194 194 194 194 194 194 194 194 194 194 194 194 194 194 194 194 194 194 194 194 
137 137 137 137 137 137 137 137 137 137 137 137 137 137 137 137 137 137 137 137 137 137 137 137 240 15 240 91 75 208 54 238 15 50 18 253 188 214 151 110 123 244 109 209 163 144 31 164 42 69 54 203 137 122 60 114 215 1 109 89 231 115 178 216 98 20 98 67 230 158 42 49 200 102 21 76 179 23 225 85 245 46 70 105 140 195 31 172 136 28 172 95 164 72 50 161 137 137 137 137 137 137 137 137 137 137 137 137 137 137 137 137 137 137 137 137 137 137 137 137 137 137 137 137 137 137 137 137 
209 209 209 209 209 209 209 209 209 209 209 209 209 209 209 209 209 209 209 209 209 209 209 209 233 94 154 40 87 101 137 94 179 105 184 206 110 23 237 219 152 226 218 82 253 255 206 242 158 159 123 171 108 204 202 245 52 157 240 121 200 5 215 124 148 40 11 217 185 40 53 66 51 106 6 249 43 70 69 253 224 47 208 48 92 70 225 194 38 84 128 254 20 151 80 92 209 209 209 209 209 209 209 209 209 209 209 209 209 209 209 209 209 209 209 209 209 209 209 209 209 209 209 209 209 209 209 209 
212 212 212 212 212 212 212 212 212 212 212 212 212 212 212 212 212 212 212 212 212 212 212 212 172 221 44 1 24 37 128 177 70 122 184 62 47 58 130 139 0 103 145 215 188 0 243 68 50 127 216 158 143 76 1 84 2 130 18 46 146 9 61 106 202 113 180 9 105 39 1 173 185 124 53 88 180 104 183 218 145 75 198 199 224 225 11 191 15 149 107 209 96 57 126 21 212 212 212 212 212 212 212 212 212 212 212 212 212 212 212 212 212 212 212 212 212 212 212 212 212 212 212 212 212 212 212 212 
27 27 27 27 27 27 27 27 27 27 27 27 27 27 27 27 27 27 27 27 27 27 27 27 244 239 35 194 77 158 52 183 6 142 103 98 231 98 99 165 107 59 176 76 117 227 57 128 116 50 120 226 30 44 75 183 131 152 238 2 62 212 75 236 29 1 228 233 77 192 177 39 192 177 66 234 166 206 143 122 214 131 144 215 51 17 203 172 132 140 70 241 168 88 183 25 27 27 27 27 27 27 27 27 27 27 27 27 27 27 27 27 27 27 27 27 27 27 27 27 27 27 27 27 27 27 27 27 
207 207 207 207 207 207 207 207 207 207 207 207 207 207 207 207 207 207 207 207 207 207 207 207 228 39 190 214 220 15 107 208 43 55 38 97 114 183 62 25 202 43 200 175 253 120 164 189 112 179 190 211 88 178 105 151 214 251 132 178 192 33 221 189 200 181 137 213 95 154 165 218 112 166 20 16 45 8 71 72 197 120 133 101 197 149 137 96 57 80 145 71 205 181 177 95 207 207 207 207 207 207 207 207 207 207 207 207 207 207 207 207 207 207 207 207 207 207 207 207 207 207 207 207 207 207 207 207 
236 236 236 236 236 236 236 236 236 236 236 236 236 236 236 236 236 236 236 236 236 236 236 236 98 249 198 235 198 167 90 152 255 196 204 78 73 226 238 191 219 39 110 224 84 209 73 54 33 184 242 124 172 75 110 44 3 11 115 213 187 246 237 174 39 16 90 157 73 139 202 49 68 188 123 160 252 206 196 246 82 65 243 66 93 28 244 6 198 106 60 13 233 217 70 48 236 236 236 236 236 236 236 236 236 236 236 236 236 236 236 236 236 236 236 236 236 236 236 236 236 236 236 236 236 236 236 236 
191 191 191 191 191 191 191 191 191 191 191 191 191 191 191 191 191 191 191 191 191 191 191 191 199 113 237 24 193 99 53 104 99 239 23 60 59 97 219 11 79 19 71 188 229 87 23 185 174 12 183 220 1 33 3 25 141 127 64 22 212 198 125 207 49 225 98 44 78 111 114 127 108 191 168 137 163 174 235 39 120 184 56 110 50 73 246 134 48 232 10 14 166 228 4 94 191 191 191 191 191 191 191 191 191 191 191 191 191 191 191 191 191 191 191 191 191 191 191 191 191 191 191 191 191 191 191 191 
1 1 1 1 1 1 1 1 1 1 1 1 1 1 1 1 1 1 1 1 1 1 1 1 102 21 171 14 225 39 188 242 78 53 187 114 163 62 149 98 224 13 5 62 67 74 205 56 23 216 114 139 107 177 102 114 185 55 103 172 35 130 110 204 201 172 162 16 129 26 204 2 5 136 166 153 88 148 19 189 114 221 152 12 250 121 206 163 181 161 225 93 9 152 5 186 1 1 1 1 1 1 1 1 1 1 1 1 1 1 1 1 1 1 1 1 1 1 1 1 1 1 1 1 1 1 1 1 
