148 148 148 148 148 148 148 148 148 148 148 148 148 148 148 148 148 148 148 148 148 148 148 148 148 148 148 148 148 148 148 148 148 148 148 148 148 148 148 148 148 148 148 148 148 148 148 148 148 148 148 148 148 148 148 148 48 133 96 86 224 101 102 37 136 4 77 85 50 243 142 212 150 225 96 231 25 201 24 53 30 120 152 79 33 88 136 226 148 148 148 148 148 148 148 148 148 148 148 148 148 148 148 148 148 148 148 148 148 148 148 148 148 148 148 148 148 148 148 148 148 148 148 148 148 148 148 148 
239 239 239 239 239 239 239 239 239 239 239 239 239 239 239 239 239 239 239 239 239 239 239 239 239 239 239 239 239 239 239 239 239 239 239 239 239 239 239 239 239 239 239 239 239 239 239 239 239 239 239 239 239 239 239 239 30 235 254 122 210 54 149 6 239 108 172 37 66 222 85 4 233 27 171 110 92 11 240 208 46 52 118 172 27 224 90 46 239 239 239 239 239 239 239 239 239 239 239 239 239 239 239 239 239 239 239 239 239 239 239 239 239 239 239 239 239 239 239 239 239 239 239 239 239 239 239 239 
137 137 137 137 137 137 137 137 137 137 137 137 137 137 137 137 137 137 137 137 137 137 137 137 137 137 137 137 137 137 137 137 137 137 137 137 137 137 137 137 137 137 137 137 137 137 137 137 137 137 137 137 137 137 137 137 86 239 197 212 230 130 167 88 128 160 41 168 33 150 47 240 94 125 176 17 182 0 76 84 153 103 74 10 80 245 90 119 137 137 137 137 137 137 137 137 137 137 137 137 137 137 137 137 137 137 137 137 137 137 137 137 137 137 137 137 137 137 137 137 137 137 137 137 137 137 137 137 
121 121 121 121 121 121 121 121 121 121 121 121 121 121 121 121 121 121 121 121 121 121 121 121 121 121 121 121 121 121 121 121 121 121 121 121 121 121 121 121 121 121 121 121 121 121 121 121 121 121 121 121 121 121 121 121 58 43 60 242 202 115 16 53 104 160 34 191 31 142 59 40 219 250 89 242 214 104 53 36 74 238 146 251 117 134 53 188 121 121 121 121 121 121 121 121 121 121 121 121 121 121 121 121 121 121 121 121 121 121 121 121 121 121 121 121 121 121 121 121 121 121 121 121 121 121 121 121 
96 96 96 96 96 96 96 96 96 96 96 96 96 96 96 96 96 96 96 96 96 96 96 96 96 96 96 96 96 96 96 96 96 96 96 96 96 96 96 96 96 96 96 96 96 96 96 96 96 96 96 96 96 96 96 96 162 241 22 91 118 14 42 214 93 97 4 191 177 193 113 211 141 88 146 209 79 200 64 64 129 75 168 68 214 210 222 29 96 96 96 96 96 96 96 96 96 96 96 96 96 96 96 96 96 96 96 96 96 96 96 96 96 96 96 96 96 96 96 96 96 96 96 96 96 96 96 96 
178 178 178 178 178 178 178 178 178 178 178 178 178 178 178 178 178 178 178 178 178 178 178 178 178 178 178 178 178 178 178 178 178 178 178 178 178 178 178 178 178 178 178 178 178 178 178 178 178 178 178 178 178 178 178 178 232 77 251 221 126 8 131 178 215 17 147 105 20 103 62 168 220 5 26 179 34 1 10 103 107 247 103 220 98 215 10 70 178 178 178 178 178 178 178 178 178 178 178 178 178 178 178 178 178 178 178 178 178 178 178 178 178 178 178 178 178 178 178 178 178 178 178 178 178 178 178 178 
91 91 91 91 91 91 91 91 91 91 91 91 91 91 91 91 91 91 91 91 91 91 91 91 91 91 91 91 91 91 91 91 91 91 91 91 91 91 91 91 91 91 91 91 91 91 91 91 91 91 91 91 91 91 91 91 20 196 118 249 121 247 70 118 119 7 64 158 189 129 121 188 142 156 143 74 92 105 223 181 36 148 33 94 22 104 89 87 91 91 91 91 91 91 91 91 91 91 91 91 91 91 91 91 91 91 91 91 91 91 91 91 91 91 91 91 91 91 91 91 91 91 91 91 91 91 91 91 
1 1 1 1 1 1 1 1 1 1 1 1 1 1 1 1 1 1 1 1 1 1 1 1 1 1 1 1 1 1 1 1 1 1 1 1 1 1 1 1 1 1 1 1 1 1 1 1 1 1 1 1 1 1 1 1 42 110 148 172 76 107 236 16 190 154 133 33 222 79 173 10 64 190 178 33 84 156 235 102 121 96 240 168 2 126 226 255 1 1 1 1 1 1 1 1 1 1 1 1 1 1 1 1 1 1 1 1 1 1 1 1 1 1 1 1 1 1 1 1 1 1 1 1 1 1 1 1 
6 6 6 6 6 6 6 6 6 6 6 6 6 6 6 6 6 6 6 6 6 6 6 6 6 6 6 6 6 6 6 6 6 6 6 6 6 6 6 6 6 6 6 6 6 6 6 6 6 6 6 6 6 6 6 6 82 225 94 29 189 185 105 74 110 54 132 207 148 181 3 143 206 5 56 19 9 93 254 118 52 129 161 101 9 107 186 181 6 6 6 6 6 6 6 6 6 6 6 6 6 6 6 6 6 6 6 6 6 6 6 6 6 6 6 6 6 6 6 6 6 6 6 6 6 6 6 6 
98 98 98 98 98 98 98 98 98 98 98 98 98 98 98 98 98 98 98 98 98 98 98 98 98 98 98 98 98 98 98 98 98 98 98 98 98 98 98 98 98 98 98 98 98 98 98 98 98 98 98 98 98 98 98 98 185 253 148 47 19 132 45 251 186 41 233 44 156 48 84 157 244 88 131 251 101 202 4 251 158 219 32 168 3 227 227 140 98 98 98 98 98 98 98 98 98 98 98 98 98 98 98 98 98 98 98 98 98 98 98 98 98 98 98 98 98 98 98 98 98 98 98 98 98 98 98 98 
219 219 219 219 219 219 219 219 219 219 219 219 219 219 219 219 219 219 219 219 219 219 219 219 219 219 219 219 219 219 219 219 219 219 219 219 219 219 219 219 219 219 219 219 219 219 219 219 219 219 219 219 219 219 219 219 219 186 25 175 202 198 85 34 13 25 134 244 3 215 181 43 62 223 147 193 32 65 183 14 84 48 155 12 83 181 239 24 219 219 219 219 219 219 219 219 219 219 219 219 219 219 219 219 219 219 219 219 219 219 219 219 219 219 219 219 219 219 219 219 219 219 219 219 219 219 219 219 
1 1 1 1 1 1 1 1 1 1 1 1 1 1 1 1 1 1 1 1 1 1 1 1 1 1 1 1 1 1 1 1 1 1 1 1 1 1 1 1 1 1 1 1 1 1 1 1 1 1 1 1 1 1 1 1 159 78 191 252 223 197 58 43 69 52 33 41 2 129 22 196 230 134 152 72 155 196 23 249 85 133 35 231 13 211 149 156 1 1 1 1 1 1 1 1 1 1 1 1 1 1 1 1 1 1 1 1 1 1 1 1 1 1 1 1 1 1 1 1 1 1 1 1 1 1 1 1 
26 26 26 26 26 26 26 26 26 26 26 26 26 26 26 26 26 26 26 26 26 26 26 26 26 26 26 26 26 26 26 26 26 26 26 26 26 26 26 26 26 26 26 26 26 26 26 26 26 26 26 26 26 26 26 26 174 0 149 186 238 251 130 127 137 165 105 193 0 203 212 228 241 231 10 57 51 42 39 219 17 249 5 159 70 33 161 3 26 26 26 26 26 26 26 26 26 26 26 26 26 26 26 26 26 26 26 26 26 26 26 26 26 26 26 26 26 26 26 26 26 26 26 26 26 26 26 26 
250 250 250 250 250 250 250 250 250 250 250 250 250 250 250 250 250 250 250 250 250 250 250 250 250 250 250 250 250 250 250 250 250 250 250 250 250 250 250 250 250 250 250 250 250 250 250 250 250 250 250 250 250 250 250 250 212 31 40 156 47 6 37 123 22 200 56 28 123 64 44 36 84 38 130 220 109 245 130 211 121 50 45 18 65 252 69 247 250 250 250 250 250 250 250 250 250 250 250 250 250 250 250 250 250 250 250 250 250 250 250 250 250 250 250 250 250 250 250 250 250 250 250 250 250 250 250 250 
74 74 74 74 74 74 74 74 74 74 74 74 74 74 74 74 74 74 74 74 74 74 74 74 74 74 74 74 74 74 74 74 74 74 74 74 74 74 74 74 74 74 74 74 74 74 74 74 74 74 74 74 74 74 74 74 139 7 216 198 14 169 212 1 163 94 255 239 241 162 1 97 11 14 46 94 70 203 57 107 203 20 129 245 63 87 199 250 74 74 74 74 74 74 74 74 74 74 74 74 74 74 74 74 74 74 74 74 74 74 74 74 74 74 74 74 74 74 74 74 74 74 74 74 74 74 74 74 
222 222 222 222 222 222 222 222 222 222 222 222 222 222 222 222 222 222 222 222 222 222 222 222 222 222 222 222 222 222 222 222 222 222 222 222 222 222 222 222 222 222 222 222 222 222 222 222 222 222 222 222 222 222 222 222 37 54 170 217 167 241 91 231 251 34 223 88 251 122 0 143 197 166 153 244 135 71 8 35 93 72 42 32 187 47 39 200 222 222 222 222 222 222 222 222 222 222 222 222 222 222 222 222 222 222 222 222 222 222 222 222 222 222 222 222 222 222 222 222 222 222 222 222 222 222 222 222 
148 148 148 148 148 148 148 148 148 148 148 148 148 148 148 148 148 148 148 148 148 148 148 148 148 148 148 148 148 148 148 148 148 148 148 148 148 148 148 148 148 148 148 148 148 148 148 148 45 213 169 117 61 189 246 35 138 64 155 51 147 128 76 55 10 214 245 88 149 172 255 184 77 219 189 100 84 5 130 219 124 44 37 154 142 239 225 235 182 127 174 107 2 136 229 9 195 122 209 113 241 59 20 212 148 148 148 148 148 148 148 148 148 148 148 148 148 148 148 148 148 148 148 148 148 148 148 148 
239 239 239 239 239 239 239 239 239 239 239 239 239 239 239 239 239 239 239 239 239 239 239 239 239 239 239 239 239 239 239 239 239 239 239 239 239 239 239 239 239 239 239 239 239 239 239 239 55 54 149 26 75 193 51 8 218 193 125 69 250 238 47 224 96 125 65 25 64 45 175 169 243 64 158 198 146 120 104 103 55 78 64 57 245 60 40 212 157 43 5 158 185 159 158 91 250 98 163 160 140 205 76 27 239 239 239 239 239 239 239 239 239 239 239 239 239 239 239 239 239 239 239 239 239 239 239 239 
137 137 137 137 137 137 137 137 137 137 137 137 137 137 137 137 137 137 137 137 137 137 137 137 137 137 137 137 137 137 137 137 137 137 137 137 137 137 137 137 137 137 137 137 137 137 137 137 247 15 20 131 141 116 132 102 124 65 225 141 70 243 154 244 63 146 130 63 183 79 224 42 177 222 137 66 169 80 50 93 91 246 160 174 151 222 226 69 61 96 222 208 138 255 195 108 211 75 236 224 217 214 185 210 137 137 137 137 137 137 137 137 137 137 137 137 137 137 137 137 137 137 137 137 137 137 137 137 
121 121 121 121 121 121 121 121 121 121 121 121 121 121 121 121 121 121 121 121 121 121 121 121 121 121 121 121 121 121 121 121 121 121 121 121 121 121 121 121 121 121 121 121 121 121 121 121 227 17 66 44 225 164 90 166 160 42 129 224 183 236 249 102 167 153 48 129 165 141 89 25 37 143 120 8 175 92 115 161 207 177 89 153 143 99 76 244 61 99 233 35 210 110 218 157 246 113 152 50 41 74 92 182 121 121 121 121 121 121 121 121 121 121 121 121 121 121 121 121 121 121 121 121 121 121 121 121 
96 96 96 96 96 96 96 96 96 96 96 96 96 96 96 96 96 96 96 96 96 96 96 96 96 96 96 96 96 96 96 96 96 96 96 96 96 96 96 96 96 96 96 96 96 96 96 96 17 1 4 119 185 124 101 202 50 215 143 179 38 185 250 242 233 70 185 125 140 214 242 207 99 88 94 155 111 204 65 145 223 166 227 184 137 23 188 98 108 84 3 238 209 185 181 211 149 40 3 182 128 148 74 51 96 96 96 96 96 96 96 96 96 96 96 96 96 96 96 96 96 96 96 96 96 96 96 96 
178 178 178 178 178 178 178 178 178 178 178 178 178 178 178 178 178 178 178 178 178 178 178 178 178 178 178 178 178 178 178 178 178 178 178 178 178 178 178 178 178 178 178 178 178 178 178 178 115 55 196 8 232 128 108 91 129 129 97 202 121 179 108 2 121 26 231 15 76 193 26 199 239 6 32 232 26 106 33 185 6 84 228 155 71 179 66 107 49 48 109 165 98 182 68 156 78 182 53 114 17 86 254 67 178 178 178 178 178 178 178 178 178 178 178 178 178 178 178 178 178 178 178 178 178 178 178 178 
91 91 91 91 91 91 91 91 91 91 91 91 91 91 91 91 91 91 91 91 91 91 91 91 91 91 91 91 91 91 91 91 91 91 91 91 91 91 91 91 91 91 91 91 91 91 91 91 162 16 143 21 158 248 210 77 180 120 51 232 198 179 157 226 157 10 154 126 83 48 109 2 24 248 102 50 195 108 236 212 126 16 102 228 5 174 157 136 254 29 255 170 46 231 36 150 121 71 93 217 17 137 178 229 91 91 91 91 91 91 91 91 91 91 91 91 91 91 91 91 91 91 91 91 91 91 91 91 
1 1 1 1 1 1 1 1 1 1 1 1 1 1 1 1 1 1 1 1 1 1 1 1 1 1 1 1 1 1 1 1 1 1 1 1 1 1 1 1 1 1 1 1 1 1 1 1 74 59 186 17 171 172 11 28 218 46 228 108 38 27 249 155 177 66 198 94 190 229 115 131 186 9 135 163 89 63 14 98 160 122 81 115 159 88 247 34 203 96 98 251 90 165 125 78 197 222 170 209 211 6 42 89 1 1 1 1 1 1 1 1 1 1 1 1 1 1 1 1 1 1 1 1 1 1 1 1 
6 6 6 6 6 6 6 6 6 6 6 6 6 6 6 6 6 6 6 6 6 6 6 6 6 6 6 6 6 6 6 6 6 6 6 6 6 6 6 6 6 6 6 6 6 6 6 6 33 107 48 84 83 77 92 176 81 110 136 240 56 183 124 75 67 51 74 175 164 20 101 1 122 59 56 241 212 236 18 66 217 138 216 31 152 189 146 119 252 4 20 69 255 226 140 226 125 122 127 9 127 222 81 237 6 6 6 6 6 6 6 6 6 6 6 6 6 6 6 6 6 6 6 6 6 6 6 6 
98 98 98 98 98 98 98 98 98 98 98 98 98 98 98 98 98 98 98 98 98 98 98 98 98 98 98 98 98 98 98 98 98 98 98 98 98 98 98 98 98 98 98 98 98 98 98 98 148 237 214 60 17 13 233 102 177 31 59 111 214 106 139 5 27 89 253 77 208 37 147 56 225 96 251 141 116 61 204 225 164 40 107 150 244 7 101 140 100 105 170 95 71 131 179 95 43 81 106 129 204 43 159 18 98 98 98 98 98 98 98 98 98 98 98 98 98 98 98 98 98 98 98 98 98 98 98 98 
219 219 219 219 219 219 219 219 219 219 219 219 219 219 219 219 219 219 219 219 219 219 219 219 219 219 219 219 219 219 219 219 219 219 219 219 219 219 219 219 219 219 219 219 219 219 219 219 48 101 224 85 145 230 179 14 167 33 39 198 3 17 82 247 66 241 71 109 16 170 100 15 80 146 85 23 57 11 217 195 60 200 223 119 37 88 77 218 5 1 187 74 190 88 199 146 157 109 102 217 98 240 19 49 219 219 219 219 219 219 219 219 219 219 219 219 219 219 219 219 219 219 219 219 219 219 219 219 
1 1 1 1 1 1 1 1 1 1 1 1 1 1 1 1 1 1 1 1 1 1 1 1 1 1 1 1 1 1 1 1 1 1 1 1 1 1 1 1 1 1 1 1 1 1 1 1 65 144 226 101 219 149 183 216 36 143 17 153 137 241 245 131 64 64 88 138 200 14 188 87 173 61 143 214 26 14 225 179 83 59 158 177 84 72 78 89 5 31 11 192 222 15 30 146 6 184 157 250 26 238 135 188 1 1 1 1 1 1 1 1 1 1 1 1 1 1 1 1 1 1 1 1 1 1 1 1 
26 26 26 26 26 26 26 26 26 26 26 26 26 26 26 26 26 26 26 26 26 26 26 26 26 26 26 26 26 26 26 26 26 26 26 26 26 26 26 26 26 26 26 26 26 26 26 26 189 197 148 152 199 252 25 90 174 44 37 115 254 53 126 234 138 27 92 24 79 114 104 150 119 104 207 149 182 239 108 86 189 73 116 190 77 142 211 230 12 70 191 191 75 31 143 190 151 30 190 120 27 97 173 24 26 26 26 26 26 26 26 26 26 26 26 26 26 26 26 26 26 26 26 26 26 26 26 26 
250 250 250 250 250 250 250 250 250 250 250 250 250 250 250 250 250 250 250 250 250 250 250 250 250 250 250 250 250 250 250 250 250 250 250 250 250 250 250 250 250 250 250 250 250 250 250 250 38 180 150 10 13 62 54 246 250 186 23 181 15 0 45 36 37 233 25 21 85 77 236 15 53 185 32 59 162 28 88 239 19 168 225 205 157 39 205 98 90 198 104 87 175 112 170 108 252 168 41 146 124 43 91 0 250 250 250 250 250 250 250 250 250 250 250 250 250 250 250 250 250 250 250 250 250 250 250 250 
74 74 74 74 74 74 74 74 74 74 74 74 74 74 74 74 74 74 74 74 74 74 74 74 74 74 74 74 74 74 74 74 74 74 74 74 74 74 74 74 74 74 74 74 74 74 74 74 44 178 202 197 195 200 68 112 205 252 20 200 151 198 21 42 32 231 131 103 83 88 92 43 77 147 29 205 53 35 127 191 127 139 183 211 5 121 237 250 119 224 150 133 139 181 168 249 110 29 11 59 45 145 35 66 74 74 74 74 74 74 74 74 74 74 74 74 74 74 74 74 74 74 74 74 74 74 74 74 
222 222 222 222 222 222 222 222 222 222 222 222 222 222 222 222 222 222 222 222 222 222 222 222 222 222 222 222 222 222 222 222 222 222 222 222 222 222 222 222 222 222 222 222 222 222 222 222 115 183 175 34 230 91 213 84 17 127 126 221 14 190 225 197 178 30 243 222 248 23 249 168 38 33 3 96 146 167 233 211 158 207 120 20 81 63 131 108 169 148 82 51 77 185 63 60 139 215 60 6 253 123 177 223 222 222 222 222 222 222 222 222 222 222 222 222 222 222 222 222 222 222 222 222 222 222 222 222 
148 148 148 148 148 148 148 148 148 148 148 148 148 148 148 148 29 29 103 69 26 242 232 127 209 92 138 220 125 118 203 204 170 66 167 186 153 212 52 226 218 245 63 90 87 77 46 42 166 146 162 62 234 165 75 129 58 141 19 93 175 186 245 225 11 152 89 18 112 141 189 98 253 20 198 200 10 161 202 198 189 231 171 68 21 239 53 45 248 118 127 249 173 136 193 200 223 126 148 186 175 18 123 147 36 32 42 89 10 192 241 247 148 148 148 148 148 148 148 148 148 148 148 148 148 148 148 148 
239 239 239 239 239 239 239 239 239 239 239 239 239 239 239 239 193 182 149 206 204 41 170 171 122 64 186 226 47 159 228 112 149 95 173 243 36 183 245 174 28 16 244 135 64 165 94 79 223 126 243 37 9 101 70 3 224 200 92 84 14 79 76 216 103 103 139 13 76 30 156 112 119 43 222 85 102 194 255 215 22 42 181 180 188 163 133 105 250 227 207 250 106 244 46 205 207 191 210 16 36 182 78 112 152 34 218 36 97 93 1 129 239 239 239 239 239 239 239 239 239 239 239 239 239 239 239 239 
137 137 137 137 137 137 137 137 137 137 137 137 137 137 137 137 116 232 169 209 18 166 152 252 64 56 247 143 205 136 148 17 185 224 164 61 207 252 109 95 101 107 183 239 61 14 58 10 6 16 54 118 228 224 45 21 28 35 114 251 247 94 175 0 168 134 27 109 246 52 66 13 50 63 50 79 19 171 154 91 188 221 2 250 240 63 93 106 184 58 48 233 224 6 77 21 199 105 140 151 90 44 32 150 174 205 209 163 255 209 234 62 137 137 137 137 137 137 137 137 137 137 137 137 137 137 137 137 
121 121 121 121 121 121 121 121 121 121 121 121 121 121 121 121 149 36 130 129 253 180 222 167 238 23 144 8 6 253 129 191 241 98 215 22 222 195 238 27 33 16 77 126 217 84 173 230 167 1 64 230 194 230 250 183 36 242 64 4 189 209 27 66 253 8 94 140 69 197 91 24 142 252 145 176 105 43 109 173 171 140 68 46 51 216 95 125 83 21 33 252 180 98 79 6 2 161 195 80 30 18 168 70 230 139 186 86 200 65 158 161 121 121 121 121 121 121 121 121 121 121 121 121 121 121 121 121 
96 96 96 96 96 96 96 96 96 96 96 96 96 96 96 96 41 127 0 182 6 162 210 244 82 18 91 203 87 77 16 28 8 78 149 150 32 6 116 179 163 78 60 186 110 12 24 83 134 241 71 250 234 251 191 4 8 8 133 251 246 244 63 65 37 41 251 117 159 252 152 88 170 239 226 19 127 14 254 97 255 197 102 213 107 222 33 210 176 87 65 208 158 150 237 96 51 236 226 125 23 69 241 177 106 254 214 250 180 251 71 244 96 96 96 96 96 96 96 96 96 96 96 96 96 96 96 96 
178 178 178 178 178 178 178 178 178 178 178 178 178 178 178 178 230 151 71 129 223 191 13 61 116 164 240 170 80 2 198 44 73 84 173 155 39 93 85 93 72 57 44 187 237 202 10 128 189 250 163 65 174 199 16 76 69 97 46 7 175 59 208 131 224 200 24 184 165 225 251 79 13 34 208 10 98 33 101 129 221 97 3 213 138 228 146 253 235 193 195 132 254 229 232 42 179 52 28 253 68 88 17 64 126 159 11 179 111 243 39 102 178 178 178 178 178 178 178 178 178 178 178 178 178 178 178 178 
91 91 91 91 91 91 91 91 91 91 91 91 91 91 91 91 58 163 230 41 239 147 216 142 212 32 47 78 40 247 101 173 205 143 218 96 145 140 134 205 5 185 225 235 32 1 38 241 219 58 140 62 93 254 180 42 61 249 165 129 92 233 78 162 201 69 186 184 43 56 117 136 229 98 11 167 129 149 80 155 151 219 10 217 63 222 204 116 158 133 78 252 158 22 198 224 217 107 46 144 190 171 147 126 222 27 215 38 31 207 41 162 91 91 91 91 91 91 91 91 91 91 91 91 91 91 91 91 
1 1 1 1 1 1 1 1 1 1 1 1 1 1 1 1 35 132 10 61 48 180 241 10 154 241 244 202 172 16 37 31 61 59 191 102 253 22 178 233 47 25 67 119 21 240 60 238 101 97 95 142 215 61 76 161 105 68 232 133 116 170 61 44 167 154 147 139 183 0 5 65 189 180 150 76 97 240 225 119 43 116 163 246 251 33 132 188 27 193 170 239 185 78 124 212 200 85 250 31 118 144 29 17 104 177 112 148 209 98 170 95 1 1 1 1 1 1 1 1 1 1 1 1 1 1 1 1 
6 6 6 6 6 6 6 6 6 6 6 6 6 6 6 6 219 43 183 241 106 174 157 208 201 1 110 26 132 221 129 144 120 7 160 152 142 153 49 97 185 13 252 109 125 182 145 250 143 54 118 70 221 78 208 55 81 214 190 35 234 62 73 197 88 159 116 41 129 116 161 40 254 251 23 40 100 173 7 144 194 251 25 72 131 109 51 44 45 126 117 118 101 198 88 147 15 242 93 177 188 210 231 227 167 160 149 178 211 65 107 91 6 6 6 6 6 6 6 6 6 6 6 6 6 6 6 6 
98 98 98 98 98 98 98 98 98 98 98 98 98 98 98 98 238 187 92 251 127 158 182 86 246 48 45 16 33 32 20 34 67 45 151 201 202 74 27 189 101 233 91 4 109 9 224 186 65 196 51 220 235 91 151 112 220 148 184 112 146 222 93 50 185 132 104 137 52 126 226 52 233 212 248 127 182 222 142 237 198 50 23 101 176 221 177 94 53 216 159 11 235 246 144 181 142 200 25 240 181 205 238 171 7 145 15 186 246 213 194 174 98 98 98 98 98 98 98 98 98 98 98 98 98 98 98 98 
219 219 219 219 219 219 219 219 219 219 219 219 219 219 219 219 82 194 16 199 236 104 226 22 10 149 77 246 32 140 168 131 69 253 134 54 74 92 149 105 80 66 71 195 210 206 173 93 87 193 7 22 200 168 184 43 26 9 44 143 248 24 159 120 24 108 175 213 115 207 195 247 243 254 63 102 188 185 180 254 43 65 73 212 179 0 81 165 84 47 200 2 1 153 168 8 62 55 90 149 36 232 103 94 12 78 165 84 223 110 215 44 219 219 219 219 219 219 219 219 219 219 219 219 219 219 219 219 
1 1 1 1 1 1 1 1 1 1 1 1 1 1 1 1 113 94 234 179 14 157 233 159 145 3 67 159 239 70 220 238 227 229 145 188 131 0 140 207 75 149 228 3 161 181 187 139 156 30 42 78 236 1 73 231 52 231 201 45 131 68 247 10 95 190 186 1 185 253 3 92 59 162 168 133 184 120 50 247 32 141 66 47 207 174 153 199 45 28 27 71 199 164 126 61 145 219 151 225 90 97 178 157 30 41 226 8 227 88 221 239 1 1 1 1 1 1 1 1 1 1 1 1 1 1 1 1 
26 26 26 26 26 26 26 26 26 26 26 26 26 26 26 26 32 189 59 67 12 199 183 36 46 134 162 144 128 50 55 15 196 219 5 98 121 93 189 73 174 192 94 23 20 93 138 153 198 176 53 55 88 203 93 53 65 250 177 230 61 99 198 195 121 104 231 75 235 134 61 82 64 120 179 56 45 218 142 144 63 103 32 68 129 67 250 242 85 215 210 255 235 62 157 212 86 173 171 98 17 40 114 214 240 35 215 153 222 224 189 75 26 26 26 26 26 26 26 26 26 26 26 26 26 26 26 26 
250 250 250 250 250 250 250 250 250 250 250 250 250 250 250 250 205 47 136 10 112 96 178 223 28 142 149 120 13 134 222 215 24 144 50 191 135 220 191 125 106 102 205 237 34 156 140 134 34 1 112 181 84 192 179 27 197 32 192 62 55 54 201 186 245 15 163 90 165 222 50 98 170 165 176 133 1 144 25 8 78 56 192 28 36 162 46 165 77 134 181 112 186 18 198 38 190 171 233 78 97 1 81 148 89 32 189 128 45 40 204 92 250 250 250 250 250 250 250 250 250 250 250 250 250 250 250 250 
74 74 74 74 74 74 74 74 74 74 74 74 74 74 74 74 51 168 117 165 83 128 164 160 25 94 155 107 137 99 61 47 54 50 195 8 140 63 174 131 4 45 29 110 150 166 184 18 84 109 162 115 36 153 83 2 232 1 215 142 214 134 65 79 48 26 254 48 180 118 170 112 170 91 42 86 114 59 7 255 76 215 157 41 164 18 88 105 196 63 50 89 119 64 235 135 16 121 173 170 210 14 185 218 88 10 211 208 75 129 211 73 74 74 74 74 74 74 74 74 74 74 74 74 74 74 74 74 
222 222 222 222 222 222 222 222 222 222 222 222 222 222 222 222 64 252 80 122 125 124 61 153 12 26 125 165 212 232 104 74 4 184 48 155 217 227 39 137 177 88 163 200 44 4 84 95 37 50 176 248 6 122 13 78 25 163 204 243 29 236 113 168 91 40 70 58 190 207 53 54 53 231 128 95 115 172 26 221 84 147 50 173 182 106 23 147 197 235 10 104 60 159 205 172 195 106 108 227 235 122 96 220 77 255 213 114 129 102 116 150 222 222 222 222 222 222 222 222 222 222 222 222 222 222 222 222 
148 148 148 148 148 148 148 148 94 72 198 26 101 107 39 221 156 197 85 76 223 128 109 16 243 155 192 49 141 89 239 194 183 112 180 25 84 191 42 23 187 99 103 212 162 83 4 182 226 53 11 12 133 251 16 0 22 38 74 37 152 112 24 58 178 115 149 106 145 148 252 137 4 115 79 204 210 218 203 167 165 253 254 229 255 176 127 103 24 50 254 29 133 48 198 3 110 28 104 131 54 227 174 103 125 108 65 244 111 115 171 140 148 148 148 148 148 148 148 148 148 148 148 148 148 148 148 148 
239 239 239 239 239 239 239 239 102 21 210 151 66 60 153 25 88 10 187 56 251 122 144 37 102 238 212 184 189 58 107 193 90 148 84 66 146 204 70 95 164 187 64 18 19 154 229 250 163 64 140 99 164 117 112 123 172 254 122 49 250 156 214 73 32 32 169 231 37 214 14 199 65 84 1 7 55 168 79 215 181 226 45 94 15 229 88 183 241 202 164 251 65 79 230 207 190 48 164 127 3 110 79 38 213 248 185 177 112 95 160 234 239 239 239 239 239 239 239 239 239 239 239 239 239 239 239 239 
137 137 137 137 137 137 137 137 62 199 159 2 0 229 109 103 58 186 173 206 200 152 110 50 18 93 23 186 162 16 182 7 227 11 139 157 139 58 124 133 39 15 138 161 192 242 162 207 203 157 145 158 52 59 79 88 125 48 117 248 201 255 118 62 23 26 232 35 16 246 171 68 194 233 18 44 36 14 235 165 96 102 41 0 232 224 132 236 251 183 167 136 67 187 242 166 101 81 118 231 110 223 127 216 196 251 69 149 82 151 113 10 137 137 137 137 137 137 137 137 137 137 137 137 137 137 137 137 
121 121 121 121 121 121 121 121 22 4 219 162 208 141 66 123 29 78 9 26 189 196 251 244 83 117 97 87 198 248 197 42 143 38 65 109 151 118 195 188 239 32 122 36 86 246 16 202 139 203 124 21 139 116 85 128 101 59 253 182 172 232 122 187 249 0 221 189 56 219 206 82 83 161 40 139 223 158 138 123 158 156 154 201 205 129 235 97 76 1 16 215 101 221 131 6 159 163 69 74 167 125 209 198 235 93 27 217 167 246 160 184 121 121 121 121 121 121 121 121 121 121 121 121 121 121 121 121 
96 96 96 96 96 96 96 96 64 11 239 23 93 75 112 138 217 114 131 128 163 229 128 100 72 253 208 5 156 198 96 46 95 225 115 101 24 216 213 74 115 154 21 97 126 192 188 178 196 150 112 145 78 36 33 4 190 119 61 103 153 104 63 192 25 253 241 128 227 168 244 143 182 82 198 202 185 75 199 94 132 221 59 207 22 142 7 81 74 65 171 230 61 209 72 205 183 147 43 253 253 33 213 227 147 235 56 203 1 40 93 209 96 96 96 96 96 96 96 96 96 96 96 96 96 96 96 96 
178 178 178 178 178 178 178 178 85 213 53 39 172 103 208 44 40 72 237 66 159 141 172 143 82 141 70 177 220 205 246 20 132 177 6 77 250 92 18 75 238 75 43 33 3 156 4 80 96 73 246 103 22 77 65 139 140 87 207 253 247 201 18 146 134 52 200 255 96 101 225 47 231 215 51 244 115 239 127 8 166 155 159 11 199 202 183 114 135 52 99 71 223 98 70 97 136 189 11 159 89 232 199 17 182 67 77 185 125 149 110 72 178 178 178 178 178 178 178 178 178 178 178 178 178 178 178 178 
91 91 91 91 91 91 91 91 33 83 130 105 175 3 128 26 78 156 114 222 41 234 120 49 36 112 57 121 205 129 168 101 21 226 133 13 194 227 72 232 135 106 228 112 44 254 156 162 207 197 65 224 139 217 112 199 218 104 229 82 250 201 48 34 194 241 254 105 66 126 99 207 21 40 13 225 43 242 221 104 223 169 97 30 3 154 119 69 202 224 212 79 176 42 61 156 128 14 227 247 56 156 148 237 229 147 234 56 191 12 208 193 91 91 91 91 91 91 91 91 91 91 91 91 91 91 91 91 
1 1 1 1 1 1 1 1 95 107 18 210 13 199 77 137 211 235 88 5 129 25 139 166 23 106 92 66 130 167 136 221 124 40 98 81 239 218 141 193 189 120 89 222 204 45 97 130 8 214 50 97 159 89 103 234 110 61 221 75 82 151 123 24 37 174 153 188 109 158 245 3 5 120 34 115 122 72 22 215 28 208 242 67 97 222 27 99 154 128 16 118 218 236 12 30 252 101 213 187 134 219 37 77 89 177 87 118 115 11 67 107 1 1 1 1 1 1 1 1 1 1 1 1 1 1 1 1 
6 6 6 6 6 6 6 6 164 144 4 235 76 221 69 8 189 180 178 104 91 18 29 166 57 95 252 235 220 34 237 177 22 226 12 191 90 0 27 171 71 15 160 9 13 144 53 17 96 163 74 201 98 154 184 177 88 198 185 240 103 50 113 32 120 88 207 181 202 206 25 227 103 131 177 223 100 154 102 213 167 99 222 218 215 204 218 103 221 110 16 110 53 74 81 19 41 134 106 182 232 82 206 117 84 124 132 101 76 226 140 66 6 6 6 6 6 6 6 6 6 6 6 6 6 6 6 6 
98 98 98 98 98 98 98 98 107 33 156 199 6 127 225 79 249 184 92 22 180 132 217 29 4 117 171 254 146 220 0 106 9 177 215 223 184 22 48 5 7 142 86 106 76 112 172 141 226 204 163 210 179 42 120 172 157 104 91 250 74 201 106 187 247 129 148 185 180 81 165 245 77 160 91 158 201 98 110 133 240 180 215 117 164 27 106 189 146 100 116 92 19 21 120 215 189 13 29 21 28 203 27 110 96 31 249 82 100 210 195 230 98 98 98 98 98 98 98 98 98 98 98 98 98 98 98 98 
219 219 219 219 219 219 219 219 53 188 121 37 226 127 60 195 240 48 185 49 137 214 231 49 254 170 10 10 108 136 70 121 154 227 4 156 146 11 164 142 51 205 189 138 34 80 156 148 98 141 1 102 130 67 217 187 230 232 24 189 148 75 39 248 55 6 175 36 117 140 138 42 140 233 207 203 107 14 109 4 233 181 73 182 191 139 39 15 17 119 196 233 52 172 112 102 107 86 231 40 235 93 140 149 223 118 151 32 214 9 196 232 219 219 219 219 219 219 219 219 219 219 219 219 219 219 219 219 
1 1 1 1 1 1 1 1 223 53 247 135 132 82 228 164 222 95 237 165 49 160 169 24 178 226 171 81 156 10 20 77 43 90 176 21 167 138 20 130 248 32 198 115 246 6 225 161 175 174 21 146 73 64 220 96 146 6 29 110 164 72 117 80 141 250 168 181 177 9 79 15 236 178 105 246 45 179 159 48 217 66 226 124 137 50 165 222 193 75 60 67 204 56 196 151 96 63 108 172 151 114 236 106 63 32 71 236 42 36 29 233 1 1 1 1 1 1 1 1 1 1 1 1 1 1 1 1 
26 26 26 26 26 26 26 26 155 101 15 10 198 12 180 40 102 157 124 92 206 163 250 213 228 77 221 179 121 222 220 25 77 66 251 92 29 81 235 184 42 33 60 206 86 55 34 109 98 81 255 102 33 159 7 172 193 110 72 190 145 192 216 85 184 47 235 88 0 150 101 119 16 222 197 166 16 76 18 11 39 230 105 214 239 4 106 147 116 184 249 15 148 205 155 254 121 64 42 93 136 241 28 235 32 133 203 232 40 133 152 151 26 26 26 26 26 26 26 26 26 26 26 26 26 26 26 26 
250 250 250 250 250 250 250 250 169 14 40 172 237 43 241 206 126 207 202 129 75 246 47 88 109 186 179 199 90 228 123 35 48 230 160 34 65 236 15 210 55 21 166 81 131 155 96 65 198 53 183 82 14 169 222 84 45 1 8 143 84 214 94 135 52 86 151 217 38 73 144 204 242 16 66 32 18 49 238 54 248 96 76 2 152 187 40 210 165 133 129 15 70 202 156 214 219 246 41 216 139 226 150 66 182 139 0 58 214 206 254 191 250 250 250 250 250 250 250 250 250 250 250 250 250 250 250 250 
74 74 74 74 74 74 74 74 71 188 15 166 82 128 85 23 245 85 253 16 129 114 178 35 34 133 236 237 147 4 83 124 233 180 18 77 213 225 42 26 2 114 240 153 61 118 78 206 85 199 113 24 57 6 98 12 212 113 161 202 207 2 225 61 2 131 247 246 106 222 194 105 96 135 162 96 122 21 215 242 131 149 177 97 193 214 26 109 45 196 206 0 109 135 106 147 144 227 151 42 45 10 179 67 221 192 160 206 9 140 75 105 74 74 74 74 74 74 74 74 74 74 74 74 74 74 74 74 
222 222 222 222 222 222 222 222 29 249 123 67 84 226 1 226 16 167 223 234 73 136 54 82 68 24 132 81 191 200 115 230 56 19 150 175 41 36 110 126 18 164 154 242 72 217 108 179 80 239 36 179 118 111 241 70 146 122 6 223 221 223 183 13 165 58 178 2 225 85 215 133 178 244 236 40 83 162 12 254 215 255 65 102 207 48 226 35 59 103 202 220 193 163 18 39 43 233 107 128 3 168 190 107 165 162 214 99 241 40 154 78 222 222 222 222 222 222 222 222 222 222 222 222 222 222 222 222 
148 148 148 148 148 148 148 148 105 26 149 229 125 161 205 51 171 163 62 126 32 245 190 22 10 38 100 35 164 240 60 71 15 192 113 141 224 40 176 248 56 154 75 64 180 97 76 104 207 81 80 94 137 223 174 115 229 245 220 97 225 158 157 36 150 136 171 125 88 255 45 38 57 41 97 75 69 71 33 123 162 70 126 38 218 101 101 239 209 94 90 207 255 105 190 211 154 62 62 191 81 40 48 151 35 249 249 219 107 125 233 53 135 73 149 124 166 44 249 83 27 148 148 148 148 148 231 54 
239 239 239 239 239 239 239 239 122 192 7 172 80 123 184 61 237 22 201 43 101 91 163 150 106 94 146 174 220 60 182 100 10 175 70 82 223 164 255 108 76 50 145 216 225 43 248 178 20 188 242 220 36 185 30 110 98 155 43 169 252 219 179 186 59 169 74 110 77 55 8 61 251 125 104 223 131 104 105 60 136 161 239 249 170 63 16 45 226 230 8 234 244 208 202 71 134 229 82 173 209 209 131 183 174 57 13 210 12 6 236 62 55 236 138 53 74 35 113 141 168 239 239 239 239 239 23 201 
137 137 137 137 137 137 137 137 162 3 98 8 130 245 253 14 24 87 248 162 32 243 163 235 83 151 95 95 71 7 77 116 193 226 225 134 185 122 208 35 73 49 92 51 147 44 136 123 152 210 111 14 240 27 2 149 235 102 16 174 44 142 17 254 71 160 203 81 128 189 189 73 152 36 86 209 70 245 81 222 177 60 12 241 190 109 243 48 253 170 22 75 156 51 237 28 216 47 140 33 86 46 153 99 157 253 185 250 34 210 90 118 214 119 183 230 51 155 217 224 143 137 137 137 137 137 179 80 
121 121 121 121 121 121 121 121 61 17 139 70 228 80 63 244 28 252 230 40 123 157 221 194 130 170 211 9 183 52 37 78 141 225 92 17 158 240 12 65 189 6 252 127 84 114 116 128 79 22 104 133 123 93 169 72 159 180 21 122 121 163 109 224 42 149 131 200 191 131 50 96 80 99 214 199 137 181 236 220 250 225 67 12 180 96 13 4 223 98 169 23 109 23 29 213 143 147 177 250 75 137 188 240 237 190 228 244 201 224 30 38 14 56 169 91 4 66 97 66 112 121 121 121 121 121 67 38 
96 96 96 96 96 96 96 96 11 189 243 183 74 204 217 148 81 98 253 136 198 22 112 67 254 111 153 36 168 211 68 149 82 193 12 68 159 193 250 214 1 56 217 67 241 50 124 252 60 202 239 199 74 245 36 148 179 78 240 2 43 166 249 33 44 186 193 62 245 123 215 14 188 169 73 208 138 134 142 48 169 56 250 5 215 69 69 218 7 50 255 103 115 143 64 84 12 177 105 44 70 125 231 184 78 91 180 236 61 240 139 187 204 236 80 27 25 10 18 240 103 96 96 96 96 96 92 187 
178 178 178 178 178 178 178 178 254 212 11 208 144 184 124 68 13 225 105 145 157 67 66 115 6 75 183 185 0 62 250 36 153 40 182 68 73 162 201 91 217 195 55 170 88 250 131 99 17 189 182 66 196 99 195 18 133 13 137 49 8 61 196 58 110 40 107 255 229 79 207 20 21 25 179 194 67 173 57 200 31 136 254 42 52 43 162 146 63 212 9 120 24 253 49 60 35 196 217 24 2 111 127 80 197 106 33 120 218 33 172 138 128 35 214 50 141 66 254 58 235 178 178 178 178 178 15 133 
91 91 91 91 91 91 91 91 231 58 117 128 252 180 198 173 237 114 220 186 110 244 97 66 85 41 46 17 187 160 203 120 156 145 41 24 143 153 198 161 58 116 153 111 128 71 99 132 237 53 18 9 210 64 69 172 202 230 184 115 209 74 103 57 212 123 25 70 185 249 187 202 39 129 174 34 176 35 107 155 197 175 128 223 61 148 253 243 208 0 10 144 122 25 222 148 2 183 192 177 136 124 220 197 83 238 193 51 237 137 163 116 139 52 44 96 135 194 83 184 229 91 91 91 91 91 217 106 
1 1 1 1 1 1 1 1 189 112 54 132 12 223 212 129 35 198 255 210 174 32 215 92 52 65 244 234 52 30 165 175 118 35 21 207 226 203 43 99 1 26 142 88 23 48 109 66 222 190 127 41 31 108 246 242 155 23 9 74 145 115 117 158 115 90 29 49 189 196 129 13 121 108 81 69 196 55 215 61 135 183 58 239 109 135 152 12 56 67 128 177 193 4 230 174 72 179 108 42 254 232 145 205 209 198 93 243 2 147 221 87 15 44 86 52 150 247 199 28 99 1 1 1 1 1 20 251 
6 6 6 6 6 6 6 6 176 110 83 104 150 172 137 46 102 200 250 137 224 12 36 246 215 146 8 158 217 158 18 109 162 132 51 183 19 134 119 117 194 160 164 111 92 117 237 205 211 238 86 226 79 110 154 12 94 176 164 179 145 90 239 114 144 54 97 229 254 2 145 176 32 61 183 190 189 119 171 213 27 160 24 131 192 72 43 245 30 108 105 72 212 154 90 249 98 163 251 156 79 168 170 20 176 202 111 160 208 85 59 43 74 177 178 229 23 133 235 180 147 6 6 6 6 6 166 226 
98 98 98 98 98 98 98 98 116 138 246 248 144 44 205 176 133 99 237 9 124 87 183 23 179 169 178 223 249 85 24 65 21 123 102 103 115 24 80 7 238 13 187 115 209 93 106 219 148 219 72 26 64 250 242 148 4 126 106 230 226 104 61 244 65 131 192 55 222 107 71 86 171 27 18 72 200 111 101 191 160 242 159 18 237 7 213 187 231 16 7 187 199 161 172 230 140 79 213 249 80 127 174 12 167 177 126 219 137 65 145 203 237 128 12 111 83 167 105 207 220 98 98 98 98 98 138 249 
219 219 219 219 219 219 219 219 118 59 8 97 79 216 185 165 16 155 45 146 220 98 138 3 249 255 157 35 30 87 253 89 245 101 208 221 167 174 210 175 4 4 165 106 17 177 44 255 107 87 248 163 210 28 14 11 190 189 87 191 25 60 99 91 169 36 162 27 88 160 138 2 142 130 83 250 124 48 191 20 77 248 18 241 4 2 119 82 179 191 20 245 48 196 126 127 2 48 67 247 87 200 12 249 206 28 182 250 177 101 155 192 117 65 23 70 139 183 143 48 118 219 219 219 219 219 127 36 
1 1 1 1 1 1 1 1 225 152 209 15 174 101 52 250 48 249 56 222 138 35 15 215 14 163 168 216 160 34 61 192 97 58 237 54 150 198 198 201 137 244 34 102 227 62 74 95 134 143 155 207 154 8 251 114 231 185 66 68 80 65 56 4 15 29 127 119 187 67 40 253 180 190 30 68 9 210 99 221 18 94 128 161 242 154 254 117 3 234 115 255 218 24 47 36 56 42 220 150 56 47 0 254 113 190 82 98 174 21 105 73 186 176 90 194 53 129 188 179 158 1 1 1 1 1 92 177 
26 26 26 26 26 26 26 26 174 20 245 19 21 20 191 120 241 172 138 59 132 250 67 209 205 223 245 60 83 159 9 126 241 60 7 166 71 9 63 44 165 200 41 168 89 222 51 155 95 201 132 183 37 69 155 70 48 22 217 253 20 181 246 163 120 186 26 88 199 51 230 77 192 6 22 244 105 143 214 118 126 108 195 199 44 30 242 19 187 170 238 162 253 65 194 79 172 199 160 199 53 247 64 240 119 37 37 79 47 253 248 55 82 72 214 34 33 84 50 252 120 26 26 26 26 26 48 75 
250 250 250 250 250 250 250 250 142 119 123 121 232 139 80 112 55 220 161 187 249 207 122 248 91 44 137 58 193 158 44 40 230 124 211 218 171 164 232 235 35 161 130 94 49 3 4 24 172 31 98 180 127 88 216 163 143 133 81 20 158 83 77 133 163 217 91 130 114 168 0 107 175 208 67 81 229 202 155 161 193 255 36 100 46 240 237 99 27 251 12 40 118 71 24 8 43 126 63 14 213 65 211 52 242 171 50 23 130 229 131 219 72 134 236 219 32 242 19 26 42 250 250 250 250 250 93 253 
74 74 74 74 74 74 74 74 33 237 111 7 67 116 32 161 4 231 76 182 80 138 88 166 173 140 93 81 55 211 160 32 21 159 101 164 209 210 222 149 79 221 250 31 235 71 192 193 78 203 129 159 252 60 58 50 33 49 146 217 107 141 221 205 73 131 26 115 140 6 171 49 118 197 7 10 245 20 145 97 233 121 42 202 206 225 179 88 226 63 241 247 50 198 45 33 253 46 192 50 87 130 157 105 166 223 240 123 164 210 100 158 116 171 192 205 31 246 118 63 44 74 74 74 74 74 210 62 
222 222 222 222 222 222 222 222 23 12 34 168 133 211 220 115 121 241 253 79 189 143 94 109 153 83 22 59 105 251 72 26 72 28 130 213 215 85 113 147 179 34 116 6 1 105 209 111 210 85 122 231 31 188 104 247 95 172 30 88 228 44 233 27 138 41 244 210 192 157 33 240 56 165 96 32 19 69 21 57 142 72 223 71 4 176 166 41 74 100 211 90 21 123 142 161 242 57 130 235 32 54 28 192 50 64 5 38 163 245 184 172 203 90 188 1 7 58 139 198 93 222 222 222 222 222 250 230 
148 148 148 148 148 148 148 148 148 148 148 148 148 148 148 148 148 148 148 148 148 148 148 148 244 78 17 172 215 61 157 89 97 88 134 33 235 62 6 240 109 211 167 54 19 254 233 231 127 189 59 171 212 5 207 180 151 239 133 87 249 61 12 108 119 201 6 185 140 62 53 154 221 87 51 232 64 21 161 227 191 247 85 56 191 202 50 111 148 148 148 148 148 148 148 148 148 148 148 148 148 148 148 148 148 148 148 148 148 148 148 148 148 148 148 148 148 148 148 148 148 148 148 148 148 148 148 148 
239 239 239 239 239 239 239 239 239 239 239 239 239 239 239 239 239 239 239 239 239 239 239 239 78 213 54 39 51 166 5 84 223 37 158 125 36 130 195 232 181 36 245 138 219 84 192 95 221 96 180 45 24 168 10 139 172 155 13 216 205 185 229 149 174 167 248 233 234 7 1 250 108 109 238 143 141 211 238 134 226 69 2 182 218 67 146 169 239 239 239 239 239 239 239 239 239 239 239 239 239 239 239 239 239 239 239 239 239 239 239 239 239 239 239 239 239 239 239 239 239 239 239 239 239 239 239 239 
137 137 137 137 137 137 137 137 137 137 137 137 137 137 137 137 137 137 137 137 137 137 137 137 245 71 172 12 125 210 219 23 95 133 61 183 54 35 24 62 221 128 115 169 190 136 17 165 245 101 74 151 52 145 154 167 38 129 100 146 245 181 162 186 68 235 37 22 246 128 151 32 69 50 69 2 228 23 27 177 151 137 35 205 152 158 60 233 137 137 137 137 137 137 137 137 137 137 137 137 137 137 137 137 137 137 137 137 137 137 137 137 137 137 137 137 137 137 137 137 137 137 137 137 137 137 137 137 
121 121 121 121 121 121 121 121 121 121 121 121 121 121 121 121 121 121 121 121 121 121 121 121 94 255 226 158 98 210 11 210 108 187 37 143 122 85 119 197 168 233 40 101 170 194 7 254 191 220 138 219 61 173 159 36 2 62 65 93 180 152 87 104 0 81 35 2 140 106 66 17 199 11 241 134 142 63 30 8 111 2 55 253 31 152 126 88 121 121 121 121 121 121 121 121 121 121 121 121 121 121 121 121 121 121 121 121 121 121 121 121 121 121 121 121 121 121 121 121 121 121 121 121 121 121 121 121 
96 96 96 96 96 96 96 96 96 96 96 96 96 96 96 96 96 96 96 96 96 96 96 96 105 40 212 5 177 113 86 162 82 33 230 226 88 227 213 119 39 132 90 177 68 67 103 141 236 198 147 198 3 34 164 185 13 254 183 251 88 51 167 157 87 138 12 48 114 144 134 192 89 198 36 183 163 243 74 122 60 110 144 148 117 73 13 47 96 96 96 96 96 96 96 96 96 96 96 96 96 96 96 96 96 96 96 96 96 96 96 96 96 96 96 96 96 96 96 96 96 96 96 96 96 96 96 96 
178 178 178 178 178 178 178 178 178 178 178 178 178 178 178 178 178 178 178 178 178 178 178 178 128 4 245 197 253 81 76 210 98 120 52 30 121 195 222 135 9 14 217 165 210 198 221 79 87 220 186 6 28 89 105 51 137 94 72 4 34 8 78 60 193 36 203 215 159 62 159 201 29 109 86 85 122 98 1 252 7 230 96 112 34 138 156 186 178 178 178 178 178 178 178 178 178 178 178 178 178 178 178 178 178 178 178 178 178 178 178 178 178 178 178 178 178 178 178 178 178 178 178 178 178 178 178 178 
91 91 91 91 91 91 91 91 91 91 91 91 91 91 91 91 91 91 91 91 91 91 91 91 242 255 190 139 88 226 217 133 75 38 111 24 189 68 7 155 10 31 151 71 166 23 147 206 29 211 246 210 90 218 73 107 100 38 141 49 17 6 102 50 255 47 210 126 110 38 170 52 157 240 172 155 37 217 39 93 96 2 211 155 132 228 138 117 91 91 91 91 91 91 91 91 91 91 91 91 91 91 91 91 91 91 91 91 91 91 91 91 91 91 91 91 91 91 91 91 91 91 91 91 91 91 91 91 
1 1 1 1 1 1 1 1 1 1 1 1 1 1 1 1 1 1 1 1 1 1 1 1 129 112 1 251 242 231 84 168 220 47 123 90 142 62 192 48 166 21 214 48 57 101 152 77 229 183 244 35 194 4 122 139 253 93 56 6 22 119 169 163 209 89 230 189 232 202 155 113 73 206 137 113 103 6 242 26 128 35 201 41 91 13 223 220 1 1 1 1 1 1 1 1 1 1 1 1 1 1 1 1 1 1 1 1 1 1 1 1 1 1 1 1 1 1 1 1 1 1 1 1 1 1 1 1 
6 6 6 6 6 6 6 6 6 6 6 6 6 6 6 6 6 6 6 6 6 6 6 6 241 122 70 195 213 200 112 184 198 62 192 13 53 107 144 52 48 219 45 138 43 222 124 52 133 39 52 28 132 9 135 138 60 149 62 132 160 210 5 8 44 142 33 174 20 76 168 227 247 125 150 88 216 218 114 0 228 151 142 14 114 49 8 137 6 6 6 6 6 6 6 6 6 6 6 6 6 6 6 6 6 6 6 6 6 6 6 6 6 6 6 6 6 6 6 6 6 6 6 6 6 6 6 6 
98 98 98 98 98 98 98 98 98 98 98 98 98 98 98 98 98 98 98 98 98 98 98 98 166 13 219 105 118 86 215 227 238 28 52 251 157 166 194 194 85 100 187 205 218 22 40 99 245 217 110 89 246 99 249 34 62 87 183 168 180 211 197 34 128 52 59 111 3 177 89 95 15 211 32 161 190 67 215 236 106 96 196 126 176 118 73 14 98 98 98 98 98 98 98 98 98 98 98 98 98 98 98 98 98 98 98 98 98 98 98 98 98 98 98 98 98 98 98 98 98 98 98 98 98 98 98 98 
219 219 219 219 219 219 219 219 219 219 219 219 219 219 219 219 219 219 219 219 219 219 219 219 106 213 38 230 23 88 229 202 235 209 174 65 78 68 125 22 105 92 74 116 60 152 45 212 171 93 89 84 93 217 98 190 177 208 149 248 48 218 209 99 244 243 85 174 91 29 242 9 147 50 254 97 97 121 26 144 104 47 186 214 145 27 59 7 219 219 219 219 219 219 219 219 219 219 219 219 219 219 219 219 219 219 219 219 219 219 219 219 219 219 219 219 219 219 219 219 219 219 219 219 219 219 219 219 
1 1 1 1 1 1 1 1 1 1 1 1 1 1 1 1 1 1 1 1 1 1 1 1 4 14 238 1 98 226 150 237 199 144 150 45 243 57 86 138 134 79 80 28 92 188 3 188 117 228 167 161 58 141 229 15 10 101 238 172 221 74 194 110 40 210 208 192 110 72 27 138 223 212 13 22 242 8 24 238 131 45 113 245 47 67 223 241 1 1 1 1 1 1 1 1 1 1 1 1 1 1 1 1 1 1 1 1 1 1 1 1 1 1 1 1 1 1 1 1 1 1 1 1 1 1 1 1 
26 26 26 26 26 26 26 26 26 26 26 26 26 26 26 26 26 26 26 26 26 26 26 26 231 114 211 127 236 42 171 228 213 232 64 177 220 146 169 120 221 235 108 165 42 20 132 212 181 161 158 98 125 212 229 248 87 85 242 149 2 126 20 10 47 134 173 122 41 198 196 124 110 120 155 128 237 115 243 32 52 213 42 153 124 176 4 141 26 26 26 26 26 26 26 26 26 26 26 26 26 26 26 26 26 26 26 26 26 26 26 26 26 26 26 26 26 26 26 26 26 26 26 26 26 26 26 26 
250 250 250 250 250 250 250 250 250 250 250 250 250 250 250 250 250 250 250 250 250 250 250 250 135 198 96 235 89 171 255 38 186 56 72 188 49 167 113 169 111 27 13 21 241 186 52 92 74 57 233 250 27 189 106 69 178 27 230 94 211 48 182 65 232 115 131 151 89 54 20 146 13 156 0 73 112 10 33 171 166 25 107 171 19 80 110 81 250 250 250 250 250 250 250 250 250 250 250 250 250 250 250 250 250 250 250 250 250 250 250 250 250 250 250 250 250 250 250 250 250 250 250 250 250 250 250 250 
74 74 74 74 74 74 74 74 74 74 74 74 74 74 74 74 74 74 74 74 74 74 74 74 10 142 126 167 29 75 232 119 126 57 253 74 16 160 102 191 208 161 128 187 139 215 27 126 107 70 95 54 229 66 65 87 198 100 100 68 249 115 147 65 144 55 20 255 53 53 1 155 253 142 151 232 120 22 243 25 4 40 203 193 184 199 117 240 74 74 74 74 74 74 74 74 74 74 74 74 74 74 74 74 74 74 74 74 74 74 74 74 74 74 74 74 74 74 74 74 74 74 74 74 74 74 74 74 
222 222 222 222 222 222 222 222 222 222 222 222 222 222 222 222 222 222 222 222 222 222 222 222 71 158 61 171 111 139 77 30 180 117 181 202 101 85 111 248 53 13 90 2 69 209 223 236 36 252 143 134 69 178 198 68 119 154 56 17 130 239 169 32 162 205 126 6 17 41 108 185 28 210 209 110 161 18 48 139 7 29 167 220 0 90 38 200 222 222 222 222 222 222 222 222 222 222 222 222 222 222 222 222 222 222 222 222 222 222 222 222 222 222 222 222 222 222 222 222 222 222 222 222 222 222 222 222 
148 148 148 148 148 148 148 148 148 148 148 148 148 148 148 148 160 39 148 108 122 42 90 148 21 182 99 174 230 36 92 113 221 23 153 194 199 62 30 139 127 231 208 82 163 233 36 198 11 96 139 227 150 17 37 123 116 112 178 215 228 221 105 106 91 78 56 152 86 252 19 3 225 15 244 144 240 192 2 148 95 188 54 192 185 41 6 112 7 142 5 253 93 176 182 169 179 251 119 161 22 60 99 25 148 148 148 148 148 148 148 148 148 148 148 148 148 148 148 148 148 148 148 148 148 148 148 148 
239 239 239 239 239 239 239 239 239 239 239 239 239 239 239 239 63 39 239 79 101 35 87 239 55 220 241 25 13 34 54 132 123 93 147 74 94 180 211 245 95 135 100 116 31 194 218 46 188 124 11 133 10 246 177 133 19 43 94 83 28 155 103 87 19 99 148 34 47 138 242 47 144 232 0 97 25 57 175 12 187 124 164 200 186 8 201 214 106 113 68 51 238 143 223 64 206 229 66 7 70 202 207 26 239 239 239 239 239 239 239 239 239 239 239 239 239 239 239 239 239 239 239 239 239 239 239 239 
137 137 137 137 137 137 137 137 137 137 137 137 137 137 137 137 48 106 137 223 245 226 0 137 254 156 20 181 112 81 118 15 96 70 141 113 64 135 48 57 181 131 21 103 116 140 73 1 16 143 130 220 116 150 88 11 147 25 182 173 47 131 249 205 44 156 201 42 73 177 3 165 88 200 56 16 173 189 23 9 132 212 30 185 15 240 93 140 13 219 252 253 149 232 113 49 88 228 188 237 1 221 237 79 137 137 137 137 137 137 137 137 137 137 137 137 137 137 137 137 137 137 137 137 137 137 137 137 
121 121 121 121 121 121 121 121 121 121 121 121 121 121 121 121 67 139 121 156 69 2 217 121 90 209 27 40 34 217 190 160 120 159 1 187 193 36 50 141 195 43 130 173 51 166 95 24 115 207 239 137 37 88 218 217 76 201 110 107 34 99 196 241 185 40 52 244 219 85 206 232 246 177 186 168 124 60 220 160 226 107 29 173 199 190 185 17 132 178 45 126 237 175 158 58 144 18 81 149 47 120 87 182 121 121 121 121 121 121 121 121 121 121 121 121 121 121 121 121 121 121 121 121 121 121 121 121 
96 96 96 96 96 96 96 96 96 96 96 96 96 96 96 96 153 123 96 24 20 208 188 96 244 71 179 79 110 157 238 111 80 30 92 116 62 106 77 211 51 9 99 192 125 135 131 116 188 200 80 232 33 120 33 50 29 80 86 236 155 4 209 176 118 152 180 26 176 88 111 63 29 27 244 225 105 217 187 218 48 174 12 160 76 4 63 114 164 54 58 113 61 144 196 102 97 177 74 236 51 63 211 148 96 96 96 96 96 96 96 96 96 96 96 96 96 96 96 96 96 96 96 96 96 96 96 96 
178 178 178 178 178 178 178 178 178 178 178 178 178 178 178 178 51 121 178 254 135 81 112 178 46 158 50 122 70 138 107 174 224 228 49 240 253 212 33 125 245 89 231 154 156 18 117 250 154 11 151 40 71 108 119 16 137 141 145 4 220 72 225 167 232 66 90 208 0 197 243 168 39 206 245 140 226 160 161 146 189 2 252 92 163 228 170 80 231 26 81 17 116 74 182 9 231 209 4 133 222 82 11 103 178 178 178 178 178 178 178 178 178 178 178 178 178 178 178 178 178 178 178 178 178 178 178 178 
91 91 91 91 91 91 91 91 91 91 91 91 91 91 91 91 225 36 91 252 102 184 227 91 174 181 205 101 228 148 51 123 145 162 208 118 174 237 58 214 169 38 211 182 151 116 79 158 19 26 66 162 64 247 143 7 109 167 1 173 79 193 186 227 79 70 58 28 250 6 86 160 118 201 113 89 2 169 254 118 235 74 68 30 116 141 176 124 235 8 255 48 232 74 104 160 218 124 82 0 161 98 203 137 91 91 91 91 91 91 91 91 91 91 91 91 91 91 91 91 91 91 91 91 91 91 91 91 
1 1 1 1 1 1 1 1 1 1 1 1 1 1 1 1 94 106 1 53 158 209 117 1 166 175 29 185 247 66 239 154 210 10 146 37 66 32 116 237 64 8 188 228 238 91 59 161 10 74 37 39 12 9 75 233 232 62 105 177 189 186 203 151 73 53 121 101 194 158 124 94 190 193 5 17 104 208 50 12 148 144 54 235 177 11 42 62 62 137 113 144 218 52 53 223 113 134 55 221 111 99 253 119 1 1 1 1 1 1 1 1 1 1 1 1 1 1 1 1 1 1 1 1 1 1 1 1 
6 6 6 6 6 6 6 6 6 6 6 6 6 6 6 6 147 235 6 224 220 80 111 6 195 244 129 14 255 114 81 9 32 255 37 152 216 21 247 211 182 110 232 224 230 246 134 32 217 62 254 149 208 104 92 139 128 76 131 19 134 174 13 67 207 117 59 43 140 156 172 59 209 244 246 92 159 80 113 180 72 188 127 42 141 50 123 183 87 128 28 192 7 200 72 103 247 21 51 70 141 75 89 45 6 6 6 6 6 6 6 6 6 6 6 6 6 6 6 6 6 6 6 6 6 6 6 6 
98 98 98 98 98 98 98 98 98 98 98 98 98 98 98 98 200 112 98 199 162 243 127 98 106 99 29 218 249 81 167 213 171 129 170 115 233 227 6 3 209 66 98 7 99 127 95 56 153 126 159 125 131 141 252 227 218 97 250 91 112 122 93 71 147 234 12 201 184 162 93 196 206 220 225 62 73 118 9 219 233 15 85 249 124 164 42 168 88 4 152 20 195 253 238 186 135 80 151 61 17 187 67 108 98 98 98 98 98 98 98 98 98 98 98 98 98 98 98 98 98 98 98 98 98 98 98 98 
219 219 219 219 219 219 219 219 219 219 219 219 219 219 219 219 25 86 219 115 68 78 252 219 229 90 207 193 165 28 193 114 135 105 81 78 97 197 188 237 21 122 51 117 39 89 90 164 195 101 52 179 90 212 84 143 27 98 20 209 181 113 58 20 47 140 25 106 216 132 56 4 2 84 34 135 204 104 120 176 30 119 113 172 176 125 121 51 215 190 131 97 120 21 46 139 178 93 95 118 6 204 192 63 219 219 219 219 219 219 219 219 219 219 219 219 219 219 219 219 219 219 219 219 219 219 219 219 
1 1 1 1 1 1 1 1 1 1 1 1 1 1 1 1 49 81 1 241 226 19 59 1 198 107 211 13 73 130 119 104 9 60 18 56 229 202 247 125 193 111 157 131 203 2 68 108 133 47 42 143 164 196 41 28 230 186 20 23 200 74 34 224 250 136 48 46 128 155 73 49 30 105 48 232 56 150 161 161 227 231 213 231 213 6 245 108 19 67 252 101 241 253 101 34 77 229 238 193 162 146 120 113 1 1 1 1 1 1 1 1 1 1 1 1 1 1 1 1 1 1 1 1 1 1 1 1 
26 26 26 26 26 26 26 26 26 26 26 26 26 26 26 26 82 63 26 156 184 168 204 26 163 150 36 14 253 223 65 81 224 63 249 81 139 86 32 182 167 242 154 35 28 37 135 213 37 31 231 212 5 75 75 186 111 101 88 209 151 182 175 241 226 30 59 94 182 73 25 228 94 33 49 29 109 234 69 196 148 142 31 130 175 129 198 12 83 28 39 137 114 35 115 197 46 214 231 52 210 213 45 14 26 26 26 26 26 26 26 26 26 26 26 26 26 26 26 26 26 26 26 26 26 26 26 26 
250 250 250 250 250 250 250 250 250 250 250 250 250 250 250 250 129 252 250 55 236 126 219 250 13 221 220 196 236 25 211 50 140 243 169 193 43 10 121 213 70 29 56 230 171 159 157 160 196 68 128 97 209 186 79 68 250 90 50 154 146 242 88 190 139 205 188 193 84 51 144 16 83 38 50 61 21 180 57 103 51 216 73 1 109 72 96 141 231 153 62 45 51 101 125 74 84 231 193 240 72 197 121 220 250 250 250 250 250 250 250 250 250 250 250 250 250 250 250 250 250 250 250 250 250 250 250 250 
74 74 74 74 74 74 74 74 74 74 74 74 74 74 74 74 74 128 74 199 134 86 239 74 140 244 127 72 89 246 233 104 13 255 65 118 170 51 25 81 222 156 31 61 118 65 33 99 31 145 32 220 119 59 18 167 235 7 25 83 133 93 11 99 237 19 108 213 32 5 138 240 47 178 66 183 34 81 9 241 165 57 65 35 147 42 39 174 29 216 16 246 40 30 138 32 228 91 213 171 236 160 174 170 74 74 74 74 74 74 74 74 74 74 74 74 74 74 74 74 74 74 74 74 74 74 74 74 
222 222 222 222 222 222 222 222 222 222 222 222 222 222 222 222 22 65 222 137 104 72 169 222 197 53 19 114 47 127 205 63 246 111 110 55 142 16 176 254 27 228 101 97 242 9 168 116 96 18 82 193 210 145 189 9 44 78 49 229 49 195 77 43 99 34 241 155 189 148 228 56 193 57 214 70 24 29 91 185 130 76 113 224 115 69 19 106 41 217 123 154 6 246 199 6 131 235 192 232 20 201 137 224 222 222 222 222 222 222 222 222 222 222 222 222 222 222 222 222 222 222 222 222 222 222 222 222 
148 148 148 148 148 148 148 148 148 148 148 148 148 148 148 148 148 148 148 148 148 148 148 148 76 122 129 99 70 27 66 205 32 185 95 208 140 42 62 188 245 44 57 191 224 233 221 137 182 51 213 39 163 205 4 138 26 253 221 154 21 48 139 15 242 72 97 31 5 66 248 161 175 95 220 101 124 213 61 154 8 12 210 195 104 114 123 56 200 189 148 255 138 108 158 130 148 148 148 148 148 148 148 148 148 148 148 148 148 148 148 148 148 148 148 148 148 148 148 148 148 148 148 148 148 148 148 148 
239 239 239 239 239 239 239 239 239 239 239 239 239 239 239 239 239 239 239 239 239 239 239 239 248 14 50 163 42 201 135 68 32 129 183 117 13 113 220 234 174 99 20 218 153 143 68 64 241 49 152 140 25 195 41 236 165 183 210 252 91 158 173 166 112 78 51 28 136 147 172 191 188 165 113 86 107 116 249 70 70 93 190 55 115 141 144 83 61 19 26 249 214 122 192 78 239 239 239 239 239 239 239 239 239 239 239 239 239 239 239 239 239 239 239 239 239 239 239 239 239 239 239 239 239 239 239 239 
137 137 137 137 137 137 137 137 137 137 137 137 137 137 137 137 137 137 137 137 137 137 137 137 51 74 18 26 250 217 249 176 214 123 232 119 104 236 163 185 18 10 26 217 144 64 151 235 126 240 136 168 102 213 147 40 74 118 107 156 9 88 34 123 117 106 40 11 90 7 217 150 238 201 167 119 79 210 17 138 42 76 24 133 78 129 221 144 237 177 165 105 228 85 228 86 137 137 137 137 137 137 137 137 137 137 137 137 137 137 137 137 137 137 137 137 137 137 137 137 137 137 137 137 137 137 137 137 
121 121 121 121 121 121 121 121 121 121 121 121 121 121 121 121 121 121 121 121 121 121 121 121 51 126 215 97 30 32 98 114 10 102 21 121 119 173 128 94 15 252 233 31 160 96 255 89 133 132 80 44 247 24 92 30 160 198 124 59 96 235 140 218 19 121 203 31 234 245 192 159 216 157 176 202 179 89 215 156 213 54 7 99 252 43 54 215 240 53 149 138 185 113 106 64 121 121 121 121 121 121 121 121 121 121 121 121 121 121 121 121 121 121 121 121 121 121 121 121 121 121 121 121 121 121 121 121 
96 96 96 96 96 96 96 96 96 96 96 96 96 96 96 96 96 96 96 96 96 96 96 96 244 240 232 118 236 149 174 255 33 192 72 90 141 183 162 190 35 25 141 216 234 12 225 203 231 182 20 40 228 224 255 35 229 237 75 180 45 180 62 37 10 163 82 105 254 47 63 204 213 28 166 187 226 16 175 41 207 129 152 147 220 17 53 164 12 113 181 104 178 121 193 32 96 96 96 96 96 96 96 96 96 96 96 96 96 96 96 96 96 96 96 96 96 96 96 96 96 96 96 96 96 96 96 96 
178 178 178 178 178 178 178 178 178 178 178 178 178 178 178 178 178 178 178 178 178 178 178 178 214 209 128 253 231 251 101 238 110 211 79 86 211 161 11 67 38 132 5 92 167 207 164 98 123 182 18 121 91 210 53 210 86 160 178 233 251 99 123 194 183 183 15 117 149 88 208 26 224 84 63 135 246 192 233 125 184 104 185 174 206 149 220 59 15 61 248 77 0 16 71 56 178 178 178 178 178 178 178 178 178 178 178 178 178 178 178 178 178 178 178 178 178 178 178 178 178 178 178 178 178 178 178 178 
91 91 91 91 91 91 91 91 91 91 91 91 91 91 91 91 91 91 91 91 91 91 91 91 218 114 73 72 41 139 14 224 255 245 228 90 161 70 140 60 138 87 160 146 229 146 138 175 165 98 255 191 193 65 27 252 134 31 190 78 198 50 55 171 136 81 46 95 246 3 60 187 38 174 1 53 186 38 7 48 122 7 205 98 144 86 25 41 81 242 155 77 124 169 163 86 91 91 91 91 91 91 91 91 91 91 91 91 91 91 91 91 91 91 91 91 91 91 91 91 91 91 91 91 91 91 91 91 
1 1 1 1 1 1 1 1 1 1 1 1 1 1 1 1 1 1 1 1 1 1 1 1 7 145 86 158 231 172 205 15 95 120 160 128 222 199 205 127 224 178 58 37 28 205 215 231 127 43 126 14 7 208 37 40 61 152 10 38 82 249 95 131 6 152 43 111 246 205 68 205 197 109 236 211 11 145 35 74 32 182 57 58 79 86 7 59 1 93 56 222 155 253 112 220 1 1 1 1 1 1 1 1 1 1 1 1 1 1 1 1 1 1 1 1 1 1 1 1 1 1 1 1 1 1 1 1 
6 6 6 6 6 6 6 6 6 6 6 6 6 6 6 6 6 6 6 6 6 6 6 6 122 129 131 12 186 143 13 232 112 34 171 109 3 68 239 27 247 157 183 26 215 135 135 82 185 173 98 71 239 183 6 17 43 61 125 132 132 191 26 45 101 152 227 22 163 164 109 28 41 225 44 17 188 201 229 243 26 248 69 131 76 225 180 158 82 17 62 13 188 194 156 91 6 6 6 6 6 6 6 6 6 6 6 6 6 6 6 6 6 6 6 6 6 6 6 6 6 6 6 6 6 6 6 6 
98 98 98 98 98 98 98 98 98 98 98 98 98 98 98 98 98 98 98 98 98 98 98 98 81 155 187 234 248 22 69 169 72 51 74 40 69 121 58 145 161 22 175 179 164 157 135 25 140 175 89 148 151 226 21 150 158 230 78 104 23 78 98 128 155 190 205 22 254 110 40 50 161 113 84 253 61 146 35 218 155 200 154 72 56 83 213 174 17 80 101 26 249 228 160 2 98 98 98 98 98 98 98 98 98 98 98 98 98 98 98 98 98 98 98 98 98 98 98 98 98 98 98 98 98 98 98 98 
219 219 219 219 219 219 219 219 219 219 219 219 219 219 219 219 219 219 219 219 219 219 219 219 199 188 60 150 53 62 37 76 91 25 17 168 176 43 60 118 104 221 203 126 46 112 243 231 35 100 26 57 156 89 47 234 85 87 119 210 239 155 193 195 201 207 62 117 33 195 134 238 233 122 10 139 42 217 18 62 45 125 234 228 3 161 189 232 40 22 94 67 81 28 186 65 219 219 219 219 219 219 219 219 219 219 219 219 219 219 219 219 219 219 219 219 219 219 219 219 219 219 219 219 219 219 219 219 
1 1 1 1 1 1 1 1 1 1 1 1 1 1 1 1 1 1 1 1 1 1 1 1 117 15 58 145 229 143 205 7 192 36 162 129 138 194 131 224 243 59 172 254 56 220 254 214 150 126 231 28 173 209 207 38 50 31 172 222 157 216 157 197 0 17 185 243 150 177 100 116 83 63 183 110 8 50 27 244 10 147 210 218 223 169 29 12 202 232 212 169 59 138 13 72 1 1 1 1 1 1 1 1 1 1 1 1 1 1 1 1 1 1 1 1 1 1 1 1 1 1 1 1 1 1 1 1 
26 26 26 26 26 26 26 26 26 26 26 26 26 26 26 26 26 26 26 26 26 26 26 26 225 109 77 3 80 65 122 7 69 206 51 73 199 156 6 31 177 35 250 71 16 80 157 26 159 104 64 65 60 23 132 159 18 124 124 203 99 116 155 53 28 53 64 191 182 220 156 7 233 239 75 33 99 130 176 84 53 130 79 77 42 100 181 187 49 234 36 50 56 54 183 103 26 26 26 26 26 26 26 26 26 26 26 26 26 26 26 26 26 26 26 26 26 26 26 26 26 26 26 26 26 26 26 26 
250 250 250 250 250 250 250 250 250 250 250 250 250 250 250 250 250 250 250 250 250 250 250 250 194 148 120 81 85 33 39 204 147 211 131 215 85 30 148 67 121 42 101 189 135 145 19 37 213 211 9 25 67 190 125 238 196 85 63 41 37 65 203 116 40 186 192 189 197 85 124 121 124 180 20 128 63 238 19 145 82 228 188 79 160 123 19 107 95 204 246 121 118 220 127 144 250 250 250 250 250 250 250 250 250 250 250 250 250 250 250 250 250 250 250 250 250 250 250 250 250 250 250 250 250 250 250 250 
74 74 74 74 74 74 74 74 74 74 74 74 74 74 74 74 74 74 74 74 74 74 74 74 196 214 13 152 185 233 82 53 198 113 222 62 23 11 87 227 91 159 50 31 124 238 100 21 85 143 71 142 133 55 176 36 167 147 55 97 216 134 223 145 76 134 204 221 53 173 42 178 167 31 154 13 57 142 235 37 34 150 158 83 99 39 152 171 159 53 248 13 145 136 25 177 74 74 74 74 74 74 74 74 74 74 74 74 74 74 74 74 74 74 74 74 74 74 74 74 74 74 74 74 74 74 74 74 
222 222 222 222 222 222 222 222 222 222 222 222 222 222 222 222 222 222 222 222 222 222 222 222 67 153 160 243 114 126 76 191 145 192 205 194 161 165 22 118 210 198 252 36 138 74 17 56 103 240 47 179 44 210 129 12 121 253 105 68 123 57 18 144 36 3 37 245 77 71 150 187 167 235 107 154 13 203 6 132 199 230 48 127 31 171 218 142 96 30 198 155 36 90 40 17 222 222 222 222 222 222 222 222 222 222 222 222 222 222 222 222 222 222 222 222 222 222 222 222 222 222 222 222 222 222 222 222 
