87 103 105 200 87 103 105 200 87 103 105 200 87 103 105 200 87 103 105 200 87 103 105 200 87 103 105 200 87 103 105 200 87 103 105 200 87 103 105 200 87 103 105 200 87 103 105 200 87 103 105 200 87 103 105 200 87 103 105 200 87 103 105 200 75 104 186 123 127 123 192 191 62 188 90 27 16 18 148 105 87 103 105 200 87 103 105 200 87 103 105 200 87 103 105 200 87 103 105 200 87 103 105 200 87 103 105 200 87 103 105 200 87 103 105 200 87 103 105 200 87 103 105 200 87 103 105 200 
67 183 128 52 67 183 128 52 67 183 128 52 67 183 128 52 67 183 128 52 67 183 128 52 67 183 128 52 67 183 128 52 67 183 128 52 67 183 128 52 67 183 128 52 67 183 128 52 67 183 128 52 67 183 128 52 67 183 128 52 67 183 128 52 138 58 52 187 23 110 105 111 11 161 33 136 33 74 227 88 67 183 128 52 67 183 128 52 67 183 128 52 67 183 128 52 67 183 128 52 67 183 128 52 67 183 128 52 67 183 128 52 67 183 128 52 67 183 128 52 67 183 128 52 67 183 128 52 
101 0 243 95 101 0 243 95 101 0 243 95 101 0 243 95 101 0 243 95 101 0 243 95 101 0 243 95 101 0 243 95 101 0 243 95 101 0 243 95 101 0 243 95 101 0 243 95 101 0 243 95 101 0 243 95 101 0 243 95 101 0 243 95 189 196 88 20 127 209 166 34 29 122 127 149 252 76 182 218 101 0 243 95 101 0 243 95 101 0 243 95 101 0 243 95 101 0 243 95 101 0 243 95 101 0 243 95 101 0 243 95 101 0 243 95 101 0 243 95 101 0 243 95 101 0 243 95 
193 147 68 13 193 147 68 13 193 147 68 13 193 147 68 13 193 147 68 13 193 147 68 13 193 147 68 13 193 147 68 13 193 147 68 13 193 147 68 13 193 147 68 13 193 147 68 13 193 147 68 13 193 147 68 13 193 147 68 13 193 147 68 13 156 126 164 93 3 59 168 173 42 123 215 244 29 88 244 193 193 147 68 13 193 147 68 13 193 147 68 13 193 147 68 13 193 147 68 13 193 147 68 13 193 147 68 13 193 147 68 13 193 147 68 13 193 147 68 13 193 147 68 13 193 147 68 13 
87 103 105 200 87 103 105 200 87 103 105 200 87 103 105 200 87 103 105 200 87 103 105 200 87 103 105 200 87 103 105 200 87 103 105 200 87 103 105 200 87 103 105 200 87 103 105 200 87 103 105 200 87 103 105 200 87 103 105 200 87 103 105 200 190 182 119 140 107 210 124 66 193 228 210 144 111 88 94 75 87 103 105 200 87 103 105 200 87 103 105 200 87 103 105 200 87 103 105 200 87 103 105 200 87 103 105 200 87 103 105 200 87 103 105 200 87 103 105 200 87 103 105 200 87 103 105 200 
67 183 128 52 67 183 128 52 67 183 128 52 67 183 128 52 67 183 128 52 67 183 128 52 67 183 128 52 67 183 128 52 67 183 128 52 67 183 128 52 67 183 128 52 67 183 128 52 67 183 128 52 67 183 128 52 67 183 128 52 67 183 128 52 38 205 74 162 55 186 71 3 101 217 6 224 159 96 79 96 67 183 128 52 67 183 128 52 67 183 128 52 67 183 128 52 67 183 128 52 67 183 128 52 67 183 128 52 67 183 128 52 67 183 128 52 67 183 128 52 67 183 128 52 67 183 128 52 
101 0 243 95 101 0 243 95 101 0 243 95 101 0 243 95 101 0 243 95 101 0 243 95 101 0 243 95 101 0 243 95 101 0 243 95 101 0 243 95 101 0 243 95 101 0 243 95 101 0 243 95 101 0 243 95 101 0 243 95 101 0 243 95 132 37 184 43 30 117 133 0 86 191 33 83 87 251 179 130 101 0 243 95 101 0 243 95 101 0 243 95 101 0 243 95 101 0 243 95 101 0 243 95 101 0 243 95 101 0 243 95 101 0 243 95 101 0 243 95 101 0 243 95 101 0 243 95 
193 147 68 13 193 147 68 13 193 147 68 13 193 147 68 13 193 147 68 13 193 147 68 13 193 147 68 13 193 147 68 13 193 147 68 13 193 147 68 13 193 147 68 13 193 147 68 13 193 147 68 13 193 147 68 13 193 147 68 13 193 147 68 13 120 211 207 31 182 115 29 98 8 135 145 78 242 227 253 159 193 147 68 13 193 147 68 13 193 147 68 13 193 147 68 13 193 147 68 13 193 147 68 13 193 147 68 13 193 147 68 13 193 147 68 13 193 147 68 13 193 147 68 13 193 147 68 13 
87 103 105 200 87 103 105 200 87 103 105 200 87 103 105 200 87 103 105 200 87 103 105 200 87 103 105 200 87 103 105 200 87 103 105 200 87 103 105 200 87 103 105 200 87 103 105 200 87 103 105 200 87 103 105 200 53 244 173 211 168 38 109 108 63 132 194 11 143 116 146 204 239 124 100 79 21 173 206 245 158 1 22 73 85 112 41 91 87 103 105 200 87 103 105 200 87 103 105 200 87 103 105 200 87 103 105 200 87 103 105 200 87 103 105 200 87 103 105 200 87 103 105 200 87 103 105 200 
67 183 128 52 67 183 128 52 67 183 128 52 67 183 128 52 67 183 128 52 67 183 128 52 67 183 128 52 67 183 128 52 67 183 128 52 67 183 128 52 67 183 128 52 67 183 128 52 67 183 128 52 67 183 128 52 174 80 207 95 219 4 10 126 189 186 255 6 234 249 122 231 121 229 59 199 126 80 37 218 151 97 14 159 4 221 40 208 67 183 128 52 67 183 128 52 67 183 128 52 67 183 128 52 67 183 128 52 67 183 128 52 67 183 128 52 67 183 128 52 67 183 128 52 67 183 128 52 
101 0 243 95 101 0 243 95 101 0 243 95 101 0 243 95 101 0 243 95 101 0 243 95 101 0 243 95 101 0 243 95 101 0 243 95 101 0 243 95 101 0 243 95 101 0 243 95 101 0 243 95 101 0 243 95 66 182 4 178 30 225 132 80 194 57 229 53 20 23 119 125 248 172 190 18 69 42 127 168 120 80 208 88 243 253 203 121 101 0 243 95 101 0 243 95 101 0 243 95 101 0 243 95 101 0 243 95 101 0 243 95 101 0 243 95 101 0 243 95 101 0 243 95 101 0 243 95 
193 147 68 13 193 147 68 13 193 147 68 13 193 147 68 13 193 147 68 13 193 147 68 13 193 147 68 13 193 147 68 13 193 147 68 13 193 147 68 13 193 147 68 13 193 147 68 13 193 147 68 13 193 147 68 13 202 200 12 232 190 144 163 178 0 28 154 119 28 49 20 73 193 43 34 129 75 69 253 40 143 20 42 207 192 95 168 42 193 147 68 13 193 147 68 13 193 147 68 13 193 147 68 13 193 147 68 13 193 147 68 13 193 147 68 13 193 147 68 13 193 147 68 13 193 147 68 13 
87 103 105 200 87 103 105 200 87 103 105 200 87 103 105 200 87 103 105 200 87 103 105 200 87 103 105 200 87 103 105 200 87 103 105 200 87 103 105 200 87 103 105 200 87 103 105 200 87 103 105 200 87 103 105 200 235 198 71 143 234 137 106 37 84 76 121 146 49 96 71 118 177 237 197 36 102 237 88 128 84 140 92 204 48 80 224 45 87 103 105 200 87 103 105 200 87 103 105 200 87 103 105 200 87 103 105 200 87 103 105 200 87 103 105 200 87 103 105 200 87 103 105 200 87 103 105 200 
67 183 128 52 67 183 128 52 67 183 128 52 67 183 128 52 67 183 128 52 67 183 128 52 67 183 128 52 67 183 128 52 67 183 128 52 67 183 128 52 67 183 128 52 67 183 128 52 67 183 128 52 67 183 128 52 103 236 20 55 240 24 3 118 23 28 184 240 202 208 155 40 163 170 102 16 117 138 122 201 93 78 65 173 239 210 241 127 67 183 128 52 67 183 128 52 67 183 128 52 67 183 128 52 67 183 128 52 67 183 128 52 67 183 128 52 67 183 128 52 67 183 128 52 67 183 128 52 
101 0 243 95 101 0 243 95 101 0 243 95 101 0 243 95 101 0 243 95 101 0 243 95 101 0 243 95 101 0 243 95 101 0 243 95 101 0 243 95 101 0 243 95 101 0 243 95 101 0 243 95 101 0 243 95 138 105 245 251 97 248 114 110 98 43 69 251 102 227 247 220 181 204 159 195 208 68 80 14 238 7 16 35 12 75 190 128 101 0 243 95 101 0 243 95 101 0 243 95 101 0 243 95 101 0 243 95 101 0 243 95 101 0 243 95 101 0 243 95 101 0 243 95 101 0 243 95 
193 147 68 13 193 147 68 13 193 147 68 13 193 147 68 13 193 147 68 13 193 147 68 13 193 147 68 13 193 147 68 13 193 147 68 13 193 147 68 13 193 147 68 13 193 147 68 13 193 147 68 13 193 147 68 13 61 110 125 50 196 245 197 112 109 42 220 5 223 229 34 148 225 197 195 5 230 196 143 227 238 239 153 13 106 61 88 25 193 147 68 13 193 147 68 13 193 147 68 13 193 147 68 13 193 147 68 13 193 147 68 13 193 147 68 13 193 147 68 13 193 147 68 13 193 147 68 13 
87 103 105 200 87 103 105 200 87 103 105 200 87 103 105 200 87 103 105 200 87 103 105 200 87 103 105 200 87 103 105 200 87 103 105 200 87 103 105 200 87 103 105 200 87 103 105 200 98 237 251 196 14 107 116 16 235 104 26 33 166 77 10 111 218 23 65 144 33 224 188 80 91 168 102 0 123 114 116 67 190 245 128 120 76 172 193 18 165 162 239 163 165 162 239 163 87 103 105 200 87 103 105 200 87 103 105 200 87 103 105 200 87 103 105 200 87 103 105 200 87 103 105 200 87 103 105 200 
67 183 128 52 67 183 128 52 67 183 128 52 67 183 128 52 67 183 128 52 67 183 128 52 67 183 128 52 67 183 128 52 67 183 128 52 67 183 128 52 67 183 128 52 67 183 128 52 77 43 104 123 30 127 218 205 146 138 162 28 248 146 161 13 134 214 205 43 153 152 139 136 212 253 66 235 162 200 23 175 214 226 0 142 38 157 139 43 239 220 186 109 239 220 186 109 67 183 128 52 67 183 128 52 67 183 128 52 67 183 128 52 67 183 128 52 67 183 128 52 67 183 128 52 67 183 128 52 
101 0 243 95 101 0 243 95 101 0 243 95 101 0 243 95 101 0 243 95 101 0 243 95 101 0 243 95 101 0 243 95 101 0 243 95 101 0 243 95 101 0 243 95 101 0 243 95 93 213 220 154 220 0 51 244 102 157 2 17 46 125 70 135 138 153 139 201 130 119 131 30 143 133 182 103 235 98 59 1 195 119 172 226 22 100 180 1 117 4 253 109 117 4 253 109 101 0 243 95 101 0 243 95 101 0 243 95 101 0 243 95 101 0 243 95 101 0 243 95 101 0 243 95 101 0 243 95 
193 147 68 13 193 147 68 13 193 147 68 13 193 147 68 13 193 147 68 13 193 147 68 13 193 147 68 13 193 147 68 13 193 147 68 13 193 147 68 13 193 147 68 13 193 147 68 13 178 148 28 233 216 75 46 20 81 32 215 211 54 198 167 170 35 60 147 248 232 135 63 52 178 17 139 72 148 97 225 117 20 252 179 92 197 228 6 196 244 246 90 122 244 246 90 122 193 147 68 13 193 147 68 13 193 147 68 13 193 147 68 13 193 147 68 13 193 147 68 13 193 147 68 13 193 147 68 13 
87 103 105 200 87 103 105 200 87 103 105 200 87 103 105 200 87 103 105 200 87 103 105 200 87 103 105 200 87 103 105 200 87 103 105 200 87 103 105 200 87 103 105 200 87 103 105 200 178 249 194 90 238 79 231 40 227 88 76 134 45 158 138 135 115 91 77 59 61 61 111 113 180 55 57 150 230 232 11 238 104 152 139 240 197 194 90 46 87 103 105 200 87 103 105 200 87 103 105 200 87 103 105 200 87 103 105 200 87 103 105 200 87 103 105 200 87 103 105 200 87 103 105 200 87 103 105 200 
67 183 128 52 67 183 128 52 67 183 128 52 67 183 128 52 67 183 128 52 67 183 128 52 67 183 128 52 67 183 128 52 67 183 128 52 67 183 128 52 67 183 128 52 67 183 128 52 62 208 237 158 181 145 54 202 240 64 214 75 190 41 51 107 170 155 136 123 125 195 221 34 121 218 252 126 128 51 227 58 65 86 49 4 177 10 241 67 67 183 128 52 67 183 128 52 67 183 128 52 67 183 128 52 67 183 128 52 67 183 128 52 67 183 128 52 67 183 128 52 67 183 128 52 67 183 128 52 
101 0 243 95 101 0 243 95 101 0 243 95 101 0 243 95 101 0 243 95 101 0 243 95 101 0 243 95 101 0 243 95 101 0 243 95 101 0 243 95 101 0 243 95 101 0 243 95 147 191 187 239 109 228 104 128 2 76 206 165 218 70 136 171 38 245 36 5 137 141 232 140 50 215 26 40 179 65 6 36 172 143 254 50 157 170 253 12 101 0 243 95 101 0 243 95 101 0 243 95 101 0 243 95 101 0 243 95 101 0 243 95 101 0 243 95 101 0 243 95 101 0 243 95 101 0 243 95 
193 147 68 13 193 147 68 13 193 147 68 13 193 147 68 13 193 147 68 13 193 147 68 13 193 147 68 13 193 147 68 13 193 147 68 13 193 147 68 13 193 147 68 13 193 147 68 13 231 2 51 181 6 190 68 220 43 195 96 11 247 12 189 135 154 101 121 22 108 58 12 168 40 20 130 248 131 26 84 36 158 195 234 119 189 236 231 185 193 147 68 13 193 147 68 13 193 147 68 13 193 147 68 13 193 147 68 13 193 147 68 13 193 147 68 13 193 147 68 13 193 147 68 13 193 147 68 13 
87 103 105 200 87 103 105 200 87 103 105 200 87 103 105 200 87 103 105 200 87 103 105 200 87 103 105 200 87 103 105 200 87 103 105 200 87 103 105 200 87 103 105 200 87 103 105 200 154 107 216 170 229 29 243 167 27 52 206 231 214 246 248 118 199 147 41 22 251 235 151 62 41 92 63 20 113 28 127 9 3 228 123 59 84 227 193 54 65 168 38 192 132 18 106 115 223 10 241 138 18 12 166 214 87 103 105 200 87 103 105 200 87 103 105 200 87 103 105 200 87 103 105 200 87 103 105 200 
67 183 128 52 67 183 128 52 67 183 128 52 67 183 128 52 67 183 128 52 67 183 128 52 67 183 128 52 67 183 128 52 67 183 128 52 67 183 128 52 67 183 128 52 67 183 128 52 1 153 153 188 17 188 140 1 128 114 208 123 140 227 24 102 230 221 222 6 189 41 36 151 13 109 205 158 218 93 27 14 104 44 245 188 253 142 54 164 145 170 125 231 45 230 21 5 218 179 103 248 72 72 13 180 67 183 128 52 67 183 128 52 67 183 128 52 67 183 128 52 67 183 128 52 67 183 128 52 
101 0 243 95 101 0 243 95 101 0 243 95 101 0 243 95 101 0 243 95 101 0 243 95 101 0 243 95 101 0 243 95 101 0 243 95 101 0 243 95 101 0 243 95 101 0 243 95 202 92 219 84 241 148 197 73 201 229 54 240 86 192 102 87 241 153 9 77 132 68 203 25 162 0 13 140 88 20 239 65 216 34 115 98 184 137 195 104 191 76 40 28 203 127 18 210 141 208 187 117 96 155 196 101 101 0 243 95 101 0 243 95 101 0 243 95 101 0 243 95 101 0 243 95 101 0 243 95 
193 147 68 13 193 147 68 13 193 147 68 13 193 147 68 13 193 147 68 13 193 147 68 13 193 147 68 13 193 147 68 13 193 147 68 13 193 147 68 13 193 147 68 13 193 147 68 13 163 163 28 90 89 11 172 168 202 138 160 148 193 4 28 30 245 92 31 250 216 232 181 144 233 49 90 49 216 68 186 253 113 195 50 43 153 120 91 26 51 116 61 172 15 138 50 125 141 199 5 110 218 206 74 143 193 147 68 13 193 147 68 13 193 147 68 13 193 147 68 13 193 147 68 13 193 147 68 13 
87 103 105 200 87 103 105 200 87 103 105 200 87 103 105 200 87 103 105 200 87 103 105 200 87 103 105 200 87 103 105 200 87 103 105 200 87 103 105 200 87 103 105 200 87 103 105 200 29 103 57 118 85 194 160 181 103 250 223 207 21 34 89 148 17 73 111 101 80 160 172 183 90 81 111 151 204 209 136 105 79 250 85 122 208 225 134 172 66 95 148 63 81 239 249 237 226 26 134 98 74 82 208 140 87 103 105 200 87 103 105 200 87 103 105 200 87 103 105 200 87 103 105 200 87 103 105 200 
67 183 128 52 67 183 128 52 67 183 128 52 67 183 128 52 67 183 128 52 67 183 128 52 67 183 128 52 67 183 128 52 67 183 128 52 67 183 128 52 67 183 128 52 67 183 128 52 101 60 123 74 93 16 43 200 223 161 149 190 51 204 190 103 118 206 7 10 111 178 146 206 122 224 78 248 91 28 190 32 13 3 202 79 157 80 232 188 222 129 86 20 247 4 236 181 100 226 10 1 129 59 154 226 67 183 128 52 67 183 128 52 67 183 128 52 67 183 128 52 67 183 128 52 67 183 128 52 
101 0 243 95 101 0 243 95 101 0 243 95 101 0 243 95 101 0 243 95 101 0 243 95 101 0 243 95 101 0 243 95 101 0 243 95 101 0 243 95 101 0 243 95 101 0 243 95 18 43 132 132 196 231 222 109 121 57 73 235 176 113 81 88 189 73 188 69 201 38 135 58 230 53 79 201 215 220 17 34 74 207 165 134 20 135 97 251 230 124 16 71 60 193 228 206 34 69 223 132 202 185 131 65 101 0 243 95 101 0 243 95 101 0 243 95 101 0 243 95 101 0 243 95 101 0 243 95 
193 147 68 13 193 147 68 13 193 147 68 13 193 147 68 13 193 147 68 13 193 147 68 13 193 147 68 13 193 147 68 13 193 147 68 13 193 147 68 13 193 147 68 13 193 147 68 13 67 224 209 0 86 183 100 121 250 50 140 221 141 163 251 144 141 177 23 10 38 6 14 11 133 21 44 106 155 215 189 239 109 56 132 55 13 207 106 170 134 147 139 181 113 93 7 176 73 239 34 19 172 72 43 114 193 147 68 13 193 147 68 13 193 147 68 13 193 147 68 13 193 147 68 13 193 147 68 13 
87 103 105 200 87 103 105 200 87 103 105 200 87 103 105 200 58 160 135 85 180 151 48 246 135 152 19 89 69 87 167 196 196 102 115 138 199 53 137 207 253 55 120 222 168 219 110 126 217 40 132 110 197 122 5 230 130 127 199 171 46 113 76 146 216 2 245 91 125 146 69 142 180 86 25 144 205 61 213 226 153 125 185 25 121 230 231 65 247 170 80 155 5 170 143 209 2 27 3 25 244 90 232 2 34 179 205 233 125 176 192 128 87 103 105 200 87 103 105 200 87 103 105 200 87 103 105 200 
67 183 128 52 67 183 128 52 67 183 128 52 67 183 128 52 49 102 95 67 137 238 40 56 125 83 221 223 165 16 9 242 39 126 155 239 9 230 180 196 221 49 100 207 61 41 62 131 208 218 10 52 97 34 250 120 18 8 192 216 116 37 99 124 43 55 123 182 241 217 160 187 31 222 66 180 74 75 165 190 222 28 25 72 132 162 187 138 35 16 209 234 9 11 251 161 234 205 226 78 175 197 131 105 122 147 9 136 254 102 76 182 67 183 128 52 67 183 128 52 67 183 128 52 67 183 128 52 
101 0 243 95 101 0 243 95 101 0 243 95 101 0 243 95 56 84 148 206 89 185 13 152 191 129 252 248 116 165 59 1 227 81 12 199 48 75 205 230 190 109 191 205 8 187 132 208 252 239 31 134 50 220 156 55 207 68 14 200 126 103 148 35 246 198 220 12 144 202 188 145 26 12 104 252 113 181 84 46 91 87 123 78 228 174 27 50 161 67 10 118 97 177 174 128 87 253 226 86 144 216 106 146 89 75 239 140 42 118 54 100 101 0 243 95 101 0 243 95 101 0 243 95 101 0 243 95 
193 147 68 13 193 147 68 13 193 147 68 13 193 147 68 13 37 168 190 152 99 140 179 193 87 225 101 176 5 65 236 146 141 98 134 217 36 49 175 146 55 34 15 93 151 143 116 240 213 33 241 163 226 43 0 40 102 112 170 126 40 133 151 14 89 220 199 118 146 207 138 152 13 147 5 76 120 8 9 87 247 245 14 34 233 233 81 223 51 57 188 251 159 64 238 251 148 11 1 67 255 51 204 243 5 218 9 244 39 70 48 77 193 147 68 13 193 147 68 13 193 147 68 13 193 147 68 13 
87 103 105 200 87 103 105 200 87 103 105 200 87 103 105 200 238 19 74 114 125 228 82 162 107 217 254 186 137 86 46 138 99 110 210 167 87 103 105 200 149 188 56 213 131 105 25 34 11 116 111 165 43 140 206 159 202 150 93 173 14 26 17 145 12 199 50 254 152 190 19 210 74 210 55 248 72 108 164 9 13 204 192 109 56 45 232 46 110 36 23 232 227 86 147 92 185 99 106 218 123 190 70 187 201 93 241 37 151 75 93 24 87 103 105 200 87 103 105 200 87 103 105 200 87 103 105 200 
67 183 128 52 67 183 128 52 67 183 128 52 67 183 128 52 250 159 88 85 158 249 16 55 153 238 249 230 223 170 239 238 119 10 190 189 67 183 128 52 226 95 212 155 102 225 65 25 218 243 163 208 219 137 11 139 94 1 179 130 200 174 246 85 36 157 73 173 245 138 135 157 32 153 54 181 57 117 92 239 80 22 94 207 209 232 150 25 74 38 178 3 242 184 231 132 96 14 4 45 209 64 53 166 218 38 50 43 224 39 51 3 67 183 128 52 67 183 128 52 67 183 128 52 67 183 128 52 
101 0 243 95 101 0 243 95 101 0 243 95 101 0 243 95 62 10 245 177 8 89 130 144 248 69 217 66 189 207 48 199 57 72 238 178 101 0 243 95 117 249 180 110 145 0 204 234 130 230 143 217 32 194 85 189 179 83 72 132 28 196 90 240 154 10 235 39 61 101 37 239 122 242 142 228 142 165 189 58 219 3 65 71 123 190 181 86 242 74 109 133 171 200 154 35 105 42 164 113 221 117 240 102 61 72 190 176 223 138 223 66 101 0 243 95 101 0 243 95 101 0 243 95 101 0 243 95 
193 147 68 13 193 147 68 13 193 147 68 13 193 147 68 13 74 94 36 114 64 191 239 89 28 58 217 153 135 32 210 89 101 65 183 178 193 147 68 13 122 200 174 43 217 132 61 157 37 101 181 189 83 64 136 40 97 204 83 162 28 46 30 199 164 194 182 74 73 58 113 251 163 34 104 218 62 218 193 250 121 198 191 134 109 209 181 166 207 108 61 11 205 240 136 10 33 139 176 95 66 74 55 39 94 28 85 221 195 3 179 129 193 147 68 13 193 147 68 13 193 147 68 13 193 147 68 13 
87 103 105 200 87 103 105 200 87 103 105 200 87 103 105 200 88 104 121 161 117 254 244 134 197 108 145 122 255 129 214 245 60 205 173 192 28 211 30 123 215 155 246 209 243 164 101 235 2 100 104 127 88 250 170 91 65 188 190 203 179 95 109 12 120 15 150 223 129 66 136 253 24 8 161 176 233 201 208 235 11 219 249 173 137 177 90 224 79 59 88 53 113 164 78 8 152 89 55 134 153 45 240 78 97 215 117 119 117 87 229 233 87 103 105 200 87 103 105 200 87 103 105 200 87 103 105 200 
67 183 128 52 67 183 128 52 67 183 128 52 67 183 128 52 162 48 57 216 43 147 37 62 96 4 221 106 176 16 143 96 254 201 69 100 197 64 196 94 26 180 232 234 245 88 117 91 184 11 195 54 27 111 168 218 147 146 102 254 132 12 164 248 134 167 75 0 128 103 223 130 255 23 119 60 26 24 175 35 165 25 190 230 6 191 163 184 46 78 39 17 10 20 36 166 2 109 164 130 41 80 36 252 73 239 162 253 246 114 193 192 67 183 128 52 67 183 128 52 67 183 128 52 67 183 128 52 
101 0 243 95 101 0 243 95 101 0 243 95 101 0 243 95 95 153 20 53 64 255 220 27 56 77 202 88 149 149 7 122 154 56 230 231 178 68 58 173 23 150 251 216 166 44 79 252 107 50 176 121 99 155 64 17 230 152 74 136 32 26 72 53 169 106 150 212 3 208 142 96 133 187 105 191 74 41 226 253 28 93 44 236 182 133 145 80 147 179 36 110 135 26 116 226 115 168 71 210 255 216 44 148 143 190 34 190 132 233 62 141 101 0 243 95 101 0 243 95 101 0 243 95 101 0 243 95 
193 147 68 13 193 147 68 13 193 147 68 13 193 147 68 13 59 246 16 90 113 126 187 242 52 40 210 243 249 254 72 60 162 44 67 32 207 245 154 37 49 14 190 107 61 46 54 192 235 110 55 248 210 124 250 45 79 56 101 98 109 122 24 164 156 26 231 51 149 132 205 29 248 7 6 11 149 107 208 168 76 191 5 107 235 66 35 77 189 70 201 32 91 176 218 227 158 247 253 48 70 198 92 142 225 89 209 187 49 220 89 175 193 147 68 13 193 147 68 13 193 147 68 13 193 147 68 13 
87 103 105 200 87 103 105 200 87 103 105 200 87 103 105 200 42 205 187 80 226 165 212 242 197 55 17 117 153 126 160 234 77 18 230 213 23 124 193 73 226 144 59 129 252 114 135 128 182 79 54 39 182 12 247 225 220 79 248 149 71 116 193 101 183 210 242 112 251 59 120 170 20 166 194 215 69 110 40 138 124 179 89 36 114 205 9 213 215 216 69 255 98 2 113 185 198 183 113 74 230 188 59 17 46 164 23 175 42 32 71 147 87 103 105 200 87 103 105 200 87 103 105 200 87 103 105 200 
67 183 128 52 67 183 128 52 67 183 128 52 67 183 128 52 34 43 236 234 128 143 39 85 85 40 103 96 0 92 34 147 107 74 213 163 62 186 14 76 116 153 47 163 204 60 239 156 35 246 31 14 65 133 136 83 192 171 214 47 255 17 67 14 159 103 112 0 134 232 211 209 13 136 41 199 157 121 129 39 136 59 244 80 224 122 71 80 217 6 109 67 22 26 93 3 50 85 107 110 104 12 154 246 25 170 139 139 22 182 117 229 67 183 128 52 67 183 128 52 67 183 128 52 67 183 128 52 
101 0 243 95 101 0 243 95 101 0 243 95 101 0 243 95 63 59 246 61 52 166 217 102 67 10 43 115 12 149 254 28 77 193 142 28 244 169 199 244 216 127 88 47 180 202 115 145 87 27 85 91 18 155 186 41 212 248 172 15 180 154 17 167 220 233 19 164 72 139 53 96 7 72 103 150 78 68 85 202 66 244 77 100 97 140 50 244 243 251 8 88 87 21 188 70 66 52 76 206 207 191 211 89 115 224 165 149 89 192 68 123 101 0 243 95 101 0 243 95 101 0 243 95 101 0 243 95 
193 147 68 13 193 147 68 13 193 147 68 13 193 147 68 13 184 175 95 162 224 72 99 221 240 94 28 25 204 95 53 128 8 242 225 91 130 119 2 124 85 9 180 252 84 252 44 113 234 167 136 161 119 15 9 1 41 118 225 130 252 224 190 157 81 204 70 143 32 0 212 107 174 207 249 88 222 162 178 64 16 178 166 76 210 248 203 87 166 111 47 25 78 248 169 11 51 121 84 151 118 29 17 90 82 11 250 96 116 247 107 106 193 147 68 13 193 147 68 13 193 147 68 13 193 147 68 13 
87 103 105 200 87 103 105 200 244 180 135 56 119 38 76 84 15 200 135 47 88 52 169 30 83 95 147 58 225 192 152 219 166 81 3 213 93 242 246 131 3 23 247 44 145 242 136 245 42 254 217 115 13 247 204 158 243 107 70 125 101 98 6 208 198 150 222 166 149 23 193 99 76 48 140 57 193 249 195 80 117 81 94 196 133 7 97 144 105 235 241 34 47 224 157 71 31 186 199 101 129 107 2 187 222 126 90 135 29 72 171 190 87 103 105 200 87 103 105 200 87 103 105 200 87 103 105 200 
67 183 128 52 67 183 128 52 197 183 27 9 182 63 206 163 12 217 89 127 221 8 254 136 225 254 34 214 216 99 36 219 203 196 106 162 176 186 156 193 223 170 47 69 30 123 6 31 125 140 59 207 139 83 227 149 98 143 138 250 162 249 86 254 255 203 59 251 56 114 117 102 235 12 187 69 8 221 29 68 213 102 200 176 211 128 187 50 27 105 57 241 191 133 185 72 104 226 32 79 96 167 210 52 254 233 118 95 87 195 102 216 67 183 128 52 67 183 128 52 67 183 128 52 67 183 128 52 
101 0 243 95 101 0 243 95 137 246 219 101 228 156 61 3 209 251 185 188 203 242 156 119 228 81 69 94 179 200 7 185 195 232 187 252 116 54 63 219 196 129 133 76 189 188 205 219 118 47 204 159 166 107 10 55 6 41 18 190 176 115 226 174 51 62 81 200 84 80 153 65 159 65 99 6 93 237 132 129 168 55 116 243 70 200 224 213 48 228 19 122 210 139 163 185 125 240 234 216 202 224 157 253 238 97 196 243 235 183 211 245 101 0 243 95 101 0 243 95 101 0 243 95 101 0 243 95 
193 147 68 13 193 147 68 13 34 98 120 221 231 155 95 241 66 57 240 134 110 170 22 106 115 131 6 247 1 76 155 46 43 41 52 165 125 47 221 153 166 26 98 94 44 190 177 72 86 200 245 192 56 84 255 57 97 64 73 54 95 181 225 164 49 235 64 149 116 70 125 60 223 150 70 47 81 120 51 243 249 74 97 161 132 25 0 210 191 16 231 196 226 224 193 166 48 102 118 72 131 52 123 151 247 184 245 75 48 15 237 123 193 147 68 13 193 147 68 13 193 147 68 13 193 147 68 13 
87 103 105 200 87 103 105 200 30 162 79 156 64 162 140 111 55 71 152 129 143 210 176 2 180 100 238 239 145 117 66 126 132 98 164 90 243 117 218 99 163 44 237 147 124 33 144 69 32 186 11 215 222 229 91 43 37 82 224 245 101 4 5 128 171 109 233 108 152 12 47 173 242 157 18 177 235 250 193 124 234 53 111 65 215 54 185 243 21 138 97 28 129 180 63 14 73 30 230 225 66 74 24 189 237 251 10 176 98 56 36 150 87 103 105 200 87 103 105 200 87 103 105 200 87 103 105 200 
67 183 128 52 67 183 128 52 216 236 205 153 91 149 166 185 168 20 92 202 115 65 155 160 127 191 226 61 82 11 31 54 118 201 120 138 11 135 229 248 55 227 179 79 39 82 124 116 104 125 183 102 214 68 76 112 32 131 130 231 181 155 255 199 222 30 56 225 135 65 59 157 238 127 15 236 151 144 177 147 150 92 145 83 73 43 164 177 203 41 71 113 239 200 190 160 171 0 219 156 242 47 125 120 252 175 124 76 5 74 141 98 67 183 128 52 67 183 128 52 67 183 128 52 67 183 128 52 
101 0 243 95 101 0 243 95 27 145 79 221 10 209 112 86 144 192 57 172 85 91 7 16 18 77 160 148 50 157 129 43 9 255 187 240 154 65 117 50 121 104 173 72 222 74 224 157 127 58 16 253 49 114 83 126 238 205 8 14 37 255 93 215 161 135 190 115 52 244 253 138 18 22 221 108 44 16 115 221 128 253 68 83 33 16 205 239 96 244 7 198 78 100 173 64 116 26 59 51 105 214 214 193 119 36 94 157 250 130 52 84 101 0 243 95 101 0 243 95 101 0 243 95 101 0 243 95 
193 147 68 13 193 147 68 13 202 14 11 23 107 122 106 98 94 5 17 20 221 27 218 133 113 2 252 188 240 15 136 225 205 20 63 226 213 101 255 201 35 129 211 141 245 60 75 223 113 126 106 125 67 33 175 92 131 166 104 106 41 246 219 223 245 239 234 235 50 220 37 143 13 1 133 127 33 138 16 198 87 73 30 243 79 153 99 221 98 27 117 156 61 114 71 136 107 26 250 139 29 194 185 146 199 36 231 0 53 150 14 42 193 147 68 13 193 147 68 13 193 147 68 13 193 147 68 13 
87 103 105 200 87 103 105 200 98 50 126 99 30 99 117 118 225 59 81 102 57 127 8 247 46 224 213 218 163 175 101 106 169 79 122 233 194 128 166 185 147 3 132 2 65 26 243 158 52 34 164 51 114 51 128 185 231 101 205 68 174 242 162 233 197 181 101 223 52 155 108 21 255 198 243 249 112 75 52 19 188 189 238 35 156 63 47 192 231 57 48 13 153 68 255 244 177 247 57 12 213 229 26 189 129 4 79 37 255 12 186 186 87 103 105 200 87 103 105 200 87 103 105 200 87 103 105 200 
67 183 128 52 67 183 128 52 213 235 233 131 195 54 106 110 37 125 28 4 170 40 234 224 13 44 177 34 93 197 205 71 81 240 39 125 174 220 92 168 80 101 92 37 27 207 4 197 126 43 123 137 159 192 46 192 9 253 250 36 114 76 199 19 13 113 178 245 84 251 239 25 41 236 2 54 167 69 80 39 13 180 63 91 92 218 204 11 100 254 189 114 78 125 161 150 122 87 136 138 50 20 88 166 167 74 186 136 254 21 159 52 67 183 128 52 67 183 128 52 67 183 128 52 67 183 128 52 
101 0 243 95 101 0 243 95 143 254 114 241 18 115 77 146 111 168 116 0 188 173 92 154 228 4 160 90 83 109 131 98 49 26 135 251 79 124 97 178 139 191 113 216 210 177 67 97 0 250 104 27 127 37 243 161 254 224 35 100 236 48 61 3 176 231 23 173 51 130 37 15 63 209 232 150 92 80 213 155 112 165 208 217 58 95 123 123 45 157 131 85 173 250 182 168 150 4 151 135 167 140 191 203 161 66 232 131 58 208 156 164 101 0 243 95 101 0 243 95 101 0 243 95 101 0 243 95 
193 147 68 13 193 147 68 13 200 204 163 74 195 31 207 7 61 249 140 155 201 33 136 134 35 134 120 239 94 231 201 176 107 131 236 236 48 195 37 41 241 144 238 12 50 202 130 137 0 254 80 200 243 253 223 86 123 110 50 251 108 162 167 92 249 194 147 218 206 105 138 145 212 164 224 129 184 63 22 195 141 34 52 237 105 114 173 33 169 52 110 32 121 247 186 117 44 164 21 86 151 188 115 224 190 44 234 119 197 10 31 20 193 147 68 13 193 147 68 13 193 147 68 13 193 147 68 13 
87 103 105 200 87 103 105 200 62 46 197 170 129 63 21 152 41 33 146 95 94 100 98 118 155 62 200 3 8 161 73 139 57 29 190 68 182 37 101 81 33 71 209 130 214 81 87 177 211 245 12 24 206 120 200 23 145 186 176 158 241 214 142 203 212 163 3 129 94 88 90 236 188 225 173 176 42 220 238 181 75 187 161 23 123 134 181 218 192 129 177 238 189 233 104 158 190 1 95 71 160 234 176 218 250 43 45 248 22 211 48 51 87 103 105 200 87 103 105 200 87 103 105 200 87 103 105 200 
67 183 128 52 67 183 128 52 134 136 119 94 199 251 78 154 142 161 197 39 107 54 75 177 169 175 222 71 113 211 235 109 14 99 38 8 108 251 56 215 177 195 106 59 66 54 97 30 95 245 18 209 78 200 122 168 117 158 93 165 107 232 176 220 15 177 201 6 212 160 120 227 1 227 204 153 66 53 134 223 5 206 157 114 193 235 251 18 206 68 43 36 20 166 174 123 133 226 230 47 113 239 33 78 135 136 158 89 169 142 165 194 67 183 128 52 67 183 128 52 67 183 128 52 67 183 128 52 
101 0 243 95 101 0 243 95 6 28 36 222 60 139 5 152 114 147 76 1 155 195 245 59 216 160 150 212 210 27 174 67 210 112 135 162 40 131 95 183 222 238 250 130 230 73 191 66 142 161 97 89 104 111 66 2 84 245 18 241 199 190 36 118 226 207 250 68 194 87 41 186 39 93 19 252 28 89 185 188 39 240 199 26 214 238 117 140 47 178 118 182 136 28 40 185 66 85 116 51 101 136 238 19 231 101 137 52 232 17 134 242 101 0 243 95 101 0 243 95 101 0 243 95 101 0 243 95 
193 147 68 13 193 147 68 13 67 33 1 230 178 95 75 166 55 60 7 237 101 62 97 87 224 143 1 168 134 201 74 68 83 44 188 197 113 66 154 91 196 128 144 242 245 57 248 125 239 215 71 76 227 132 126 224 125 83 100 137 164 236 239 197 231 245 237 169 61 50 96 162 224 214 219 174 242 101 74 138 137 110 31 97 178 175 78 153 26 208 30 225 173 190 166 205 231 18 202 255 61 40 128 197 9 159 172 244 122 47 216 84 193 147 68 13 193 147 68 13 193 147 68 13 193 147 68 13 
87 103 105 200 87 103 105 200 68 243 220 177 56 157 20 80 228 220 45 137 161 124 164 207 128 155 32 9 213 183 182 55 31 180 143 234 195 11 101 241 114 191 149 16 155 255 119 36 130 17 241 86 15 217 92 132 80 1 24 245 116 208 172 187 15 57 221 168 117 70 81 194 18 156 84 23 151 201 114 105 48 155 214 56 58 51 55 37 30 101 203 5 98 49 118 41 179 236 206 127 30 201 29 218 221 145 99 78 193 48 38 13 236 186 139 151 137 56 215 2 87 103 105 200 154 162 209 193 
67 183 128 52 67 183 128 52 68 240 109 44 8 50 76 199 118 129 202 158 49 210 31 12 9 51 151 78 134 169 2 187 212 72 211 44 72 227 4 28 82 94 10 197 243 167 217 171 21 61 34 216 113 245 35 168 95 67 213 170 166 80 254 49 240 86 23 151 4 208 33 209 81 49 83 170 152 28 94 211 74 149 245 114 149 148 193 90 187 137 104 161 191 2 36 27 97 63 73 114 103 109 175 23 35 10 207 187 161 201 171 134 3 220 17 230 24 202 228 43 67 183 128 52 232 1 51 185 
101 0 243 95 101 0 243 95 113 87 23 52 34 187 131 78 91 198 13 17 125 95 244 16 101 73 198 209 101 211 56 76 43 184 123 35 74 47 19 127 253 72 99 157 46 139 179 60 90 179 43 77 247 69 153 55 103 8 231 185 111 127 252 24 104 248 110 202 161 108 233 44 66 48 30 95 20 28 218 33 78 247 202 168 3 30 19 199 129 47 181 89 69 49 159 135 137 223 74 167 144 228 252 229 45 237 237 237 175 177 140 217 219 201 204 219 171 209 39 8 101 0 243 95 10 18 64 3 
193 147 68 13 193 147 68 13 88 27 0 33 157 50 225 249 117 233 251 61 29 226 59 23 17 82 50 191 228 38 246 31 71 31 115 238 43 123 59 242 111 25 108 171 197 54 126 17 135 188 101 192 81 144 115 91 205 190 115 32 166 59 27 222 147 106 13 243 87 97 209 5 189 57 173 98 207 21 229 224 251 33 94 136 11 102 214 75 198 174 192 22 238 130 60 169 2 10 116 90 14 134 16 61 113 133 194 158 169 56 207 100 14 195 190 144 154 245 181 68 193 147 68 13 199 227 43 180 
87 103 105 200 87 103 105 200 204 34 177 30 13 72 176 105 93 247 250 243 102 38 21 75 205 13 183 47 219 140 36 193 159 123 193 164 52 208 157 104 91 146 146 117 179 222 142 251 0 48 174 68 179 118 25 216 34 76 46 133 203 247 226 35 75 41 134 39 50 123 236 124 1 237 174 110 27 12 20 33 27 150 139 34 33 174 61 77 240 68 162 56 70 195 216 211 163 81 89 209 115 249 31 86 126 195 120 176 19 185 197 103 248 68 61 213 114 11 77 112 87 103 105 200 154 162 209 193 
67 183 128 52 67 183 128 52 205 125 135 181 74 207 211 20 132 228 210 71 42 238 15 144 171 169 81 1 124 184 247 60 144 67 222 101 93 238 33 121 55 205 202 29 94 88 106 161 7 95 182 177 245 235 215 36 248 53 174 248 84 247 116 233 138 122 1 40 242 173 93 163 223 18 100 154 206 16 13 81 134 230 215 255 205 156 156 94 12 22 107 39 56 80 197 241 16 78 142 227 50 234 189 61 142 104 123 79 72 16 177 31 151 174 22 2 248 216 65 27 67 183 128 52 232 1 51 185 
101 0 243 95 101 0 243 95 187 42 203 119 115 103 40 131 244 91 115 78 11 17 182 23 123 13 166 168 181 0 236 77 97 68 163 27 86 137 117 175 132 170 188 96 215 91 114 105 10 74 184 18 95 61 255 82 117 54 234 227 195 16 126 211 186 64 188 156 175 216 125 8 253 193 245 66 46 102 173 171 7 11 162 24 125 182 54 240 136 21 123 225 221 20 0 78 37 136 220 32 48 202 145 15 200 201 186 7 215 73 170 127 192 29 34 219 208 48 38 50 101 0 243 95 10 18 64 3 
193 147 68 13 193 147 68 13 56 159 29 94 83 53 248 178 242 26 40 139 209 100 191 85 196 228 193 116 224 207 139 180 142 139 246 233 203 24 165 219 200 166 242 55 43 164 12 146 51 34 249 197 87 195 109 225 250 34 163 160 209 244 220 89 11 133 236 68 173 69 191 162 134 238 57 199 50 3 170 75 156 193 86 123 181 49 136 62 206 181 96 171 27 127 231 149 93 208 242 29 84 119 21 87 237 5 70 127 52 138 42 152 200 52 68 215 186 51 252 98 193 147 68 13 199 227 43 180 
87 103 105 200 87 103 105 200 87 103 105 200 87 103 105 200 87 103 105 200 87 103 105 200 87 103 105 200 87 103 105 200 47 128 181 229 87 104 221 120 153 183 94 189 62 126 120 98 236 170 214 191 29 143 32 19 199 206 118 80 193 148 151 116 52 227 168 107 100 240 72 151 87 103 105 200 87 103 105 200 87 103 105 200 87 103 105 200 87 103 105 200 87 103 105 200 93 148 129 131 121 192 251 99 124 27 222 43 124 240 230 236 11 17 29 245 65 37 26 204 87 103 105 200 154 162 209 193 
67 183 128 52 67 183 128 52 67 183 128 52 67 183 128 52 67 183 128 52 67 183 128 52 67 183 128 52 67 183 128 52 157 85 125 46 223 252 213 155 68 159 108 174 216 186 23 14 182 24 211 155 104 39 122 220 214 132 189 6 17 251 38 173 175 33 173 35 5 167 150 112 67 183 128 52 67 183 128 52 67 183 128 52 67 183 128 52 67 183 128 52 67 183 128 52 220 190 8 127 25 52 7 20 250 238 90 67 85 205 6 194 116 34 75 75 212 221 101 24 67 183 128 52 232 1 51 185 
101 0 243 95 101 0 243 95 101 0 243 95 101 0 243 95 101 0 243 95 101 0 243 95 101 0 243 95 101 0 243 95 90 243 149 138 18 196 156 227 153 136 1 143 172 80 65 135 66 231 117 2 208 15 81 251 183 176 124 180 35 208 203 194 6 4 146 213 116 0 182 251 101 0 243 95 101 0 243 95 101 0 243 95 101 0 243 95 101 0 243 95 101 0 243 95 211 58 37 119 100 244 216 137 6 99 64 178 222 254 226 96 17 156 67 89 46 162 114 173 101 0 243 95 10 18 64 3 
193 147 68 13 193 147 68 13 193 147 68 13 193 147 68 13 193 147 68 13 193 147 68 13 193 147 68 13 193 147 68 13 140 102 79 142 255 227 202 153 43 26 65 188 203 247 83 244 71 114 130 126 229 151 127 108 9 184 197 105 237 96 250 235 101 171 71 70 71 41 113 140 193 147 68 13 193 147 68 13 193 147 68 13 193 147 68 13 193 147 68 13 193 147 68 13 127 161 95 108 203 33 29 77 238 193 131 48 147 240 80 78 21 21 33 30 206 2 12 39 193 147 68 13 199 227 43 180 
87 103 105 200 87 103 105 200 87 103 105 200 87 103 105 200 87 103 105 200 87 103 105 200 87 103 105 200 87 103 105 200 108 153 109 130 213 157 9 100 27 103 147 130 66 149 122 101 137 90 236 187 255 172 11 156 200 83 213 243 78 179 63 115 47 41 19 137 58 251 144 249 87 103 105 200 87 103 105 200 87 103 105 200 87 103 105 200 87 103 105 200 87 103 105 200 91 25 79 74 146 80 208 35 102 146 58 20 21 29 130 29 60 65 106 177 56 71 197 85 246 120 225 62 137 92 88 137 
67 183 128 52 67 183 128 52 67 183 128 52 67 183 128 52 67 183 128 52 67 183 128 52 67 183 128 52 67 183 128 52 113 116 165 73 185 21 234 127 185 72 18 133 6 69 226 13 238 225 11 208 40 77 171 0 0 49 57 166 52 19 72 152 22 143 32 238 16 90 5 27 67 183 128 52 67 183 128 52 67 183 128 52 67 183 128 52 67 183 128 52 67 183 128 52 37 3 125 131 15 79 51 57 63 158 196 253 146 214 183 192 248 146 115 217 213 61 143 203 115 13 155 6 162 176 192 56 
101 0 243 95 101 0 243 95 101 0 243 95 101 0 243 95 101 0 243 95 101 0 243 95 101 0 243 95 101 0 243 95 194 43 66 245 22 214 21 91 114 226 63 104 218 239 76 118 78 98 37 204 89 71 13 119 7 67 150 164 215 142 3 187 64 53 61 38 140 155 252 149 101 0 243 95 101 0 243 95 101 0 243 95 101 0 243 95 101 0 243 95 101 0 243 95 181 47 8 73 190 120 123 14 199 196 179 77 111 143 30 132 147 128 175 3 0 202 65 225 135 52 76 74 185 12 102 47 
193 147 68 13 193 147 68 13 193 147 68 13 193 147 68 13 193 147 68 13 193 147 68 13 193 147 68 13 193 147 68 13 251 159 211 147 178 170 56 205 61 95 22 231 212 89 218 205 9 173 114 45 13 68 252 240 29 155 14 200 183 231 165 121 163 87 156 84 239 90 12 54 193 147 68 13 193 147 68 13 193 147 68 13 193 147 68 13 193 147 68 13 193 147 68 13 158 247 213 82 245 126 14 31 155 6 113 127 187 112 21 31 133 85 116 241 40 150 130 134 185 50 158 175 202 129 229 250 
87 103 105 200 87 103 105 200 87 103 105 200 87 103 105 200 87 103 105 200 87 103 105 200 87 103 105 200 87 103 105 200 197 59 238 14 25 128 160 128 173 112 197 86 19 183 79 153 207 253 71 120 200 172 4 122 55 98 167 73 136 26 101 241 178 4 154 64 127 25 126 29 247 141 225 178 126 141 116 180 87 103 105 200 87 103 105 200 87 103 105 200 87 103 105 200 87 103 105 200 87 103 105 200 87 103 105 200 87 103 105 200 87 103 105 200 87 103 105 200 87 103 105 200 87 103 105 200 
67 183 128 52 67 183 128 52 67 183 128 52 67 183 128 52 67 183 128 52 67 183 128 52 67 183 128 52 67 183 128 52 98 53 228 189 198 166 216 33 225 118 214 207 72 41 8 105 232 243 210 140 239 128 215 194 179 221 74 205 94 103 142 73 203 206 231 128 150 147 72 53 21 97 42 241 141 38 58 25 67 183 128 52 67 183 128 52 67 183 128 52 67 183 128 52 67 183 128 52 67 183 128 52 67 183 128 52 67 183 128 52 67 183 128 52 67 183 128 52 67 183 128 52 67 183 128 52 
101 0 243 95 101 0 243 95 101 0 243 95 101 0 243 95 101 0 243 95 101 0 243 95 101 0 243 95 101 0 243 95 189 142 60 74 11 93 24 124 154 219 170 44 183 116 143 49 91 104 133 2 31 188 109 59 117 237 182 98 133 243 31 58 87 74 138 255 174 240 233 78 53 98 231 240 200 33 53 108 101 0 243 95 101 0 243 95 101 0 243 95 101 0 243 95 101 0 243 95 101 0 243 95 101 0 243 95 101 0 243 95 101 0 243 95 101 0 243 95 101 0 243 95 101 0 243 95 
193 147 68 13 193 147 68 13 193 147 68 13 193 147 68 13 193 147 68 13 193 147 68 13 193 147 68 13 193 147 68 13 27 255 108 80 119 225 138 54 127 22 70 237 25 226 53 250 224 157 96 68 39 18 116 188 14 62 239 73 58 8 122 25 40 125 50 189 245 255 74 9 185 244 251 151 164 252 209 196 193 147 68 13 193 147 68 13 193 147 68 13 193 147 68 13 193 147 68 13 193 147 68 13 193 147 68 13 193 147 68 13 193 147 68 13 193 147 68 13 193 147 68 13 193 147 68 13 
87 103 105 200 87 103 105 200 87 103 105 200 87 103 105 200 87 103 105 200 87 103 105 200 87 103 105 200 87 103 105 200 228 90 63 213 26 222 85 218 213 180 23 124 17 226 113 253 112 123 219 206 206 216 211 63 110 51 32 167 32 13 196 47 66 7 122 142 195 34 193 122 165 26 245 239 165 33 251 10 87 103 105 200 87 103 105 200 87 103 105 200 87 103 105 200 87 103 105 200 87 103 105 200 87 103 105 200 87 103 105 200 87 103 105 200 87 103 105 200 87 103 105 200 87 103 105 200 
67 183 128 52 67 183 128 52 67 183 128 52 67 183 128 52 67 183 128 52 67 183 128 52 67 183 128 52 67 183 128 52 235 52 125 146 32 77 236 89 127 217 168 70 235 77 228 110 153 151 175 98 93 3 124 124 178 222 123 19 78 217 47 173 181 190 1 194 40 21 204 211 110 150 14 81 178 36 136 55 67 183 128 52 67 183 128 52 67 183 128 52 67 183 128 52 67 183 128 52 67 183 128 52 67 183 128 52 67 183 128 52 67 183 128 52 67 183 128 52 67 183 128 52 67 183 128 52 
101 0 243 95 101 0 243 95 101 0 243 95 101 0 243 95 101 0 243 95 101 0 243 95 101 0 243 95 101 0 243 95 171 210 5 129 85 218 97 38 145 240 201 132 171 225 71 93 219 38 8 249 205 142 196 190 13 18 51 245 108 99 103 79 54 170 45 181 14 104 179 69 147 108 145 181 223 217 91 44 101 0 243 95 101 0 243 95 101 0 243 95 101 0 243 95 101 0 243 95 101 0 243 95 101 0 243 95 101 0 243 95 101 0 243 95 101 0 243 95 101 0 243 95 101 0 243 95 
193 147 68 13 193 147 68 13 193 147 68 13 193 147 68 13 193 147 68 13 193 147 68 13 193 147 68 13 193 147 68 13 37 138 149 35 92 11 109 143 44 149 222 16 149 135 159 206 190 232 134 115 237 77 61 142 27 7 30 36 196 32 27 179 190 38 128 67 102 155 125 105 183 173 27 119 183 108 139 4 193 147 68 13 193 147 68 13 193 147 68 13 193 147 68 13 193 147 68 13 193 147 68 13 193 147 68 13 193 147 68 13 193 147 68 13 193 147 68 13 193 147 68 13 193 147 68 13 
87 103 105 200 87 103 105 200 87 103 105 200 87 103 105 200 87 103 105 200 87 103 105 200 18 251 146 26 190 130 101 32 117 45 28 35 229 165 10 86 136 235 109 137 232 89 117 28 165 193 131 74 41 44 18 126 235 164 85 144 206 113 183 15 64 15 122 230 190 252 29 224 3 19 145 199 104 238 216 20 74 214 28 1 15 231 55 219 87 103 105 200 87 103 105 200 87 103 105 200 87 103 105 200 87 103 105 200 87 103 105 200 87 103 105 200 87 103 105 200 87 103 105 200 87 103 105 200 
67 183 128 52 67 183 128 52 67 183 128 52 67 183 128 52 67 183 128 52 67 183 128 52 249 22 231 3 142 119 145 130 144 8 223 149 250 198 249 242 2 158 219 207 208 79 167 96 83 177 216 252 250 93 226 254 214 219 227 83 140 199 202 6 255 153 157 41 204 29 221 102 250 126 208 81 60 80 104 128 215 239 225 99 166 68 147 222 67 183 128 52 67 183 128 52 67 183 128 52 67 183 128 52 67 183 128 52 67 183 128 52 67 183 128 52 67 183 128 52 67 183 128 52 67 183 128 52 
101 0 243 95 101 0 243 95 101 0 243 95 101 0 243 95 101 0 243 95 101 0 243 95 29 53 80 130 101 47 20 241 22 121 169 179 219 34 95 162 68 186 252 194 184 113 240 228 105 11 44 24 135 24 89 6 125 155 132 92 164 13 42 199 209 219 128 207 169 128 145 246 13 109 35 187 166 150 84 122 252 207 72 93 202 79 199 146 101 0 243 95 101 0 243 95 101 0 243 95 101 0 243 95 101 0 243 95 101 0 243 95 101 0 243 95 101 0 243 95 101 0 243 95 101 0 243 95 
193 147 68 13 193 147 68 13 193 147 68 13 193 147 68 13 193 147 68 13 193 147 68 13 229 167 25 152 11 17 60 105 14 148 52 95 27 252 0 111 228 246 217 6 15 205 222 31 5 200 0 87 31 234 107 170 84 143 206 230 113 185 247 55 152 186 122 158 248 62 30 102 144 212 92 97 77 223 74 248 37 245 181 48 13 224 225 89 193 147 68 13 193 147 68 13 193 147 68 13 193 147 68 13 193 147 68 13 193 147 68 13 193 147 68 13 193 147 68 13 193 147 68 13 193 147 68 13 
87 103 105 200 87 103 105 200 87 103 105 200 87 103 105 200 87 103 105 200 87 103 105 200 136 130 94 54 133 34 197 221 31 70 45 15 125 199 134 39 130 48 144 221 241 218 154 148 62 146 116 229 140 171 152 223 253 183 242 85 211 115 17 149 6 31 105 242 99 77 21 251 237 45 248 49 175 36 97 108 6 155 236 224 223 137 118 124 87 103 105 200 87 103 105 200 87 103 105 200 87 103 105 200 87 103 105 200 87 103 105 200 87 103 105 200 87 103 105 200 87 103 105 200 87 103 105 200 
67 183 128 52 67 183 128 52 67 183 128 52 67 183 128 52 67 183 128 52 67 183 128 52 187 147 84 202 158 133 61 30 142 209 227 114 152 165 250 178 206 124 190 139 138 94 28 122 188 205 153 200 181 30 100 82 74 46 158 67 159 230 39 77 111 97 126 3 49 122 130 11 140 215 61 158 158 53 157 103 212 147 155 126 206 212 23 254 67 183 128 52 67 183 128 52 67 183 128 52 67 183 128 52 67 183 128 52 67 183 128 52 67 183 128 52 67 183 128 52 67 183 128 52 67 183 128 52 
101 0 243 95 101 0 243 95 101 0 243 95 101 0 243 95 101 0 243 95 101 0 243 95 229 1 20 159 246 113 195 168 139 243 81 15 65 244 61 82 205 136 64 136 236 22 43 251 171 112 20 5 236 229 94 189 188 83 113 251 253 123 106 32 5 22 214 4 168 60 136 234 214 75 224 212 197 0 229 33 218 143 67 19 191 227 95 52 101 0 243 95 101 0 243 95 101 0 243 95 101 0 243 95 101 0 243 95 101 0 243 95 101 0 243 95 101 0 243 95 101 0 243 95 101 0 243 95 
193 147 68 13 193 147 68 13 193 147 68 13 193 147 68 13 193 147 68 13 193 147 68 13 192 99 167 221 116 168 180 98 232 10 36 145 168 18 29 217 156 104 107 222 187 159 154 115 197 170 47 228 199 252 162 186 4 149 179 180 4 165 118 104 131 32 240 47 51 70 185 94 231 207 75 246 52 159 132 73 38 217 170 229 129 81 112 157 193 147 68 13 193 147 68 13 193 147 68 13 193 147 68 13 193 147 68 13 193 147 68 13 193 147 68 13 193 147 68 13 193 147 68 13 193 147 68 13 
87 103 105 200 87 103 105 200 87 103 105 200 87 103 105 200 73 103 93 60 87 103 105 200 51 52 222 125 228 195 246 11 211 123 254 192 184 133 56 32 21 197 125 29 2 201 220 129 173 54 228 36 106 14 237 176 73 14 57 51 229 169 250 177 169 23 198 47 178 212 27 221 157 255 83 133 215 135 198 226 88 23 116 233 243 3 253 220 22 109 4 229 192 177 159 127 230 106 165 141 160 61 152 54 87 103 105 200 87 103 105 200 87 103 105 200 87 103 105 200 87 103 105 200 87 103 105 200 
67 183 128 52 67 183 128 52 67 183 128 52 67 183 128 52 228 164 20 18 67 183 128 52 48 191 247 86 171 191 196 103 178 39 33 221 184 177 163 49 184 61 26 10 234 17 75 80 124 34 78 135 36 176 79 11 120 183 122 79 191 245 198 67 202 179 102 88 203 201 236 250 213 244 213 174 230 118 167 169 88 161 95 157 42 220 211 220 229 61 195 238 180 70 72 253 239 162 7 218 171 100 147 230 67 183 128 52 67 183 128 52 67 183 128 52 67 183 128 52 67 183 128 52 67 183 128 52 
101 0 243 95 101 0 243 95 101 0 243 95 101 0 243 95 70 167 27 137 101 0 243 95 31 148 58 219 12 59 196 138 139 74 176 1 4 204 97 100 38 124 247 131 117 46 73 187 232 107 105 149 9 143 30 254 214 88 26 51 126 186 176 246 42 155 36 154 228 196 245 86 187 213 184 128 97 190 20 133 53 201 33 149 49 55 227 16 155 113 163 205 127 209 132 78 31 45 254 42 161 55 217 92 101 0 243 95 101 0 243 95 101 0 243 95 101 0 243 95 101 0 243 95 101 0 243 95 
193 147 68 13 193 147 68 13 193 147 68 13 193 147 68 13 37 242 101 139 193 147 68 13 255 129 125 182 109 139 159 17 143 206 56 109 54 138 203 26 83 133 191 83 102 215 46 51 151 110 24 52 157 207 110 239 241 135 137 74 149 204 168 88 183 239 98 220 132 93 228 122 230 172 245 14 24 10 177 225 203 86 179 152 123 235 101 200 228 215 101 91 109 115 82 242 96 109 148 119 4 105 46 240 193 147 68 13 193 147 68 13 193 147 68 13 193 147 68 13 193 147 68 13 193 147 68 13 
87 103 105 200 87 103 105 200 87 103 105 200 87 103 105 200 244 127 75 108 244 96 166 151 172 62 125 201 77 63 166 169 129 151 101 140 206 144 2 141 139 31 226 166 236 222 248 243 168 97 75 68 254 94 253 112 176 14 155 169 137 58 8 151 162 254 114 157 199 92 91 89 235 162 47 83 155 243 184 148 62 179 51 57 118 131 140 116 231 113 93 124 220 156 255 126 241 91 130 115 185 191 206 217 87 103 105 200 87 103 105 200 87 103 105 200 87 103 105 200 87 103 105 200 87 103 105 200 
67 183 128 52 67 183 128 52 67 183 128 52 67 183 128 52 194 9 212 232 82 237 158 178 73 104 223 63 121 84 61 228 84 114 112 17 126 43 45 58 169 35 146 29 181 173 149 77 197 129 61 92 180 89 9 113 217 130 172 51 35 73 154 107 230 43 186 7 161 86 93 28 154 98 111 161 112 38 25 94 192 173 173 174 79 151 159 166 169 79 82 81 152 229 129 237 144 179 254 113 34 80 63 191 67 183 128 52 67 183 128 52 67 183 128 52 67 183 128 52 67 183 128 52 67 183 128 52 
101 0 243 95 101 0 243 95 101 0 243 95 101 0 243 95 88 69 112 101 221 225 149 184 153 190 56 240 198 249 54 54 94 244 153 54 195 155 158 186 96 76 4 118 108 149 200 112 176 90 42 192 106 209 62 204 227 245 45 132 229 201 139 185 185 216 70 117 180 17 31 156 140 121 99 173 108 224 38 225 160 227 229 119 29 58 154 127 127 170 37 65 35 117 129 47 19 114 231 215 249 225 112 46 101 0 243 95 101 0 243 95 101 0 243 95 101 0 243 95 101 0 243 95 101 0 243 95 
193 147 68 13 193 147 68 13 193 147 68 13 193 147 68 13 113 179 236 86 128 170 67 214 60 26 91 216 155 41 63 156 136 49 152 100 135 227 7 120 234 69 40 227 177 142 146 251 252 149 194 138 160 193 251 27 199 75 239 127 80 31 127 237 86 204 204 28 196 234 252 241 201 255 133 163 232 159 59 251 68 82 219 83 77 140 158 250 111 25 137 18 10 68 85 145 241 166 60 121 181 36 229 239 193 147 68 13 193 147 68 13 193 147 68 13 193 147 68 13 193 147 68 13 193 147 68 13 
87 103 105 200 87 103 105 200 87 103 105 200 87 103 105 200 0 188 104 107 127 130 149 156 187 84 173 141 228 55 43 249 84 153 134 140 123 136 169 174 242 215 116 226 153 237 128 204 194 87 158 101 182 95 164 98 74 235 95 163 139 144 210 0 33 90 124 34 105 58 87 95 221 161 108 190 147 181 111 59 56 28 230 178 145 170 15 168 132 11 74 220 117 164 125 121 87 103 105 200 87 103 105 200 87 103 105 200 87 103 105 200 87 103 105 200 87 103 105 200 87 103 105 200 87 103 105 200 
67 183 128 52 67 183 128 52 67 183 128 52 67 183 128 52 124 20 63 58 101 104 187 0 64 207 144 74 97 189 176 227 2 91 99 9 144 132 131 101 128 197 248 244 77 34 201 165 68 255 147 247 78 232 81 167 194 219 27 191 138 76 57 13 27 14 238 246 4 182 42 146 164 123 109 227 28 174 163 122 41 7 102 220 76 39 147 121 195 15 65 100 226 141 165 181 67 183 128 52 67 183 128 52 67 183 128 52 67 183 128 52 67 183 128 52 67 183 128 52 67 183 128 52 67 183 128 52 
101 0 243 95 101 0 243 95 101 0 243 95 101 0 243 95 186 51 87 227 37 79 255 56 111 254 150 133 19 255 100 103 69 42 58 84 245 17 176 205 140 217 150 168 162 9 141 111 95 18 193 97 102 189 204 239 33 220 40 98 82 240 237 113 146 190 146 74 189 181 100 160 208 58 38 203 233 209 109 114 2 238 169 147 251 157 30 193 244 220 25 4 222 234 129 102 101 0 243 95 101 0 243 95 101 0 243 95 101 0 243 95 101 0 243 95 101 0 243 95 101 0 243 95 101 0 243 95 
193 147 68 13 193 147 68 13 193 147 68 13 193 147 68 13 78 237 88 13 77 234 50 139 177 144 196 185 144 221 255 114 207 226 38 77 114 182 207 75 24 120 105 46 52 0 15 76 242 140 187 49 87 47 183 23 251 137 9 18 245 124 229 66 181 143 110 35 43 119 27 41 185 33 26 137 249 15 141 18 14 39 0 191 99 255 220 22 195 132 222 28 153 33 168 157 193 147 68 13 193 147 68 13 193 147 68 13 193 147 68 13 193 147 68 13 193 147 68 13 193 147 68 13 193 147 68 13 
87 103 105 200 87 103 105 200 87 103 105 200 87 103 105 200 206 184 24 235 145 16 156 207 1 225 106 247 117 40 6 184 239 189 37 98 239 189 37 98 51 10 243 89 19 138 39 170 3 251 237 181 158 235 43 255 128 193 93 147 244 14 78 133 125 191 72 61 129 29 41 5 208 86 178 234 121 122 29 4 94 249 22 100 40 22 90 19 178 4 15 104 202 32 201 193 87 103 105 200 87 103 105 200 87 103 105 200 87 103 105 200 87 103 105 200 87 103 105 200 87 103 105 200 87 103 105 200 
67 183 128 52 67 183 128 52 67 183 128 52 67 183 128 52 13 211 59 58 30 60 86 182 85 70 187 7 143 7 77 235 122 23 123 60 122 23 123 60 230 123 156 205 73 244 161 137 106 34 149 152 22 224 127 233 56 22 167 125 165 67 103 103 245 63 150 95 57 168 111 16 143 115 40 85 69 49 113 221 63 57 231 71 192 167 18 147 234 113 9 105 118 194 153 219 67 183 128 52 67 183 128 52 67 183 128 52 67 183 128 52 67 183 128 52 67 183 128 52 67 183 128 52 67 183 128 52 
101 0 243 95 101 0 243 95 101 0 243 95 101 0 243 95 141 212 247 133 106 20 68 241 120 168 149 229 151 201 172 32 189 163 104 133 189 163 104 133 85 181 9 122 124 34 230 81 117 102 129 75 104 5 166 181 232 54 207 131 20 238 28 226 241 163 136 98 187 2 3 163 63 108 30 211 38 250 132 245 255 243 223 172 19 110 64 104 156 209 203 113 56 154 10 44 101 0 243 95 101 0 243 95 101 0 243 95 101 0 243 95 101 0 243 95 101 0 243 95 101 0 243 95 101 0 243 95 
193 147 68 13 193 147 68 13 193 147 68 13 193 147 68 13 228 217 97 95 233 241 136 3 140 196 40 14 68 205 148 28 160 204 11 79 160 204 11 79 174 231 57 2 21 49 225 79 183 192 53 225 224 100 145 103 26 110 200 69 216 68 207 155 208 168 204 15 36 166 141 78 250 32 221 9 74 35 80 53 235 152 149 79 117 184 43 139 43 134 221 142 64 165 145 168 193 147 68 13 193 147 68 13 193 147 68 13 193 147 68 13 193 147 68 13 193 147 68 13 193 147 68 13 193 147 68 13 
87 103 105 200 87 103 105 200 87 103 105 200 87 103 105 200 87 103 105 200 87 103 105 200 71 32 196 129 149 99 58 208 241 146 98 158 50 44 239 155 198 61 183 126 160 41 183 84 41 194 128 167 86 143 213 227 199 12 39 104 33 29 244 1 136 227 14 146 55 210 81 61 176 223 165 45 250 223 111 226 41 228 152 234 129 67 71 210 36 174 7 37 9 165 132 66 87 103 105 200 87 103 105 200 87 103 105 200 87 103 105 200 87 103 105 200 87 103 105 200 87 103 105 200 87 103 105 200 
67 183 128 52 67 183 128 52 67 183 128 52 67 183 128 52 67 183 128 52 67 183 128 52 140 188 36 34 176 132 70 27 181 238 250 20 60 28 102 215 193 25 77 40 135 58 167 221 87 7 158 148 51 105 52 202 96 153 60 194 112 140 99 198 86 48 243 84 44 228 108 103 179 167 13 201 247 102 179 250 183 153 187 198 79 252 251 94 72 123 3 15 10 196 151 99 67 183 128 52 67 183 128 52 67 183 128 52 67 183 128 52 67 183 128 52 67 183 128 52 67 183 128 52 67 183 128 52 
101 0 243 95 101 0 243 95 101 0 243 95 101 0 243 95 101 0 243 95 101 0 243 95 167 18 42 198 255 38 18 55 103 244 172 31 218 23 60 38 218 97 117 102 112 222 159 127 249 196 2 126 202 22 194 112 143 98 213 78 190 240 145 50 29 199 84 241 92 160 179 224 111 212 119 173 226 90 60 253 54 233 4 25 53 123 162 47 193 240 230 83 127 16 218 88 101 0 243 95 101 0 243 95 101 0 243 95 101 0 243 95 101 0 243 95 101 0 243 95 101 0 243 95 101 0 243 95 
193 147 68 13 193 147 68 13 193 147 68 13 193 147 68 13 193 147 68 13 193 147 68 13 69 73 67 151 73 133 236 71 67 127 239 55 78 102 85 41 191 12 87 128 204 114 96 12 217 86 241 6 4 59 83 160 62 63 211 5 41 27 37 30 77 18 108 91 243 59 136 228 226 19 11 1 228 154 153 69 195 22 126 5 72 92 100 22 178 18 16 87 24 164 110 84 193 147 68 13 193 147 68 13 193 147 68 13 193 147 68 13 193 147 68 13 193 147 68 13 193 147 68 13 193 147 68 13 
87 103 105 200 87 103 105 200 87 103 105 200 87 103 105 200 87 103 105 200 87 103 105 200 72 233 124 22 40 163 53 179 158 65 242 39 95 51 11 193 42 234 31 201 209 186 167 188 211 143 132 195 65 31 228 178 103 136 230 201 250 186 125 247 117 3 23 201 42 205 231 40 175 110 228 204 57 133 72 163 35 112 121 140 117 216 158 112 123 74 167 14 73 95 80 137 87 103 105 200 87 103 105 200 87 103 105 200 87 103 105 200 87 103 105 200 87 103 105 200 87 103 105 200 87 103 105 200 
67 183 128 52 67 183 128 52 67 183 128 52 67 183 128 52 67 183 128 52 67 183 128 52 209 157 200 117 207 50 138 230 162 84 62 220 37 144 249 33 1 45 202 196 215 160 228 186 31 155 3 210 81 120 71 88 178 38 200 50 165 179 247 255 153 1 8 131 244 107 87 219 201 126 79 25 230 255 192 203 134 56 148 41 133 113 103 152 123 42 189 219 198 67 207 120 67 183 128 52 67 183 128 52 67 183 128 52 67 183 128 52 67 183 128 52 67 183 128 52 67 183 128 52 67 183 128 52 
101 0 243 95 101 0 243 95 101 0 243 95 101 0 243 95 101 0 243 95 101 0 243 95 186 18 88 101 144 75 20 99 205 253 35 33 190 40 4 89 73 101 187 32 25 133 125 241 254 194 188 152 33 156 21 115 173 222 166 125 215 84 111 242 225 205 198 253 92 106 1 142 193 175 237 70 153 38 101 35 127 149 62 62 221 109 255 204 208 108 74 37 65 129 137 66 101 0 243 95 101 0 243 95 101 0 243 95 101 0 243 95 101 0 243 95 101 0 243 95 101 0 243 95 101 0 243 95 
193 147 68 13 193 147 68 13 193 147 68 13 193 147 68 13 193 147 68 13 193 147 68 13 85 44 14 42 135 0 46 122 81 135 40 85 27 247 55 212 67 149 128 118 3 54 107 52 172 223 212 145 191 186 234 40 60 176 116 218 167 42 161 236 172 208 243 184 125 242 140 177 51 65 158 247 239 59 95 167 206 23 160 143 102 3 135 136 158 9 82 55 109 101 195 84 193 147 68 13 193 147 68 13 193 147 68 13 193 147 68 13 193 147 68 13 193 147 68 13 193 147 68 13 193 147 68 13 
87 103 105 200 87 103 105 200 87 103 105 200 87 103 105 200 87 103 105 200 87 103 105 200 87 103 105 200 87 103 105 200 31 178 36 60 225 227 237 153 151 243 247 77 130 157 5 107 190 165 27 50 194 134 135 0 55 51 40 40 144 118 10 25 142 224 250 52 149 92 189 186 23 124 182 164 96 164 179 147 0 214 81 214 246 195 7 224 200 218 22 4 2 8 186 133 87 103 105 200 87 103 105 200 87 103 105 200 87 103 105 200 87 103 105 200 87 103 105 200 87 103 105 200 87 103 105 200 
67 183 128 52 67 183 128 52 67 183 128 52 67 183 128 52 67 183 128 52 67 183 128 52 67 183 128 52 67 183 128 52 187 193 199 168 65 133 116 81 162 71 192 3 60 76 170 156 45 20 82 34 94 198 97 152 80 140 240 81 226 66 239 9 251 61 225 185 52 94 148 188 161 37 21 122 173 173 241 135 133 5 88 67 40 120 112 157 132 171 91 107 42 97 0 37 67 183 128 52 67 183 128 52 67 183 128 52 67 183 128 52 67 183 128 52 67 183 128 52 67 183 128 52 67 183 128 52 
101 0 243 95 101 0 243 95 101 0 243 95 101 0 243 95 101 0 243 95 101 0 243 95 101 0 243 95 101 0 243 95 123 102 152 82 170 62 4 143 30 7 38 5 147 200 225 123 231 125 75 214 56 225 74 58 127 168 135 182 221 121 29 118 39 77 205 204 131 217 156 178 240 40 165 188 148 109 16 83 194 87 28 175 8 152 77 7 122 198 236 181 124 118 134 67 101 0 243 95 101 0 243 95 101 0 243 95 101 0 243 95 101 0 243 95 101 0 243 95 101 0 243 95 101 0 243 95 
193 147 68 13 193 147 68 13 193 147 68 13 193 147 68 13 193 147 68 13 193 147 68 13 193 147 68 13 193 147 68 13 89 3 187 118 60 197 118 170 235 213 44 220 0 120 32 159 91 200 67 181 160 41 224 109 81 160 40 104 247 236 24 79 170 99 137 32 177 146 181 53 8 131 119 21 142 36 182 27 96 3 185 231 13 105 84 75 8 175 242 198 219 238 122 122 193 147 68 13 193 147 68 13 193 147 68 13 193 147 68 13 193 147 68 13 193 147 68 13 193 147 68 13 193 147 68 13 
87 103 105 200 87 103 105 200 87 103 105 200 87 103 105 200 87 103 105 200 87 103 105 200 87 103 105 200 87 103 105 200 205 74 178 153 177 156 37 62 118 149 170 6 22 136 196 167 144 211 23 117 173 85 124 161 99 22 229 197 126 247 104 78 16 220 29 151 149 62 151 154 221 141 25 92 114 123 246 93 230 43 121 57 132 216 60 100 69 183 86 153 133 247 176 152 87 103 105 200 87 103 105 200 87 103 105 200 87 103 105 200 87 103 105 200 87 103 105 200 87 103 105 200 87 103 105 200 
67 183 128 52 67 183 128 52 67 183 128 52 67 183 128 52 67 183 128 52 67 183 128 52 67 183 128 52 67 183 128 52 84 144 156 40 105 196 212 187 66 52 70 92 42 139 205 251 147 2 201 213 193 31 3 227 57 234 232 13 220 165 207 10 149 138 246 172 214 135 168 15 35 21 99 24 20 119 153 25 224 240 30 106 64 80 80 36 32 45 21 18 68 146 105 46 67 183 128 52 67 183 128 52 67 183 128 52 67 183 128 52 67 183 128 52 67 183 128 52 67 183 128 52 67 183 128 52 
101 0 243 95 101 0 243 95 101 0 243 95 101 0 243 95 101 0 243 95 101 0 243 95 101 0 243 95 101 0 243 95 75 128 245 9 95 93 225 52 252 85 231 62 166 168 143 24 123 209 117 33 38 9 66 132 148 252 27 50 143 200 210 178 132 55 183 99 142 92 19 135 246 187 136 104 129 251 181 242 247 82 253 94 103 18 205 5 101 170 169 83 190 26 187 20 101 0 243 95 101 0 243 95 101 0 243 95 101 0 243 95 101 0 243 95 101 0 243 95 101 0 243 95 101 0 243 95 
193 147 68 13 193 147 68 13 193 147 68 13 193 147 68 13 193 147 68 13 193 147 68 13 193 147 68 13 193 147 68 13 87 165 49 154 136 214 36 1 74 39 171 67 103 66 15 200 32 111 210 160 105 2 52 164 123 103 184 186 94 179 133 184 226 1 231 85 133 70 19 48 215 151 104 161 201 207 183 52 178 134 49 15 78 245 177 220 145 32 106 240 220 196 93 49 193 147 68 13 193 147 68 13 193 147 68 13 193 147 68 13 193 147 68 13 193 147 68 13 193 147 68 13 193 147 68 13 
