255 255 255 255 255 255 255 255 255 255 255 255 255 255 255 255 255 255 255 255 255 255 255 255 255 255 255 255 255 255 255 255 255 255 255 255 255 255 255 255 255 255 255 255 255 255 255 255 255 255 255 255 255 255 255 255 255 255 255 255 255 255 255 255 252 255 255 250 255 255 248 255 255 252 255 254 253 255 255 255 255 255 255 255 255 255 255 255 255 255 255 255 255 255 255 255 255 255 255 255 255 255 255 255 255 255 255 255 255 255 255 255 255 255 255 255 255 255 255 255 255 255 255 255 255 255 255 255
255 255 255 255 255 255 255 255 255 255 255 255 255 255 255 255 255 255 255 255 255 255 255 255 255 255 255 255 255 255 255 255 255 255 255 255 255 255 255 255 255 255 255 255 255 255 255 255 255 255 255 255 255 255 255 255 255 255 255 255 255 255 255 255 255 255 250 255 248 254 255 255 255 255 249 255 255 255 253 253 255 255 255 255 255 255 255 255 255 255 255 255 255 255 255 255 255 255 255 255 255 255 255 255 255 255 255 255 255 255 255 255 255 255 255 255 255 255 255 255 255 255 255 255 255 255 255 255
255 255 255 255 255 255 255 255 255 255 255 255 255 255 255 255 255 255 255 255 255 255 255 255 255 255 255 255 255 255 255 255 255 255 255 255 255 255 255 255 255 255 255 255 255 255 255 255 255 255 255 255 255 255 255 255 255 255 255 255 255 255 255 255 255 255 255 249 255 255 247 255 254 255 253 255 251 254 255 255 255 255 255 255 255 255 255 255 255 255 255 255 255 255 255 255 255 255 255 255 255 255 255 255 255 255 255 255 255 255 255 255 255 255 255 255 255 255 255 255 255 255 255 255 255 255 255 255
255 255 255 255 255 255 255 255 255 255 255 255 255 255 255 255 255 255 255 255 255 255 255 255 255 255 255 255 255 255 255 255 255 255 255 255 255 255 255 255 255 255 255 255 255 255 255 255 255 255 255 255 255 255 255 255 255 255 255 255 255 255 255 255 255 248 255 255 253 255 254 255 255 251 254 255 255 255 255 252 255 255 255 255 255 255 255 255 255 255 255 255 255 255 255 255 255 255 255 255 255 255 255 255 255 255 255 255 255 255 255 255 255 255 255 255 255 255 255 255 255 255 255 255 255 255 255 255
255 255 255 255 255 255 255 255 255 255 255 255 255 255 255 255 255 255 255 255 255 255 255 255 255 255 255 255 255 255 255 255 255 255 255 255 255 255 255 255 255 255 255 255 255 255 255 255 255 255 255 255 255 255 255 255 255 255 255 255 255 255 255 255 255 249 255 250 255 255 255 254 255 253 255 255 249 255 254 255 255 255 255 255 255 255 255 255 255 255 255 255 255 255 255 255 255 255 255 255 255 255 255 255 255 255 255 255 255 255 255 255 255 255 255 255 255 255 255 255 255 255 255 255 255 255 255 255
255 255 255 255 255 255 255 255 255 255 255 255 255 255 255 255 255 255 255 255 255 255 255 255 255 255 255 255 255 255 255 255 255 255 255 255 255 255 255 255 255 255 255 255 255 255 255 255 255 255 255 255 255 255 255 255 255 255 255 255 255 255 255 255 255 255 255 255 250 255 165 163 136 131 176 249 255 255 249 255 255 255 255 255 255 255 255 255 255 255 255 255 255 255 255 255 255 255 255 255 255 255 255 255 255 255 255 255 255 255 255 255 255 255 255 255 255 255 255 255 255 255 255 255 255 255 255 255
255 255 255 255 255 255 255 255 255 255 255 255 255 255 255 255 255 255 255 255 255 255 255 255 255 255 255 255 255 255 255 255 255 255 255 255 255 255 255 255 255 255 255 255 255 255 255 255 255 255 255 255 255 255 255 255 255 255 255 255 255 255 255 255 253 255 255 193 136 72 29 12 12 16 25 50 86 172 255 255 255 255 255 255 255 255 255 255 255 255 255 255 255 255 255 255 255 255 255 255 255 255 255 255 255 255 255 255 255 255 255 255 255 255 255 255 255 255 255 255 255 255 255 255 255 255 255 255
255 255 255 255 255 255 255 255 255 255 255 255 255 255 255 255 255 255 255 255 255 255 255 255 255 255 255 255 255 255 255 255 255 255 255 255 255 255 255 255 255 255 255 255 255 255 255 255 255 255 255 255 255 255 255 255 255 255 255 255 255 255 255 255 255 255 86 50 12 9 32 27 27 26 32 13 2 30 197 255 255 255 255 255 255 255 255 255 255 255 255 255 255 255 255 255 255 255 255 255 255 255 255 255 255 255 255 255 255 255 255 255 255 255 255 255 255 255 255 255 255 255 255 255 255 255 255 255
255 255 255 255 255 255 255 255 255 255 255 255 255 255 255 255 255 255 255 255 255 255 255 255 255 255 255 255 255 255 255 255 255 255 255 255 255 255 255 255 255 255 255 255 255 255 255 255 255 255 255 255 255 255 255 255 253 255 254 252 255 255 250 255 140 31 28 25 32 25 29 33 14 28 26 29 32 25 14 45 163 255 251 255 255 253 255 250 255 255 255 255 255 255 255 255 255 255 255 255 255 255 255 255 255 255 255 255 255 255 255 255 255 255 255 255 255 255 255 255 255 255 255 255 255 255 255 255
255 255 255 255 255 255 255 255 255 255 255 255 255 255 255 255 255 255 255 255 255 255 255 255 255 255 255 255 255 255 255 255 255 255 255 255 255 255 255 255 255 255 255 255 255 255 255 255 255 255 255 255 255 255 255 255 255 252 253 255 251 254 255 152 25 5 26 33 28 15 10 7 31 11 21 27 25 34 31 10 38 202 252 251 254 255 254 255 255 255 255 255 255 255 255 255 255 255 255 255 255 255 255 255 255 255 255 255 255 255 255 255 255 255 255 255 255 255 255 255 255 255 255 255 255 255 255 255
255 255 255 255 255 255 255 255 255 255 255 255 255 255 255 255 255 255 255 255 255 255 255 255 255 255 255 255 255 255 255 255 255 255 255 255 255 255 255 255 255 255 255 255 255 255 255 255 255 255 255 255 255 255 255 255 255 249 255 251 248 255 196 46 4 24 14 12 8 9 15 18 11 11 27 22 26 25 29 28 10 106 255 255 255 249 253 250 255 255 255 255 255 255 255 255 255 255 255 255 255 255 255 255 255 255 255 255 255 255 255 255 255 255 255 255 255 255 255 255 255 255 255 255 255 255 255 255
255 255 255 255 255 255 255 255 255 255 255 255 255 255 255 255 255 255 255 255 255 255 255 255 255 255 255 255 255 255 255 255 255 255 255 255 255 255 255 255 255 255 255 255 255 255 255 255 255 255 255 255 255 255 255 255 255 255 253 255 255 254 133 9 16 31 9 13 19 14 10 8 8 17 13 7 26 16 7 32 6 46 254 250 255 255 254 255 255 255 255 255 255 255 255 255 255 255 255 255 255 255 255 255 255 255 255 255 255 255 255 255 255 255 255 255 255 255 255 255 255 255 255 255 255 255 255 255
255 255 255 255 255 255 255 255 255 255 255 255 255 255 255 255 255 255 255 255 255 255 255 255 255 255 255 255 255 255 255 255 255 255 255 255 255 255 255 255 255 255 255 255 255 255 255 255 255 255 255 255 255 255 255 255 253 253 255 244 254 255 11 10 22 18 8 7 14 8 12 15 18 10 6 12 16 22 17 27 29 5 166 196 215 253 253 255 255 255 255 255 255 255 255 255 255 255 255 255 255 255 255 255 255 255 255 255 255 255 255 255 255 255 255 255 255 255 255 255 255 255 255 255 255 255 255 255
255 255 255 255 255 255 255 255 255 255 255 255 255 255 255 255 255 255 255 255 255 255 255 255 255 255 255 255 255 255 255 255 255 255 255 255 255 255 255 255 255 255 255 255 255 255 255 255 255 255 255 255 255 255 255 255 255 254 255 255 251 254 0 13 13 7 19 13 16 8 14 11 10 9 15 19 9 26 28 28 29 10 150 201 211 218 255 255 255 255 255 255 255 255 255 255 255 255 255 255 255 255 255 255 255 255 255 255 255 255 255 255 255 255 255 255 255 255 255 255 255 255 255 255 255 255 255 255
255 255 255 255 255 255 255 255 255 255 255 255 255 255 255 255 255 255 255 255 255 255 255 255 255 255 255 255 255 255 255 255 255 255 255 255 255 255 255 255 255 255 255 255 255 255 255 255 255 255 255 255 255 255 255 255 250 250 255 254 255 255 0 31 15 9 15 8 10 3 13 8 11 15 12 6 11 19 12 14 22 31 142 157 202 211 255 253 255 255 255 255 255 255 255 255 255 255 255 255 255 255 255 255 255 255 255 255 255 255 255 255 255 255 255 255 255 255 255 255 255 255 255 255 255 255 255 255
255 255 255 255 255 255 255 255 255 255 255 255 255 255 255 255 255 255 255 255 255 255 255 255 255 255 255 255 255 255 255 255 255 255 255 255 255 255 255 255 255 255 255 255 255 255 255 255 255 255 255 255 255 255 255 255 253 255 252 252 254 218 1 9 11 13 12 14 14 2 13 14 12 11 16 9 15 10 13 26 30 6 131 161 168 196 253 255 255 255 255 255 255 255 255 255 255 255 255 255 255 255 255 255 255 255 255 255 255 255 255 255 255 255 255 255 255 255 255 255 255 255 255 255 255 255 255 255
255 255 255 255 255 255 255 255 255 255 255 255 255 255 255 255 255 255 255 255 255 255 255 255 255 255 255 255 255 255 255 255 255 255 255 255 255 255 255 255 255 255 255 255 255 255 255 255 255 255 255 255 250 244 243 243 246 245 251 247 253 249 0 6 20 15 13 17 18 9 4 7 0 6 9 17 11 8 36 18 27 9 109 112 133 179 251 253 255 255 255 255 255 255 255 255 255 255 255 255 255 255 255 255 255 255 255 255 255 255 255 255 255 255 255 255 255 255 255 255 255 255 255 255 255 255 255 255
255 255 255 255 255 255 255 255 255 255 255 255 255 255 255 255 255 255 255 255 255 255 255 255 255 255 255 255 255 255 255 255 255 255 255 255 255 255 255 255 255 255 255 255 255 255 255 255 255 255 255 255 253 251 251 253 250 255 254 255 253 251 0 11 12 12 14 18 18 13 7 4 8 9 9 19 17 37 0 5 23 0 114 108 132 157 214 255 255 255 255 255 255 255 255 255 255 255 255 255 255 255 255 255 255 255 255 255 255 255 255 255 255 255 255 255 255 255 255 255 255 255 255 255 255 255 255 255
255 255 255 255 255 255 255 255 255 255 255 255 255 255 255 255 255 255 255 255 255 255 255 255 255 255 255 255 255 255 255 255 255 255 255 255 255 255 255 255 255 255 255 255 255 255 255 255 244 246 250 253 255 255 255 255 255 251 255 254 249 251 46 0 23 17 14 16 18 18 13 2 0 14 15 8 23 4 18 23 26 36 90 113 131 152 220 249 255 255 255 255 255 255 255 255 255 255 255 255 255 255 255 255 255 255 255 255 255 255 255 255 255 255 255 255 255 255 255 255 255 255 255 255 255 255 255 255
255 255 255 255 255 255 255 255 255 255 255 255 255 255 255 255 255 255 255 255 255 255 255 255 255 255 255 255 255 255 255 255 255 255 255 255 255 255 255 255 255 255 255 255 255 255 255 255 239 241 246 253 255 255 255 255 255 255 255 255 254 255 109 0 5 5 16 22 19 14 13 9 14 9 14 20 15 36 25 23 8 39 95 99 132 156 221 253 255 255 255 255 255 255 255 255 255 255 255 255 255 255 255 255 255 255 255 255 255 255 255 255 255 255 255 255 255 255 255 255 255 255 255 255 255 255 255 255
255 255 255 255 255 255 255 255 255 255 255 255 255 255 255 255 255 255 255 255 255 255 255 255 255 255 255 255 255 255 255 255 255 255 255 255 255 255 255 255 255 255 255 255 255 255 255 255 244 246 250 253 255 255 255 255 255 255 255 252 255 255 254 139 22 8 10 21 20 17 15 10 2 6 20 35 15 20 4 8 89 106 95 113 113 154 208 255 255 255 255 255 255 255 255 255 255 255 255 255 255 255 255 255 255 255 255 255 255 255 255 255 255 255 255 255 255 255 255 255 255 255 255 255 255 255 255 255
255 255 255 255 255 255 255 255 255 255 255 255 255 255 255 255 255 255 255 255 255 255 255 255 255 255 255 255 255 255 255 255 255 255 255 255 255 255 255 255 255 255 255 255 255 255 255 255 255 255 255 255 255 255 255 255 248 255 255 255 254 255 200 156 32 10 9 21 22 18 16 8 13 13 15 34 11 32 18 63 107 98 102 107 135 168 217 251 255 255 255 255 255 255 255 255 255 255 255 255 255 255 255 255 255 255 255 255 255 255 255 255 255 255 255 255 255 255 255 255 255 255 255 255 255 255 255 255
255 255 255 255 255 255 255 255 255 255 255 255 255 255 255 255 255 255 255 255 255 255 255 255 255 255 255 255 255 255 255 255 255 255 255 255 255 255 255 255 255 255 255 255 255 255 255 255 255 255 255 255 253 250 250 250 250 251 246 180 107 75 38 17 0 0 13 29 20 14 16 13 6 15 13 15 18 10 81 110 85 105 95 117 131 166 252 255 255 255 255 255 255 255 255 255 255 255 255 255 255 255 255 255 255 255 255 255 255 255 255 255 255 255 255 255 255 255 255 255 255 255 255 255 255 255 255 255
255 255 255 255 255 255 255 255 255 255 255 255 255 255 255 255 255 255 255 255 255 255 255 255 255 255 255 255 255 255 255 255 255 255 255 255 255 255 255 255 255 255 255 255 255 255 255 255 255 255 255 255 255 251 250 250 250 207 60 31 28 63 128 76 17 0 1 13 14 21 25 12 28 2 8 20 27 68 93 82 99 86 114 109 141 180 251 255 255 255 255 255 255 255 255 255 255 255 255 255 255 255 255 255 255 255 255 255 255 255 255 255 255 255 255 255 255 255 255 255 255 255 255 255 255 255 255 255
255 255 255 255 255 255 255 255 255 255 255 255 255 255 255 255 255 255 255 255 255 255 255 255 255 255 255 255 255 255 255 255 255 255 255 255 255 255 255 255 255 255 255 255 255 255 255 255 255 255 255 255 255 254 199 100 39 0 107 176 152 146 156 158 171 184 0 7 19 16 9 9 8 7 100 102 88 89 79 96 90 96 137 160 178 195 249 255 255 255 255 254 255 255 255 255 255 253 255 255 255 255 252 255 255 255 255 255 255 255 255 255 255 255 255 255 255 255 255 255 255 255 255 255 255 255 255 255
255 255 255 255 255 255 255 255 255 255 255 255 255 255 255 255 255 255 255 255 255 255 255 255 255 255 255 255 255 255 255 255 255 255 255 255 255 255 255 255 255 255 255 255 255 255 255 255 249 244 255 255 255 255 71 21 0 20 169 137 119 98 152 146 166 173 4 5 19 16 14 12 0 11 15 91 100 94 88 94 97 118 154 155 196 213 255 255 220 179 159 183 203 254 255 255 255 255 254 254 251 255 255 250 255 255 255 255 255 255 255 255 255 255 255 255 255 255 255 255 255 255 255 255 255 255 255 255
255 255 255 255 255 255 255 255 255 255 255 255 255 255 255 255 255 255 255 255 255 255 255 255 255 255 255 255 255 255 255 255 255 255 255 255 255 255 255 255 255 255 255 255 255 255 255 255 248 251 255 255 255 159 44 0 1 128 154 150 145 121 145 147 160 162 64 0 9 36 13 16 4 7 12 27 64 112 96 88 112 135 167 200 220 255 181 96 70 63 52 40 66 69 215 255 253 255 250 255 255 252 255 254 255 255 255 255 255 255 255 255 255 255 255 255 255 255 255 255 255 255 255 255 255 255 255 255
255 255 255 255 255 255 255 255 255 255 255 255 255 255 255 255 255 255 255 255 255 255 255 255 255 255 255 255 255 255 255 255 255 255 255 255 255 255 255 255 255 255 255 255 255 255 255 255 250 249 252 255 160 55 80 1 108 151 140 133 147 151 149 150 153 158 125 13 4 36 8 15 7 19 18 25 13 63 106 136 138 155 195 219 216 221 42 33 11 11 32 12 4 32 68 142 255 251 255 250 255 253 254 253 255 255 255 255 255 255 255 255 255 255 255 255 255 255 255 255 255 255 255 255 255 255 255 255
255 255 255 255 255 255 255 255 255 255 255 255 255 255 255 255 255 255 255 255 255 255 255 255 255 255 255 255 255 255 255 255 255 255 255 255 255 255 255 255 255 255 255 255 255 255 255 255 255 255 211 57 83 172 100 119 152 148 142 146 145 143 150 159 148 161 139 31 12 9 10 13 11 5 15 14 21 17 105 165 196 193 231 164 46 13 28 30 13 10 14 12 37 25 25 15 11 59 255 255 255 255 255 255 255 255 255 255 255 255 255 255 255 255 255 255 255 255 255 255 255 255 255 255 255 255 255 255
255 255 255 255 255 255 255 255 255 255 255 255 255 255 255 255 255 255 255 255 255 255 255 255 255 255 255 255 255 255 255 255 255 255 255 255 255 255 255 255 255 255 255 255 255 255 255 255 251 255 122 55 170 174 124 153 147 157 165 152 163 159 150 143 146 158 147 30 9 12 13 13 10 3 9 11 11 34 42 130 198 217 195 41 16 10 13 13 10 12 6 14 11 14 41 26 13 10 253 255 251 254 250 251 255 255 255 255 255 255 255 255 255 255 255 255 255 255 255 255 255 255 255 255 255 255 255 255
255 255 255 255 255 255 255 255 255 255 255 255 255 255 255 255 255 255 255 255 255 255 255 255 255 255 255 255 255 255 255 255 255 255 255 255 255 255 255 255 255 255 255 255 255 255 255 255 255 250 45 127 168 128 148 146 161 156 120 174 163 141 136 129 146 154 157 25 4 25 14 15 9 9 15 16 19 5 4 72 178 210 95 15 9 15 15 8 14 14 13 21 9 16 28 15 25 8 166 248 255 255 255 255 255 255 255 255 255 255 255 255 255 255 255 255 255 255 255 255 255 255 255 255 255 255 255 255
255 255 255 255 255 255 255 255 255 255 255 255 255 255 255 255 255 255 255 255 255 255 255 255 255 255 255 255 255 255 255 255 255 255 255 255 255 255 255 255 255 255 255 255 255 255 255 255 255 240 78 171 133 134 135 158 136 170 186 114 170 157 128 121 142 158 148 34 12 15 16 16 13 13 10 13 14 21 12 28 133 216 26 12 9 8 3 13 9 12 15 7 17 13 13 14 26 28 41 197 250 255 255 251 255 255 255 255 255 255 255 255 255 255 255 255 255 255 255 255 255 255 255 255 255 255 255 255
255 255 255 255 255 255 255 255 255 255 255 255 255 255 255 255 255 252 255 255 252 253 249 253 253 253 253 255 248 255 254 255 251 251 253 255 255 255 255 255 254 253 251 247 250 247 251 253 255 161 202 184 164 141 170 143 191 255 255 202 123 156 143 135 163 160 124 0 5 19 26 8 7 0 20 9 2 8 16 16 30 110 16 14 2 13 2 13 4 10 5 2 9 15 14 13 30 10 16 72 204 218 241 248 250 252 255 255 255 255 249 246 255 255 255 255 255 255 255 255 255 255 255 255 255 255 255 255
255 255 255 255 255 255 255 255 255 255 255 255 255 255 255 255 255 251 253 255 255 250 253 253 253 243 251 255 255 255 255 255 251 253 255 255 255 255 255 255 254 251 213 131 90 159 251 249 255 95 182 241 187 149 169 152 212 255 255 214 113 148 139 145 154 158 113 11 12 38 26 16 16 17 15 12 3 4 11 25 6 41 6 14 15 13 12 11 13 9 10 13 13 13 12 8 7 16 18 55 164 194 250 245 248 252 255 255 255 255 244 245 255 255 255 255 255 255 255 255 255 255 255 255 255 255 255 255
255 255 255 255 255 255 255 255 255 255 255 255 255 255 255 255 249 255 255 252 255 250 219 214 255 255 255 250 255 251 255 255 251 253 255 255 255 255 255 255 255 252 90 26 18 15 255 255 217 68 179 244 195 151 153 137 219 241 255 240 109 161 153 142 146 160 72 7 16 5 18 9 15 20 14 17 7 4 24 5 14 2 4 4 2 2 14 10 9 11 3 6 18 11 5 19 12 29 26 26 143 169 215 245 248 249 255 255 255 255 251 248 255 255 255 255 255 255 255 255 255 255 255 255 255 255 255 255
255 255 255 255 255 255 255 255 255 255 255 255 255 255 255 255 255 253 254 255 212 138 99 111 176 254 255 250 252 255 254 255 253 253 255 255 255 255 255 255 253 255 2 5 56 46 179 255 198 65 201 245 173 130 153 143 225 255 255 241 116 155 149 153 126 157 42 21 34 3 0 0 0 0 0 14 13 16 0 3 6 2 13 12 2 2 11 6 11 2 2 6 2 5 18 25 9 9 33 34 135 152 209 244 246 251 255 255 255 255 253 245 255 255 255 255 255 255 255 255 255 255 255 255 255 255 255 255
255 255 255 255 255 255 255 255 255 255 255 255 255 255 255 255 255 251 253 107 90 218 254 255 219 113 255 253 255 252 252 255 255 255 255 255 255 255 255 255 255 157 2 48 217 255 25 197 108 114 222 137 66 137 137 145 255 229 63 201 117 148 159 150 131 150 0 38 50 79 132 162 166 173 150 78 36 0 5 10 3 14 15 15 12 6 6 5 5 13 4 2 7 6 9 29 1 24 33 37 116 106 174 172 239 250 255 255 255 255 255 248 255 255 255 255 255 255 255 255 255 255 255 255 255 255 255 255
255 255 255 255 255 255 255 255 255 255 255 255 255 255 255 255 255 255 152 87 248 255 255 253 251 132 248 255 251 255 255 246 255 255 255 255 255 255 255 255 255 120 0 39 215 255 30 141 102 109 159 0 34 150 132 135 225 118 7 28 116 159 148 163 145 116 29 128 163 151 140 154 163 160 161 145 144 53 7 20 15 19 5 2 13 2 2 9 6 6 11 11 5 8 15 14 10 28 20 42 117 111 157 158 243 248 247 255 255 255 255 253 255 255 255 255 255 255 255 255 255 255 255 255 255 255 255 255
255 255 255 255 255 255 255 255 255 255 255 255 255 255 255 255 249 255 89 195 255 251 226 255 226 135 255 255 254 249 255 255 255 255 255 255 255 255 255 255 254 157 0 42 209 250 0 114 104 139 84 0 48 176 126 171 167 53 29 0 133 151 149 157 168 53 144 168 134 131 133 147 166 146 111 104 142 171 4 37 8 3 2 1 10 1 5 10 3 11 8 6 14 12 7 13 24 3 6 76 101 111 156 154 234 244 249 253 255 255 253 254 255 255 255 255 255 255 255 255 255 255 255 255 255 255 255 255
255 255 255 255 255 255 255 255 255 255 255 255 255 255 255 255 254 255 95 221 254 255 254 255 196 116 217 212 255 255 252 255 255 255 255 255 253 253 253 255 254 180 0 25 149 249 0 103 99 96 28 0 68 165 158 128 75 33 0 14 159 143 156 153 116 86 161 139 135 131 152 158 162 147 130 113 110 169 64 12 13 6 13 13 0 8 11 11 12 10 6 7 11 12 11 12 6 25 8 111 107 94 145 152 174 235 248 255 255 255 255 255 255 255 255 255 255 255 255 255 255 255 255 255 255 255 255 255
255 255 255 255 255 255 255 255 255 255 255 255 255 255 255 255 253 255 83 216 231 254 255 255 166 133 160 167 200 219 250 253 255 255 255 255 253 253 253 253 254 255 23 22 14 38 11 156 134 135 18 33 154 171 157 166 62 0 43 166 146 134 153 153 152 156 148 161 159 158 155 153 135 147 133 134 141 154 173 58 6 10 15 9 0 11 10 7 12 2 14 12 16 14 12 29 8 21 219 222 201 131 144 154 166 238 246 253 255 254 255 255 255 255 255 255 255 255 255 255 255 255 255 255 255 255 255 255
255 255 255 255 255 255 255 255 255 255 255 255 255 255 255 255 250 255 136 157 250 252 255 227 192 121 138 160 174 195 255 253 255 255 251 248 251 253 253 252 249 253 44 0 18 0 75 178 151 149 150 89 127 159 154 162 136 66 157 151 129 141 144 146 141 147 147 103 75 38 165 156 146 149 152 156 154 142 174 89 32 30 0 15 6 3 16 11 9 6 14 12 21 10 8 31 0 113 254 255 255 214 93 149 165 237 241 250 255 255 255 255 255 255 255 255 255 255 255 255 255 255 255 255 255 255 255 255
255 255 255 255 255 255 255 255 255 255 255 255 255 255 255 255 253 250 254 88 175 232 254 255 255 156 118 135 174 195 252 253 255 255 255 253 253 247 249 253 253 251 82 35 3 0 156 168 145 153 156 159 124 110 148 152 160 165 158 152 135 142 136 149 150 141 107 123 51 126 153 143 147 138 146 148 145 132 156 122 16 58 25 13 5 9 11 11 10 16 9 12 16 12 32 12 9 167 255 255 255 251 76 105 156 232 241 235 255 255 252 255 255 255 255 255 255 255 255 255 255 255 255 255 255 255 255 255
255 255 255 255 255 255 255 255 255 255 255 255 255 255 255 255 251 253 255 77 140 223 255 255 255 225 88 99 157 201 250 253 255 253 249 250 250 249 253 253 253 250 102 149 127 114 158 152 142 143 147 154 153 121 156 150 152 149 140 139 142 140 148 146 144 150 146 120 109 145 162 148 136 135 143 138 136 143 152 141 47 89 87 0 11 23 12 6 7 8 14 9 11 14 23 10 0 159 255 237 255 253 148 77 162 232 237 246 253 253 255 255 255 255 255 255 255 255 255 255 255 255 255 255 255 255 255 255
255 255 255 255 255 255 255 255 255 255 255 255 255 255 255 255 253 251 173 255 255 255 255 255 255 253 255 255 134 62 253 249 255 255 255 253 251 251 253 248 248 250 105 179 178 158 132 152 141 137 146 132 151 147 148 145 139 123 146 124 144 145 146 144 152 153 150 77 114 154 145 138 118 129 135 132 127 145 168 114 56 106 84 115 85 2 18 10 34 19 31 12 32 27 2 51 69 75 255 255 255 249 168 81 139 144 233 240 246 255 255 255 255 255 255 255 255 255 255 255 255 255 255 255 255 255 255 255
255 255 255 255 255 255 255 255 255 255 255 255 255 255 255 255 253 144 234 251 255 255 226 255 255 255 224 255 251 103 253 251 255 253 250 252 251 250 252 253 250 248 111 180 158 150 140 130 149 144 135 148 149 156 154 149 135 136 128 134 146 152 138 147 137 155 133 64 128 154 150 127 131 137 135 145 146 151 175 61 85 105 97 95 107 113 17 30 22 27 33 25 27 17 45 111 79 107 253 255 255 221 147 82 124 120 234 243 250 255 255 255 255 255 255 255 255 255 255 255 255 255 255 255 255 255 255 255
255 255 255 255 255 255 255 255 255 255 255 255 255 255 255 255 194 84 255 253 222 255 255 255 225 255 255 255 255 191 158 199 255 254 252 251 251 251 252 252 253 244 69 149 163 146 136 123 149 136 147 133 141 159 161 144 140 112 129 143 147 156 148 146 140 148 108 53 146 162 145 146 151 150 134 146 153 153 123 33 106 96 102 93 113 109 108 46 44 32 22 41 55 61 103 104 91 95 230 255 255 253 124 75 74 123 164 236 250 250 255 255 255 255 255 255 255 255 255 255 255 255 255 255 255 255 255 255
255 255 255 255 255 255 255 255 255 255 255 255 255 255 255 255 108 198 252 255 255 255 219 226 229 255 255 255 255 160 83 85 114 192 253 251 244 251 253 252 251 248 72 121 155 139 129 109 149 149 135 143 135 154 157 149 115 127 127 144 157 159 152 152 135 168 28 59 160 160 157 168 169 175 149 146 147 160 69 61 97 84 105 108 132 134 115 108 113 96 114 117 114 102 93 102 97 114 255 255 230 252 94 80 72 70 145 175 248 251 255 255 255 255 255 255 255 255 255 255 255 255 255 255 255 255 255 255
255 255 255 255 255 255 253 253 253 249 255 255 249 255 108 203 224 191 255 255 199 179 219 227 225 178 216 192 169 253 253 248 248 151 198 255 255 255 252 250 245 248 246 81 122 162 141 133 140 154 127 120 125 117 117 137 146 155 162 162 148 148 144 132 177 96 0 64 175 167 166 150 148 142 142 148 164 154 94 76 96 97 108 133 162 179 166 135 138 112 99 102 86 103 59 153 253 255 255 255 255 254 105 68 61 67 122 141 235 248 255 255 255 255 255 255 255 255 255 255 255 255 255 255 255 255 255 255
255 255 255 255 255 255 253 253 251 253 248 255 254 158 225 250 176 193 255 195 212 255 255 255 255 255 213 220 255 253 245 181 191 212 144 254 255 255 249 251 250 247 251 190 67 141 153 146 149 131 149 136 142 128 144 142 140 139 141 147 159 156 154 162 97 8 12 72 169 163 153 150 143 147 154 166 143 66 104 81 83 84 139 155 175 198 190 175 157 140 117 115 87 115 177 249 254 255 225 255 255 254 93 64 61 71 149 141 237 243 250 255 255 255 255 255 255 255 255 255 255 255 255 255 255 255 255 255
255 255 255 255 255 255 253 253 251 249 255 251 137 101 249 233 158 191 255 255 255 255 255 255 255 248 255 254 252 249 191 57 22 50 64 164 208 255 252 255 255 255 255 255 129 45 166 164 137 147 144 158 154 164 148 149 139 130 136 138 152 153 186 95 4 0 65 80 155 145 145 145 149 151 164 145 81 55 78 101 101 100 130 156 199 215 221 195 181 159 128 131 124 94 251 253 223 254 254 255 251 254 99 68 78 79 116 155 237 248 255 255 255 255 255 255 255 255 255 255 255 255 255 255 255 255 255 255
255 255 255 255 255 255 253 253 253 252 255 139 96 219 255 184 158 222 255 255 248 226 255 254 225 255 255 232 255 253 54 0 0 6 13 47 62 76 162 156 198 220 255 255 255 104 155 177 176 170 160 164 157 146 147 145 145 150 160 159 165 182 96 12 0 36 77 79 150 148 140 146 149 173 132 70 78 101 93 101 83 111 150 184 215 219 232 216 195 198 117 113 112 86 253 253 255 255 255 255 228 255 101 91 59 83 140 234 241 247 255 255 255 255 255 255 255 255 255 255 255 255 255 255 255 255 255 255
255 255 255 255 255 255 253 253 247 251 98 157 251 218 224 181 179 255 255 222 255 255 255 255 255 255 217 252 251 244 31 8 25 35 32 31 35 9 10 16 19 5 30 62 46 70 39 16 56 145 187 160 141 141 138 154 159 170 176 147 102 17 0 37 49 72 48 65 147 151 140 156 127 93 90 94 90 104 103 110 118 130 190 221 223 229 218 198 186 90 214 255 187 110 177 157 177 219 223 255 255 255 215 101 86 81 150 234 238 250 255 255 255 255 255 255 255 255 255 255 255 255 255 255 255 255 255 255
255 255 255 255 255 255 253 253 253 253 107 252 217 200 251 178 172 255 253 250 255 255 225 255 255 255 184 255 231 254 25 0 15 6 5 18 29 34 6 20 1 12 25 12 9 6 20 2 24 35 131 151 166 173 174 158 171 157 100 42 0 0 29 74 66 42 38 110 155 115 135 89 78 97 79 91 85 93 121 125 127 163 166 162 160 118 68 64 40 139 255 193 139 205 216 216 178 135 255 255 255 253 251 123 88 103 167 237 243 250 255 255 255 255 255 255 255 255 255 255 255 255 255 255 255 255 255 255
255 255 255 255 255 255 253 253 248 248 202 253 202 218 255 177 156 255 255 255 230 251 255 255 255 254 199 157 254 255 113 29 12 5 21 16 2 9 5 6 8 3 6 8 12 5 12 22 0 0 17 37 56 89 84 68 82 133 127 113 60 0 23 68 33 50 71 137 186 87 97 89 101 87 110 99 114 119 105 97 106 87 47 43 42 26 32 2 69 255 224 154 216 255 255 255 255 193 224 254 221 255 253 180 92 105 150 241 243 247 255 255 255 255 255 255 255 255 255 255 255 255 255 255 255 255 255 255
255 255 255 255 255 255 253 253 253 175 255 186 214 255 254 181 155 217 252 251 255 252 255 222 253 254 135 71 155 220 255 150 50 68 27 2 0 0 2 2 1 1 7 7 3 9 8 5 1 22 25 16 39 14 38 0 30 91 165 171 150 116 5 67 40 12 117 175 157 58 65 72 93 70 39 46 38 51 27 35 24 36 26 5 30 13 9 29 161 251 227 229 255 255 224 255 255 248 142 255 255 254 224 250 123 88 156 243 243 250 253 255 255 255 255 255 255 255 255 255 255 255 255 255 255 255 255 255
255 255 255 255 255 255 253 253 248 126 195 250 255 253 199 255 214 221 220 255 251 255 255 212 137 71 96 102 89 110 117 111 100 94 90 110 96 108 96 57 38 2 0 0 14 0 13 15 9 15 16 15 16 15 13 9 3 5 0 2 76 168 156 156 124 148 178 119 21 13 15 24 19 35 2 23 14 0 16 13 3 26 30 13 25 13 14 47 199 255 255 255 223 255 255 255 255 252 255 184 221 255 255 209 214 181 134 157 246 250 249 253 255 255 255 255 255 255 255 255 255 255 255 255 255 255 255 255
255 255 255 255 255 255 253 253 253 166 252 254 224 200 255 255 254 255 249 252 231 211 85 88 106 97 95 101 89 104 91 90 108 83 101 81 94 94 107 111 110 121 64 33 7 5 14 17 13 18 10 3 0 3 5 14 23 12 20 14 4 26 193 175 178 161 72 0 4 9 23 21 22 20 10 12 9 9 4 4 14 10 17 13 13 12 8 42 193 255 185 255 255 255 255 221 250 255 255 255 233 255 252 219 165 248 108 162 176 245 250 249 255 255 255 255 255 255 255 255 255 255 255 255 255 255 255 255
255 255 255 255 255 255 253 253 252 216 255 255 221 171 252 255 255 255 255 185 118 89 104 96 91 100 97 84 98 89 107 104 81 96 93 97 98 102 102 106 105 96 111 115 124 94 11 27 7 12 13 8 0 9 9 7 13 29 28 19 21 4 39 115 143 87 0 4 8 10 10 12 15 16 24 13 5 15 2 9 8 14 11 22 16 26 32 30 197 255 199 253 255 250 254 255 255 255 231 255 255 231 255 211 171 216 118 114 153 246 242 248 255 255 255 255 255 255 255 255 255 255 255 255 255 255 255 255
255 255 255 255 255 255 253 253 248 161 251 222 166 202 255 224 252 255 91 94 112 83 102 88 83 86 87 105 99 97 116 113 109 120 106 104 107 108 120 118 115 115 96 94 99 89 14 18 12 7 14 7 17 15 22 5 20 8 14 13 11 20 14 16 2 4 26 8 13 2 9 8 15 14 10 12 19 25 20 8 33 13 26 34 26 30 19 30 134 255 154 195 254 231 255 255 255 255 252 255 255 255 255 225 152 215 191 92 147 164 244 239 255 255 255 255 255 255 255 255 255 255 255 255 255 255 255 255
255 255 255 255 255 255 253 253 253 209 219 178 153 255 251 228 159 98 90 89 93 84 84 92 102 93 111 135 133 140 163 161 163 141 151 162 169 180 166 165 159 127 68 0 0 6 17 19 3 3 14 5 10 7 15 17 2 8 6 1 11 8 20 2 41 15 41 43 54 59 75 98 77 92 103 116 118 118 136 132 115 131 119 107 111 111 121 102 113 107 227 153 132 255 255 255 255 255 255 236 255 255 255 190 154 173 247 246 81 117 241 236 255 255 255 255 255 255 255 255 255 255 255 255 255 255 255 255
255 255 255 255 255 255 253 253 247 253 88 103 157 255 218 155 101 93 104 91 93 99 96 113 107 107 134 135 164 172 199 201 199 190 194 199 189 207 211 197 174 112 20 19 28 41 36 18 41 22 0 0 0 3 0 0 12 16 7 6 1 0 0 16 10 47 102 108 99 96 100 78 101 90 101 108 113 111 109 103 103 100 104 95 105 97 93 101 80 113 150 138 96 179 247 230 255 255 255 255 255 224 255 190 195 251 206 246 186 71 157 237 255 255 255 255 255 255 255 255 255 255 255 255 255 255 255 255
255 255 255 255 255 255 253 253 253 253 196 110 134 196 110 106 97 91 83 90 85 96 110 127 125 145 161 176 188 206 216 218 225 215 209 208 251 255 247 158 85 53 62 50 49 51 41 59 54 53 28 12 0 0 0 3 14 12 21 18 18 6 19 3 37 96 87 97 88 111 90 94 92 83 99 99 99 101 109 110 98 110 98 100 102 95 100 84 98 85 99 85 93 102 255 255 249 231 251 255 255 255 217 194 217 250 174 243 241 103 148 167 255 255 255 255 255 255 255 255 255 255 255 255 255 255 255 255
255 255 255 255 255 255 253 253 252 252 254 218 132 91 89 102 88 95 88 102 106 109 132 151 162 169 192 199 215 220 255 255 255 255 253 251 250 251 162 72 54 61 58 43 32 25 37 35 20 34 35 42 63 52 21 11 12 18 27 24 37 20 13 47 91 71 79 89 102 94 101 103 103 90 89 90 95 100 119 108 115 104 95 113 108 109 109 107 108 109 96 102 102 110 161 214 255 255 255 225 255 255 197 185 253 253 171 204 241 167 136 145 255 255 255 255 255 255 255 255 255 255 255 255 255 255 255 255
255 255 255 255 255 255 255 255 255 255 254 214 197 159 113 101 102 98 111 133 126 163 193 220 222 245 255 255 251 255 255 255 255 255 250 245 250 140 34 25 37 54 55 47 43 43 25 42 40 30 32 32 47 55 43 38 21 22 0 21 43 36 138 83 90 99 99 99 111 113 137 135 134 132 137 154 139 137 149 156 154 156 159 160 159 159 160 162 161 161 153 139 131 114 105 107 99 180 253 244 250 250 178 190 254 255 251 172 180 235 87 123 132 155 236 250 255 255 255 255 253 255 255 255 255 255 253 250
255 255 255 255 255 255 255 255 252 252 251 225 190 167 129 116 111 99 140 158 173 193 221 246 249 255 255 255 254 255 255 253 255 252 250 244 158 45 121 73 44 45 49 45 41 21 121 66 40 39 28 33 42 44 52 39 42 71 2 16 29 36 98 83 96 89 100 113 140 128 157 163 163 173 169 174 157 177 185 178 189 191 193 194 194 193 194 195 193 203 193 178 158 153 132 118 115 112 245 251 251 220 252 196 196 255 255 221 145 239 83 97 119 150 230 250 255 255 255 253 253 255 255 255 255 255 253 251
255 255 255 255 255 255 255 255 255 255 255 255 211 198 155 132 134 133 154 167 194 213 255 255 255 255 252 254 255 255 254 255 255 255 248 185 73 34 236 163 32 52 43 42 38 82 225 195 20 45 47 32 45 48 45 35 42 46 57 9 16 37 90 98 90 100 113 133 151 171 190 192 193 197 194 217 204 217 215 213 213 215 216 217 216 216 216 217 216 212 216 201 197 175 158 133 135 106 174 251 240 253 252 229 178 182 255 249 174 206 88 91 104 146 236 248 253 255 255 255 253 255 255 255 255 255 253 251
255 255 255 255 255 255 255 255 255 252 249 251 218 217 183 161 160 156 182 198 218 254 255 255 255 252 252 255 255 253 254 255 255 255 241 82 33 97 244 216 76 44 40 35 34 162 246 255 123 9 45 41 35 46 50 39 43 52 64 39 0 91 98 90 99 98 137 151 188 189 219 223 217 213 216 254 254 253 252 255 254 255 255 255 255 255 255 255 251 255 255 253 215 200 178 170 161 139 85 215 253 245 255 255 223 186 253 255 254 145 93 90 93 115 237 239 255 255 251 253 253 253 255 255 255 255 253 251
255 255 255 255 255 255 255 255 252 255 255 255 255 251 224 209 214 216 212 254 255 255 255 251 254 255 255 255 255 254 255 255 255 253 106 31 73 169 255 221 100 32 35 25 126 248 242 255 222 18 58 39 33 41 49 44 39 41 47 56 45 34 78 110 114 137 176 197 216 251 255 249 255 255 253 255 255 253 255 252 254 254 255 254 254 254 254 254 255 255 255 247 255 255 250 218 208 194 159 101 134 255 218 255 255 227 210 217 255 217 88 71 65 122 163 248 248 255 255 248 251 253 255 255 255 255 253 251
255 255 255 255 255 255 255 255 254 255 253 249 253 254 251 255 255 250 255 255 255 253 250 255 255 255 255 253 254 255 255 252 255 247 52 55 85 203 250 221 102 31 32 19 138 255 255 255 225 45 69 33 41 38 42 45 42 41 36 41 60 36 86 119 133 129 195 222 255 251 255 255 253 255 255 249 254 252 255 254 255 255 255 255 255 255 255 255 249 255 254 255 247 255 255 254 255 217 200 148 68 183 253 255 255 255 176 255 255 247 81 59 63 94 164 240 253 255 255 251 251 253 255 255 255 255 253 251
255 255 255 255 255 255 255 255 250 255 255 255 255 255 254 255 247 255 255 255 255 249 255 254 255 255 253 252 254 255 255 254 251 242 20 65 87 207 250 174 42 42 38 39 149 255 255 255 222 19 48 37 35 37 50 46 44 30 41 39 37 33 80 124 140 158 224 246 252 255 255 252 253 255 254 255 255 253 255 254 255 255 254 254 254 255 255 254 255 253 255 254 255 252 255 255 255 248 196 204 156 68 255 228 255 253 158 219 220 209 96 72 64 95 168 246 253 255 252 251 251 253 255 255 255 255 253 251
255 255 255 255 255 255 255 255 255 255 251 255 252 255 255 253 255 255 253 255 255 253 255 253 254 255 255 255 255 253 254 255 253 235 9 42 86 194 237 128 45 39 33 38 140 247 237 255 185 18 59 38 31 45 43 46 42 44 34 34 38 52 95 117 154 177 255 255 254 252 255 255 251 255 252 255 254 255 255 253 255 255 255 255 255 255 255 255 252 255 252 251 255 255 252 254 255 255 215 210 180 136 218 251 253 251 151 208 244 87 59 90 65 95 162 244 253 255 251 249 250 251 255 255 255 255 253 251
255 255 255 255 255 255 255 255 255 255 255 255 255 255 255 255 255 255 255 255 255 255 255 255 255 255 255 255 255 255 255 255 255 234 12 53 47 141 91 54 54 35 36 25 71 194 244 217 29 40 44 37 36 42 47 44 45 47 37 39 45 63 98 136 162 193 255 255 252 254 255 252 255 255 255 255 255 255 255 255 255 255 255 255 255 255 255 255 255 255 255 255 255 255 255 255 255 255 255 246 227 190 131 78 104 86 69 74 66 63 54 82 68 121 237 240 255 255 255 251 250 251 255 255 255 255 253 251
255 255 255 255 255 255 255 255 255 255 255 255 255 255 255 255 255 255 255 255 255 255 255 255 255 255 255 255 255 255 255 255 255 239 18 48 55 53 50 58 33 44 39 46 44 96 194 81 37 42 41 34 37 44 47 46 46 51 43 45 42 67 62 142 159 204 251 252 253 255 255 254 255 255 255 255 255 255 255 255 255 255 255 255 255 255 255 255 255 255 255 255 255 255 255 255 255 253 255 255 247 214 161 112 84 90 61 55 55 52 55 50 68 131 166 250 252 248 255 247 250 251 255 255 255 255 253 251
255 255 255 255 255 255 255 255 255 255 255 255 255 255 255 255 255 255 255 255 255 255 255 255 255 255 255 255 255 255 255 255 255 244 25 31 37 25 63 49 46 27 44 36 40 33 77 41 47 43 36 33 37 45 47 47 48 49 50 44 44 67 85 139 157 179 253 255 255 254 252 255 255 255 255 255 255 255 255 255 255 255 255 255 255 255 255 255 255 255 255 255 255 255 255 255 255 255 254 253 253 247 199 139 110 78 56 52 45 55 43 69 69 127 235 251 255 255 255 248 250 251 255 255 255 255 253 251
255 255 255 255 255 255 255 255 255 255 255 255 255 255 255 255 255 255 255 255 255 255 255 255 255 255 255 255 255 255 255 255 255 245 0 39 39 48 45 50 40 52 30 32 33 44 34 69 43 35 31 33 41 45 45 44 50 46 48 40 47 67 87 117 136 163 255 255 253 251 255 255 255 255 255 255 255 255 255 255 255 255 255 255 255 255 255 255 255 255 255 255 255 255 255 255 252 255 255 254 255 250 208 151 128 78 55 66 54 49 67 74 98 127 243 250 255 255 254 251 250 251 255 255 255 255 253 251
255 255 255 255 255 255 255 255 255 255 255 255 255 255 255 255 255 255 255 255 255 255 255 255 255 255 255 255 255 255 255 255 255 246 43 29 42 32 54 29 48 48 36 37 27 34 43 51 40 34 30 35 42 43 43 44 47 44 46 45 42 58 17 72 96 141 209 255 255 254 255 252 255 255 255 255 255 255 255 255 255 255 255 255 255 255 255 255 255 255 255 255 255 255 255 255 255 254 255 255 255 253 248 243 172 142 125 95 90 88 127 120 140 151 239 255 255 255 249 253 251 251 255 255 255 255 253 251
255 255 255 255 255 255 255 255 255 255 255 255 255 255 255 255 255 255 255 255 255 255 255 255 255 255 255 255 255 255 255 255 255 253 62 25 50 41 40 53 49 6 41 42 37 35 50 46 48 40 36 38 42 43 43 45 51 46 37 27 29 61 67 124 51 68 214 248 255 253 255 252 255 255 255 255 255 255 255 255 255 255 255 255 255 255 255 255 255 255 255 255 255 255 255 255 254 253 255 255 255 249 248 244 234 169 141 131 120 148 149 146 159 169 248 246 255 255 255 253 251 251 255 255 255 255 253 250
255 255 255 255 255 255 255 255 255 255 255 255 255 255 255 255 255 255 255 255 255 255 255 255 255 255 255 255 255 255 255 255 254 255 166 38 32 48 39 13 50 49 42 47 37 50 41 27 57 49 41 37 41 42 42 45 37 43 35 29 30 49 87 113 92 72 88 218 252 255 255 254 255 255 255 255 255 255 255 255 255 255 255 255 255 255 255 255 255 255 255 255 255 255 255 255 255 255 255 255 255 255 253 245 240 236 157 158 162 162 165 239 232 235 248 255 255 255 255 250 251 251 255 255 255 255 253 250
255 255 255 255 255 255 255 255 255 255 255 255 255 255 255 255 255 255 255 255 255 255 255 255 255 255 255 255 255 255 255 255 248 247 253 70 24 54 44 44 32 41 47 15 55 50 40 32 59 50 41 39 42 43 42 43 45 46 25 20 22 53 64 127 115 123 69 70 186 255 250 255 255 255 255 255 255 255 255 255 255 255 255 255 255 255 255 255 255 255 255 255 255 255 255 255 255 251 255 255 255 255 252 248 243 229 236 234 233 237 241 240 233 237 250 255 255 255 255 254 251 251 255 255 255 255 253 250
255 255 255 255 255 255 255 255 255 255 255 255 255 255 255 255 255 255 255 255 255 255 255 255 255 255 255 255 255 255 255 255 251 251 255 163 16 9 55 43 50 59 51 32 26 30 39 62 60 49 48 50 37 41 40 38 41 49 50 49 58 58 57 24 84 125 167 171 114 46 254 255 255 250 254 252 253 251 255 252 255 255 255 255 255 255 255 255 255 255 255 255 255 255 255 255 255 255 255 255 255 255 255 255 255 255 255 255 255 255 255 255 255 255 255 255 255 255 255 255 255 255 255 255 255 255 255 255
255 255 255 255 255 255 255 255 255 255 255 255 255 255 255 255 255 255 255 255 255 255 255 255 255 255 255 255 255 255 255 255 242 253 255 154 44 2 36 46 51 50 38 36 24 25 52 52 45 40 51 43 43 44 40 41 41 37 34 37 39 45 38 18 58 114 165 195 187 134 145 255 255 255 255 253 249 255 255 255 255 255 255 255 255 255 255 255 255 255 255 255 255 255 255 255 255 255 255 255 255 255 255 255 255 255 255 255 255 255 255 255 255 255 255 255 255 255 255 255 255 255 255 255 255 255 255 255
255 255 255 255 255 255 255 255 255 255 255 255 255 255 255 255 255 255 255 255 255 255 255 255 255 255 255 255 255 255 255 255 246 251 255 168 48 40 20 34 40 47 44 38 28 34 57 62 45 51 17 46 46 44 41 42 41 38 36 39 21 21 22 39 61 62 152 160 191 195 66 113 255 252 246 253 254 252 251 255 255 255 255 255 255 255 255 255 255 255 255 255 255 255 255 255 255 255 255 255 255 255 255 255 255 255 255 255 255 255 255 255 255 255 255 255 255 255 255 255 255 255 255 255 255 255 255 255
255 255 255 255 255 255 255 255 255 255 255 255 255 255 255 255 255 255 255 255 255 255 255 255 255 255 255 255 255 255 255 255 253 255 255 186 35 53 23 42 46 52 48 23 33 57 59 85 64 56 11 4 39 38 49 41 49 61 57 50 55 61 38 35 90 42 134 168 187 196 194 64 90 255 253 251 255 255 255 255 255 255 255 255 255 255 255 255 255 255 255 255 255 255 255 255 255 255 255 255 255 255 255 255 255 255 255 255 255 255 255 255 255 255 255 255 255 255 255 255 255 255 255 255 255 255 255 255
255 255 255 255 255 255 255 255 255 255 255 255 255 255 255 255 255 255 255 255 255 255 255 255 255 255 255 255 255 255 255 255 255 255 255 190 52 45 40 40 45 52 46 19 26 32 1 0 17 32 36 0 3 40 14 16 25 19 8 0 16 10 7 39 52 80 33 98 167 185 195 218 186 66 249 253 250 252 255 255 255 255 255 255 255 255 255 255 255 255 255 255 255 255 255 255 255 255 255 255 255 255 255 255 255 255 255 255 255 255 255 255 255 255 255 255 255 255 255 255 255 255 255 255 255 255 255 255
255 255 255 255 255 255 255 255 255 255 255 255 255 255 255 255 255 255 255 255 255 255 255 255 255 255 255 255 255 255 255 255 253 255 255 183 26 35 43 32 37 45 34 34 32 46 54 10 88 90 54 20 0 38 5 7 43 56 38 0 0 12 16 10 12 25 33 22 125 191 188 195 196 190 87 213 255 255 255 248 255 255 255 255 255 255 255 255 255 255 255 255 255 255 255 255 255 255 255 255 255 255 255 255 255 255 255 255 255 255 255 255 255 255 255 255 255 255 255 255 255 255 255 255 255 255 255 255
255 255 255 255 255 255 255 255 255 255 255 255 255 255 255 255 255 255 255 255 255 255 255 255 255 255 255 255 255 255 255 255 250 253 251 197 27 24 34 44 36 47 38 44 30 32 51 5 107 109 90 75 51 7 43 51 47 57 59 29 0 7 48 58 0 0 0 0 130 196 214 214 213 189 90 106 214 253 255 255 255 255 255 255 255 255 255 255 255 255 255 255 255 255 255 255 255 255 255 255 255 255 255 255 255 255 255 255 255 255 255 255 255 255 255 255 255 255 255 255 255 255 255 255 255 255 255 255
255 255 255 255 255 255 255 255 255 255 255 255 255 255 255 255 255 255 255 255 255 255 255 255 255 255 255 255 255 255 255 255 255 255 255 250 152 65 51 56 59 62 52 49 47 51 57 32 121 106 97 108 99 37 72 62 45 27 40 50 0 0 31 28 14 19 23 0 88 173 213 222 217 217 155 83 139 213 251 255 255 255 255 255 255 255 255 255 255 255 255 255 255 255 255 255 255 255 255 255 255 255 255 255 255 255 255 255 255 255 255 255 255 255 255 255 255 255 255 255 255 255 255 255 255 255 255 255
255 255 255 255 255 255 255 255 255 255 255 255 255 255 255 255 255 255 255 255 255 255 255 255 252 255 255 252 255 251 255 253 255 255 255 255 255 244 152 76 41 12 48 53 55 43 49 53 112 100 108 134 121 115 60 38 39 10 6 38 55 61 0 24 26 10 24 28 11 49 207 216 219 251 220 208 168 81 253 251 255 255 252 255 254 255 253 255 255 255 255 255 255 255 255 255 255 255 255 255 255 255 255 255 255 255 255 255 255 255 255 255 255 255 255 255 255 255 255 255 255 255 255 255 255 255 255 255
255 255 255 255 255 255 255 255 255 255 255 255 255 255 255 255 255 255 255 255 255 255 255 255 255 254 254 251 255 255 255 255 255 255 255 255 255 255 201 156 136 29 25 0 23 27 57 103 77 99 117 144 149 148 104 98 61 42 22 22 46 39 0 0 29 8 18 38 36 18 165 203 225 255 204 213 217 169 143 251 253 242 255 255 249 255 254 255 255 255 255 255 255 255 255 255 255 255 255 255 255 255 255 255 255 255 255 255 255 255 255 255 255 255 255 255 255 255 255 255 255 255 255 255 255 255 255 255
255 255 255 255 255 255 255 255 255 255 255 255 255 255 255 255 255 255 255 255 255 255 255 255 255 250 255 255 254 255 253 255 246 253 255 255 255 251 196 160 136 71 25 27 24 22 39 111 89 98 128 140 162 160 164 125 107 97 91 94 87 75 53 17 13 42 28 37 17 42 112 202 214 255 253 248 217 211 98 145 255 255 246 255 253 253 255 252 255 255 255 255 255 255 255 255 255 255 255 255 255 255 255 255 255 255 255 255 255 255 255 255 255 255 255 255 255 255 255 255 255 255 255 255 255 255 255 255
255 255 255 255 255 255 255 255 255 255 255 255 255 255 255 255 255 255 255 255 255 255 255 255 255 252 255 253 252 249 255 255 237 237 234 243 244 246 182 179 157 118 5 23 24 31 0 107 76 85 132 159 179 197 171 165 141 115 93 102 82 98 110 93 18 12 21 31 46 33 25 147 202 252 253 251 207 214 154 106 150 255 255 255 255 253 255 252 255 255 255 255 255 255 255 255 255 255 255 255 255 255 255 255 255 255 255 255 255 255 255 255 255 255 255 255 255 255 255 255 255 255 255 255 255 255 255 255
255 255 255 255 255 255 255 255 255 255 255 255 255 255 255 255 255 255 255 255 255 255 255 255 254 253 254 255 255 253 255 255 236 241 243 242 246 250 251 207 196 180 28 29 22 33 32 17 108 85 149 176 220 239 221 204 174 149 111 109 113 120 104 105 127 47 33 34 32 39 37 19 64 177 250 253 252 253 215 211 171 86 255 253 255 255 255 254 255 255 255 255 255 255 255 255 255 255 255 255 255 255 255 255 255 255 255 255 255 255 255 255 255 255 255 255 255 255 255 255 255 255 255 255 255 255 255 255
255 255 255 255 255 255 255 255 255 255 255 255 255 255 255 255 255 255 255 255 255 255 255 255 254 255 255 249 254 246 253 253 255 249 255 255 255 255 255 255 217 199 46 15 40 40 25 36 34 136 163 204 225 224 221 215 193 169 142 124 129 133 117 115 107 112 11 32 33 33 30 22 10 103 216 254 255 252 255 225 210 204 137 196 255 255 250 255 255 255 255 255 255 255 255 255 255 255 255 255 255 255 255 255 255 255 255 255 255 255 255 255 255 255 255 255 255 255 255 255 255 255 255 255 255 255 255 255
255 255 255 255 255 255 255 255 255 255 255 255 255 255 255 255 255 255 255 255 255 255 255 255 253 255 255 249 255 255 250 255 255 255 255 255 255 255 255 255 253 249 102 30 29 38 34 33 17 118 164 196 220 224 255 228 218 197 179 169 149 148 135 125 128 141 20 0 30 31 31 34 36 20 219 255 252 255 255 255 220 210 107 119 173 254 255 255 255 255 255 255 255 255 255 255 255 255 255 255 255 255 255 255 255 255 255 255 255 255 255 255 255 255 255 255 255 255 255 255 255 255 255 255 255 255 255 255
255 255 255 255 255 255 255 255 255 255 255 255 255 255 255 255 255 255 255 255 255 255 255 255 255 255 255 255 254 253 154 131 153 111 187 217 255 255 253 249 245 243 165 38 5 25 20 24 38 63 166 201 226 255 253 255 230 228 195 209 191 191 162 165 152 149 106 24 22 32 24 30 23 33 154 217 255 255 255 255 254 219 217 154 90 134 255 252 255 255 255 255 255 255 255 255 255 255 255 255 255 255 255 255 255 255 255 255 255 255 255 255 255 255 255 255 255 255 255 255 255 255 255 255 255 255 255 255
255 255 255 255 255 255 255 255 255 255 255 255 255 255 255 255 255 248 241 251 255 255 244 237 247 255 211 89 0 0 25 6 29 37 24 12 11 15 82 187 252 235 29 54 20 29 5 0 23 0 17 50 159 239 255 213 255 255 255 248 246 226 240 243 230 221 175 134 62 16 22 39 52 48 35 110 207 255 250 223 255 250 202 202 219 230 146 150 171 244 255 255 255 255 255 255 254 255 255 255 253 255 255 254 255 255 255 255 255 255 255 255 255 255 255 255 255 255 255 255 255 255 255 255 255 255 255 255
255 255 255 255 255 255 255 255 255 255 255 255 255 255 255 255 243 241 248 255 255 255 251 246 253 253 69 40 78 60 44 44 33 37 41 58 80 67 41 53 80 55 41 98 72 52 61 8 75 22 98 129 40 115 247 253 255 223 253 248 249 255 255 255 255 232 215 188 157 61 40 52 54 42 28 13 130 203 250 253 255 255 255 223 216 220 223 164 118 121 240 255 255 253 253 255 255 215 253 255 255 251 255 252 255 255 255 255 255 255 255 255 255 255 255 255 255 255 255 255 255 255 255 255 255 255 255 255
255 255 255 255 255 255 255 255 255 255 255 255 255 255 255 255 234 241 255 255 255 255 253 255 255 232 36 80 40 49 64 72 29 16 33 64 56 20 20 84 117 0 16 42 54 55 68 33 81 39 31 132 101 13 241 255 255 248 236 246 225 255 252 232 255 255 238 199 112 28 32 46 51 33 19 28 39 65 160 255 251 255 255 255 239 203 251 250 206 145 127 140 209 234 243 188 160 156 255 255 255 255 251 255 255 255 255 255 255 255 255 255 255 255 255 255 255 255 255 255 255 255 255 255 255 255 255 255
255 255 255 255 255 255 255 255 255 255 255 255 255 255 255 255 250 250 255 255 255 246 243 255 255 126 84 26 20 36 55 45 39 19 24 41 38 16 5 25 68 1 50 37 65 21 0 0 26 0 0 58 79 63 210 255 255 244 251 255 255 245 255 255 255 240 229 65 45 74 0 12 21 16 18 43 25 63 72 25 158 230 241 254 255 213 206 250 255 255 203 134 122 127 151 148 198 255 255 245 255 250 249 255 255 255 255 255 255 255 255 255 255 255 255 255 255 255 255 255 255 255 255 255 255 255 255 255
255 255 255 255 255 255 255 255 255 255 255 255 255 255 255 255 255 255 255 255 251 232 234 255 211 58 62 3 17 47 41 12 15 27 28 18 22 36 36 21 24 58 30 100 54 35 59 110 111 62 26 17 74 44 136 239 212 255 218 255 251 239 228 255 239 255 133 48 63 43 65 43 0 0 10 36 43 0 116 45 79 75 224 254 255 255 235 212 255 255 255 255 248 255 253 255 253 253 255 255 251 255 255 250 255 255 255 255 255 255 255 255 255 255 255 255 255 255 255 255 255 255 255 255 255 255 255 255
255 255 255 255 255 255 255 255 255 255 255 255 255 255 255 255 255 255 255 255 253 237 237 255 157 28 57 3 20 60 33 0 7 29 32 20 19 36 48 36 9 47 31 58 71 10 4 27 27 6 10 39 61 40 77 145 227 249 255 241 248 255 255 255 204 255 195 93 80 33 24 51 96 60 25 57 45 40 29 7 145 41 248 255 255 255 248 253 255 255 255 255 255 255 255 255 255 255 252 255 255 246 255 255 255 255 255 255 255 255 255 255 255 255 255 255 255 255 255 255 255 255 255 255 255 255 255 255
255 255 255 255 255 255 255 255 255 255 255 255 255 255 255 255 255 255 255 255 255 250 246 251 92 60 67 14 17 26 29 14 5 32 41 23 13 27 38 27 16 30 41 62 83 37 25 8 0 27 44 59 43 61 81 47 168 233 255 232 246 233 255 255 251 255 255 98 75 75 24 11 37 58 66 63 58 48 17 0 137 48 221 255 255 255 255 255 248 235 237 246 255 255 252 249 255 247 255 251 255 255 255 253 255 255 255 255 255 255 255 255 255 255 255 255 255 255 255 255 255 255 255 255 255 255 255 255
255 255 255 255 255 255 255 255 255 255 255 255 255 255 255 255 255 255 255 255 255 251 246 251 110 71 86 20 3 21 26 28 10 26 48 46 26 18 24 23 18 12 36 62 69 67 55 20 24 34 45 45 60 65 71 35 40 170 213 239 248 255 255 255 255 240 79 30 21 29 44 21 21 29 16 8 11 20 49 54 46 0 56 170 255 255 255 252 240 236 237 248 251 251 248 239 255 255 252 255 255 252 255 254 255 255 255 255 255 255 255 255 255 255 255 255 255 255 255 255 255 255 255 255 255 255 255 255
255 255 255 255 255 255 255 255 255 255 255 255 255 255 255 255 255 251 248 255 255 246 241 255 181 63 92 7 5 23 37 19 20 35 51 51 42 33 29 26 17 10 15 36 56 59 49 35 35 37 53 59 56 24 10 45 38 44 216 225 233 255 248 150 38 52 78 72 86 93 59 56 43 39 35 30 26 48 7 25 44 53 53 35 34 173 255 244 251 255 255 250 253 255 246 233 255 255 255 255 255 255 255 255 255 255 255 255 255 255 255 255 255 255 255 255 255 255 255 255 255 255 255 255 255 255 255 255
255 255 255 255 255 255 255 255 255 255 255 255 255 255 255 255 255 244 237 255 255 246 239 255 250 34 86 0 3 36 31 12 26 35 43 45 43 42 36 28 22 22 24 22 13 12 22 35 32 28 13 18 23 22 16 25 71 0 186 248 245 255 73 43 44 41 28 0 16 55 53 53 46 39 53 105 118 111 77 92 48 0 6 48 63 46 241 243 255 255 255 255 255 255 251 239 255 255 255 255 255 255 255 255 255 255 255 255 255 255 255 255 255 255 255 255 255 255 255 255 255 255 255 255 255 255 255 255
255 255 255 255 255 255 255 255 255 255 255 255 255 255 255 255 255 236 234 255 255 255 246 255 255 93 78 4 13 53 60 0 20 26 33 36 36 31 26 28 33 38 35 22 8 6 15 26 35 15 20 17 29 27 27 48 88 15 151 225 255 182 51 64 25 34 35 23 28 41 43 47 16 23 25 62 83 89 75 52 30 29 5 21 58 45 180 255 254 244 248 255 255 255 247 251 255 255 255 255 255 255 255 255 255 255 255 255 255 255 255 255 255 255 255 255 255 255 255 255 255 255 255 255 255 255 255 255
255 255 255 255 255 255 255 255 255 255 255 255 255 255 255 255 248 237 243 255 255 255 253 255 255 144 95 59 42 37 28 25 12 19 28 33 29 20 19 26 35 38 36 31 29 28 26 22 35 36 29 30 43 31 33 43 88 37 129 207 208 22 95 32 9 43 71 80 73 61 57 59 69 65 67 80 44 0 7 29 42 66 70 13 7 69 65 255 250 218 235 255 255 249 248 254 255 255 255 255 255 255 255 255 255 255 255 255 255 255 255 255 255 255 255 255 255 255 255 255 255 255 255 255 255 255 255 255
255 255 255 255 255 255 255 255 255 255 255 255 255 255 255 255 251 251 255 255 255 255 250 243 244 246 40 51 80 32 34 37 6 19 31 33 28 28 31 29 26 26 35 42 42 36 29 26 40 29 37 47 28 21 12 47 86 9 131 131 12 100 58 10 16 43 53 49 42 43 46 35 27 33 53 60 46 30 36 28 27 76 64 21 0 63 69 62 214 230 243 255 255 244 247 255 255 255 255 255 255 255 255 255 255 255 255 255 255 255 255 255 255 255 255 255 255 255 255 255 255 255 255 255 255 255 255 255
255 255 255 255 255 255 255 255 255 255 255 255 255 255 255 255 255 255 255 251 250 250 246 239 238 255 171 49 50 68 34 32 13 28 36 31 28 38 47 36 19 17 33 45 38 24 24 33 26 30 39 25 28 20 27 57 15 71 133 100 9 53 28 38 41 31 17 9 10 17 29 24 27 17 21 12 7 21 41 53 51 39 37 15 17 57 91 15 147 217 255 249 236 237 255 255 255 255 255 255 255 255 255 255 255 255 255 255 255 255 255 255 255 255 255 255 255 255 255 255 255 255 255 255 255 255 255 255
255 255 255 255 255 255 255 255 255 255 255 255 255 255 255 255 255 255 250 246 251 253 253 255 255 255 223 151 35 55 66 12 26 35 36 28 22 31 43 40 26 20 28 36 31 22 26 35 16 31 38 21 6 37 84 21 23 124 131 47 61 9 3 49 35 17 11 21 24 20 17 25 25 25 19 19 18 28 40 43 43 20 4 10 43 47 69 48 88 218 255 241 230 244 255 255 255 255 255 255 255 255 255 255 255 255 255 255 255 255 255 255 255 255 255 255 255 255 255 255 255 255 255 255 255 255 255 255
255 255 255 255 255 255 255 255 255 255 255 255 255 255 255 255 255 253 237 246 255 255 255 255 255 251 227 179 171 42 66 0 36 38 35 24 15 17 29 38 38 29 22 22 28 33 35 35 0 39 55 18 4 57 0 53 116 116 146 46 62 0 4 46 18 22 45 57 52 39 20 22 42 51 32 34 35 41 30 11 28 8 0 16 42 33 47 68 32 176 238 232 222 248 255 255 255 255 255 255 255 255 255 255 255 255 255 255 255 255 255 255 255 255 255 255 255 255 255 255 255 255 255 255 255 255 255 255
255 255 255 255 255 255 255 255 255 255 255 255 255 255 255 255 255 255 255 255 255 255 255 255 255 253 253 216 199 174 111 63 39 74 109 91 44 11 0 0 2 0 9 13 10 13 5 0 86 81 92 92 88 94 104 68 89 126 138 37 71 31 13 24 43 44 42 38 36 32 28 30 29 29 29 29 29 29 29 29 27 37 44 39 9 4 21 105 61 131 197 193 236 255 255 253 255 255 255 255 255 255 255 255 255 255 255 255 255 255 255 255 255 255 255 255 255 255 255 255 255 255 255 255 255 255 255 255
255 255 255 255 255 255 255 255 255 255 255 255 255 255 255 255 255 255 255 255 255 255 255 255 249 255 252 255 216 202 139 106 105 33 24 70 66 69 79 66 59 59 67 74 86 83 54 38 70 38 2 47 83 107 86 71 88 115 125 5 75 38 33 45 31 27 23 20 24 30 31 28 31 35 36 36 35 33 31 29 45 18 3 23 36 6 6 68 62 134 167 174 216 255 255 243 255 255 255 255 255 255 255 255 255 255 255 255 255 255 255 255 255 255 255 255 255 255 255 255 255 255 255 255 255 255 255 255
255 255 255 255 255 255 255 255 255 255 255 255 255 255 255 255 255 255 255 255 255 255 255 255 255 255 252 255 215 217 150 144 113 105 76 66 42 38 58 69 64 59 53 57 74 66 45 54 85 79 84 54 78 70 90 73 107 106 101 20 23 67 48 33 23 20 24 27 24 20 24 29 31 33 33 31 29 28 26 24 53 15 6 28 40 20 14 47 23 126 164 188 214 255 255 237 255 255 255 255 255 255 255 255 255 255 255 255 255 255 255 255 255 255 255 255 255 255 255 255 255 255 255 255 255 255 255 255
255 255 255 255 255 255 255 255 255 255 255 255 255 255 255 255 255 255 255 255 255 255 255 255 255 254 255 252 255 213 193 159 123 132 119 120 112 114 100 85 61 59 55 58 79 93 107 131 113 121 80 76 71 87 78 104 109 112 146 120 0 106 46 9 23 18 25 36 40 43 44 40 28 20 17 13 15 17 20 22 43 38 37 36 31 19 58 94 41 117 153 178 190 254 255 254 255 255 255 255 255 255 255 255 255 255 255 255 255 255 255 255 255 255 255 255 255 255 255 255 255 255 255 255 255 255 255 255
255 255 255 255 255 255 255 255 255 255 255 255 255 255 255 255 255 255 255 255 255 255 255 255 255 252 255 255 251 255 220 216 189 170 139 132 125 126 105 109 88 88 82 76 85 105 116 112 111 89 85 96 93 102 123 136 137 162 208 204 136 0 66 14 15 23 31 34 36 41 36 25 22 15 12 12 15 20 26 28 27 51 70 28 0 37 62 21 114 111 135 159 172 198 244 255 255 255 255 255 255 255 255 255 255 255 255 255 255 255 255 255 255 255 255 255 255 255 255 255 255 255 255 255 255 255 255 255
255 255 255 255 255 255 255 255 255 255 255 255 255 255 255 255 255 255 255 255 255 255 255 255 254 255 252 249 255 248 255 251 211 188 159 149 133 132 101 109 109 97 92 100 95 92 95 84 95 110 113 116 119 140 146 163 160 177 217 221 255 75 74 81 26 24 17 17 17 14 13 21 19 24 28 31 35 36 36 38 3 29 23 0 8 75 13 93 112 91 132 161 185 190 243 255 255 255 255 255 255 255 255 255 255 255 255 255 255 255 255 255 255 255 255 255 255 255 255 255 255 255 255 255 255 255 255 255
255 255 255 255 255 255 255 255 255 255 255 255 255 255 255 255 255 255 255 255 255 255 255 255 254 254 255 255 255 255 253 255 255 219 197 201 157 150 134 128 131 114 108 116 107 93 100 95 119 124 137 134 118 135 171 209 200 205 239 250 255 192 32 79 51 50 32 15 12 1 0 10 20 31 42 47 47 43 40 38 21 2 0 10 59 104 45 116 81 78 127 157 195 210 244 242 255 255 255 255 255 255 255 255 255 255 255 255 255 255 255 255 255 255 255 255 255 255 255 255 255 255 255 255 255 255 255 255
255 255 255 255 255 255 255 255 255 255 255 255 255 255 255 255 255 255 255 255 255 255 255 255 255 255 250 255 255 251 255 255 255 255 226 218 203 198 170 162 157 153 137 131 132 140 149 132 166 166 175 151 164 163 188 221 219 243 237 243 251 230 140 65 0 59 102 83 65 52 38 36 33 35 36 38 38 36 35 35 37 38 62 86 87 0 82 87 101 91 124 163 204 224 246 230 255 255 255 255 255 255 255 255 255 255 255 255 255 255 255 255 255 255 255 255 255 255 255 255 255 255 255 255 255 255 255 255
255 255 255 255 255 255 255 255 255 255 255 255 255 255 255 255 255 255 255 255 255 255 255 255 255 255 255 255 255 255 255 255 255 255 255 255 255 247 226 210 220 208 198 217 191 200 205 223 206 214 222 231 242 246 248 255 255 255 255 254 255 255 191 153 109 76 27 0 15 53 109 96 70 54 46 35 41 44 53 53 79 103 0 50 67 81 86 98 95 108 132 173 200 255 250 244 255 255 255 255 255 255 255 255 255 255 255 255 255 255 255 255 255 255 255 255 255 255 255 255 255 255 255 255 255 255 255 255
255 255 255 255 255 255 255 255 255 255 255 255 255 255 255 255 255 255 255 255 255 255 255 255 255 255 255 255 255 255 255 255 255 253 249 250 248 246 248 248 249 255 255 255 233 255 255 252 231 244 255 255 255 255 251 254 255 255 255 255 255 253 195 163 170 153 123 117 68 22 10 11 15 32 36 70 62 75 26 0 0 11 149 145 102 76 88 102 102 111 157 201 222 249 255 255 255 255 255 255 255 255 255 255 255 255 255 255 255 255 255 255 255 255 255 255 255 255 255 255 255 255 255 255 255 255 255 255
255 255 255 255 255 255 255 255 255 255 255 255 255 255 255 255 255 255 255 255 255 255 255 255 255 255 255 255 255 255 255 255 255 253 249 244 242 242 247 251 255 255 255 255 248 255 251 247 242 248 255 255 255 255 255 255 255 255 255 255 255 248 207 174 191 171 122 117 105 105 86 67 46 28 26 5 9 0 36 61 73 115 97 107 95 83 78 98 110 131 177 192 218 250 255 255 255 255 255 255 255 255 255 255 255 255 255 255 255 255 255 255 255 255 255 255 255 255 255 255 255 255 255 255 255 255 255 255
255 255 255 255 255 255 255 255 255 255 255 255 255 255 255 255 255 255 255 255 255 255 255 255 255 255 255 255 255 255 255 255 255 255 255 251 251 250 254 255 255 255 255 255 255 250 248 244 255 253 249 246 250 255 255 255 253 249 248 251 253 255 250 226 188 171 129 99 94 87 92 93 109 107 111 103 115 107 108 97 106 93 80 63 71 76 85 106 124 136 182 213 254 255 255 255 255 255 255 255 255 255 255 255 255 255 255 255 255 255 255 255 255 255 255 255 255 255 255 255 255 255 255 255 255 255 255 255
255 255 255 255 255 255 255 255 255 255 255 255 255 255 255 255 255 255 255 255 255 255 255 255 255 255 255 255 255 255 255 255 255 255 255 255 255 255 255 255 255 255 255 252 251 246 246 244 255 251 248 245 248 253 255 255 252 246 243 244 250 255 255 255 250 247 245 239 244 247 253 255 255 255 255 255 255 255 255 255 255 255 242 240 237 239 246 255 255 252 246 246 255 255 255 252 255 255 255 255 255 255 255 255 255 255 255 255 255 255 255 255 255 255 255 255 255 255 255 255 255 255 255 255 255 255 255 255
255 255 255 255 255 255 255 255 255 255 255 255 255 255 255 255 255 255 255 255 255 255 255 255 255 255 255 255 255 255 255 255 250 251 254 255 255 255 255 255 253 248 246 243 246 248 250 251 239 249 254 255 253 252 255 255 255 250 244 243 253 255 255 255 249 255 255 255 255 255 255 255 255 248 249 248 248 239 243 244 248 255 255 255 244 239 253 255 255 255 250 249 252 255 253 244 255 255 255 255 255 255 255 255 255 255 255 255 255 255 255 255 255 255 255 255 255 255 255 255 255 255 255 255 255 255 255 255
255 255 255 255 255 255 255 255 255 255 255 255 255 255 255 255 255 255 255 255 255 255 255 255 255 255 255 255 255 255 255 255 246 250 255 255 255 255 255 251 250 246 243 248 250 253 254 255 246 255 255 255 255 247 248 255 255 253 248 245 253 255 255 255 255 255 255 255 255 255 255 255 247 248 244 241 241 246 248 245 234 255 255 255 244 245 255 255 255 250 253 255 255 245 246 250 255 255 255 255 255 255 255 255 255 255 255 255 255 255 255 255 255 255 255 255 255 255 255 255 255 255 255 255 255 255 255 255
255 255 255 255 255 255 255 255 255 255 255 255 255 255 255 255 255 255 255 255 255 255 255 255 255 255 255 255 255 255 255 255 255 255 255 253 251 249 250 250 248 250 253 255 255 255 255 255 255 255 255 255 253 239 242 255 255 255 248 238 248 252 253 255 249 250 253 253 247 250 251 250 253 253 253 255 255 255 255 255 236 248 255 251 246 255 255 255 245 242 255 255 255 243 248 253 255 255 255 255 255 255 255 255 255 255 255 255 255 255 255 255 255 255 255 255 255 255 255 255 255 255 255 255 255 255 255 255
