255 255 255 255 255 255 255 255 255 255 255 255 255 255 255 255 255 255 255 255 255 255 255 255 255 255 255 255 255 255 255 255 255 255 255 255 255 255 255 255 255 255 255 255 255 255 255 255 255 255 255 255 255 255 255 255 255 255 255 255 255 255 255 255 252 255 255 250 255 255 248 255 255 252 255 254 253 255 255 255 255 255 255 255 255 255 255 255 255 255 255 255 255 255 255 255 255 255 255 255 255 255 255 255 255 255 255 255 255 255 255 255 255 255 255 255 255 255 255 255 255 255 255 255 255 255 255 255 
255 255 255 255 255 255 255 255 255 255 255 255 255 255 255 255 255 255 255 255 255 255 255 255 255 255 255 255 255 255 255 255 255 255 255 255 255 255 255 255 255 255 255 255 255 255 255 255 255 255 255 255 255 255 255 255 255 255 255 255 255 255 255 255 255 255 250 255 248 254 255 255 255 255 249 255 255 255 253 253 255 255 255 255 255 255 255 255 255 255 255 255 255 255 255 255 255 255 255 255 255 255 255 255 255 255 255 255 255 255 255 255 255 255 255 255 255 255 255 255 255 255 255 255 255 255 255 255 
255 255 255 255 255 255 255 255 255 255 255 255 255 255 255 255 255 255 255 255 255 255 255 255 255 255 255 255 255 255 255 255 255 255 255 255 255 255 255 255 255 255 255 255 255 255 255 255 255 255 255 255 255 255 255 255 255 255 255 255 255 255 255 255 255 255 255 249 255 255 247 255 254 255 253 255 251 254 255 255 255 255 255 255 255 255 255 255 255 255 255 255 255 255 255 255 255 255 255 255 255 255 255 255 255 255 255 255 255 255 255 255 255 255 255 255 255 255 255 255 255 255 255 255 255 255 255 255 
255 255 255 255 255 255 255 255 255 255 255 255 255 255 255 255 255 255 255 255 255 255 255 255 255 255 255 255 255 255 255 255 255 255 255 255 255 255 255 255 255 255 255 255 255 255 255 255 255 255 255 255 255 255 255 255 255 255 255 255 255 255 255 255 255 248 255 255 253 255 254 255 255 251 254 255 255 255 255 252 255 255 255 255 255 255 255 255 255 255 255 255 255 255 255 255 255 255 255 255 255 255 255 255 255 255 255 255 255 255 255 255 255 255 255 255 255 255 255 255 255 255 255 255 255 255 255 255 
255 255 255 255 255 255 255 255 255 255 255 255 255 255 255 255 255 255 255 255 255 255 255 255 255 255 255 255 255 255 255 255 255 255 255 255 255 255 255 255 255 255 255 255 255 255 255 255 255 255 255 255 255 255 255 255 255 255 255 255 255 255 255 255 255 249 255 250 255 255 255 254 255 253 255 255 249 255 254 255 255 255 255 255 255 255 255 255 255 255 255 255 255 255 255 255 255 255 255 255 255 255 255 255 255 255 255 255 255 255 255 255 255 255 255 255 255 255 255 255 255 255 255 255 255 255 255 255 
255 255 255 255 255 255 255 255 255 255 255 255 255 255 255 255 255 255 255 255 255 255 255 255 255 255 255 255 255 255 255 255 255 255 255 255 255 255 255 255 255 255 255 255 255 255 255 255 255 255 255 255 255 255 255 255 255 255 255 255 255 255 255 255 255 255 255 255 250 255 165 163 136 131 176 249 255 255 249 255 255 255 255 255 255 255 255 255 255 255 255 255 255 255 255 255 255 255 255 255 255 255 255 255 255 255 255 255 255 255 255 255 255 255 255 255 255 255 255 255 255 255 255 255 255 255 255 255 
255 255 255 255 255 255 255 255 255 255 255 255 255 255 255 255 255 255 255 255 255 255 255 255 255 255 255 255 255 255 255 255 255 255 255 255 255 255 255 255 255 255 255 255 255 255 255 255 255 255 255 255 255 255 255 255 255 255 255 255 255 255 255 255 251 253 255 191 134 70 27 10 10 14 23 48 84 170 255 255 255 255 255 255 255 255 255 255 255 255 255 255 255 255 255 255 255 255 255 255 255 255 255 255 255 255 255 255 255 255 255 255 255 255 255 255 255 255 255 255 255 255 255 255 255 255 255 255 
255 255 255 255 255 255 255 255 255 255 255 255 255 255 255 255 255 255 255 255 255 255 255 255 255 255 255 255 255 255 255 255 255 255 255 255 255 255 255 255 255 255 255 255 255 255 255 255 255 255 255 255 255 255 255 255 255 255 255 255 255 255 255 255 255 254 84 48 10 7 30 25 25 24 30 11 0 28 195 254 255 255 255 255 255 255 255 255 255 255 255 255 255 255 255 255 255 255 255 255 255 255 255 255 255 255 255 255 255 255 255 255 255 255 255 255 255 255 255 255 255 255 255 255 255 255 255 255 
255 255 255 255 255 255 255 255 255 255 255 255 255 255 255 255 255 255 255 255 255 255 255 255 255 255 255 255 255 255 255 255 255 255 255 255 255 255 255 255 255 255 255 255 255 255 255 255 255 255 255 255 255 255 255 255 253 255 254 252 255 255 250 255 138 29 26 23 30 23 27 31 12 26 24 27 30 23 12 43 163 255 251 255 255 253 255 250 255 255 255 255 255 255 255 255 255 255 255 255 255 255 255 255 255 255 255 255 255 255 255 255 255 255 255 255 255 255 255 255 255 255 255 255 255 255 255 255 
255 255 255 255 255 255 255 255 255 255 255 255 255 255 255 255 255 255 255 255 255 255 255 255 255 255 255 255 255 255 255 255 255 255 255 255 255 255 255 255 255 255 255 255 255 255 255 255 255 255 255 255 255 255 255 255 255 252 253 255 251 254 255 152 23 3 24 31 26 13 8 5 29 9 19 25 23 32 29 8 38 202 252 251 254 255 254 255 255 255 255 255 255 255 255 255 255 255 255 255 255 255 255 255 255 255 255 255 255 255 255 255 255 255 255 255 255 255 255 255 255 255 255 255 255 255 255 255 
255 255 255 255 255 255 255 255 255 255 255 255 255 255 255 255 255 255 255 255 255 255 255 255 255 255 255 255 255 255 255 255 255 255 255 255 255 255 255 255 255 255 255 255 255 255 255 255 255 255 255 255 255 255 255 255 255 249 255 251 248 255 196 46 2 22 12 10 6 7 13 16 9 9 25 20 24 23 27 26 10 106 255 255 255 249 253 250 255 255 255 255 255 255 255 255 255 255 255 255 255 255 255 255 255 255 255 255 255 255 255 255 255 255 255 255 255 255 255 255 255 255 255 255 255 255 255 255 
255 255 255 255 255 255 255 255 255 255 255 255 255 255 255 255 255 255 255 255 255 255 255 255 255 255 255 255 255 255 255 255 255 255 255 255 255 255 255 255 255 255 255 255 255 255 255 255 255 255 255 255 255 255 255 255 255 255 253 255 255 254 133 9 14 29 7 11 17 12 8 6 6 15 11 5 24 14 5 30 6 46 254 250 255 255 254 255 255 255 255 255 255 255 255 255 255 255 255 255 255 255 255 255 255 255 255 255 255 255 255 255 255 255 255 255 255 255 255 255 255 255 255 255 255 255 255 255 
255 255 255 255 255 255 255 255 255 255 255 255 255 255 255 255 255 255 255 255 255 255 255 255 255 255 255 255 255 255 255 255 255 255 255 255 255 255 255 255 255 255 255 255 255 255 255 255 255 255 255 255 255 255 255 255 253 253 255 244 254 255 11 10 20 16 6 5 12 6 10 13 16 8 4 10 14 20 15 25 29 5 166 196 215 253 253 255 255 255 255 255 255 255 255 255 255 255 255 255 255 255 255 255 255 255 255 255 255 255 255 255 255 255 255 255 255 255 255 255 255 255 255 255 255 255 255 255 
255 255 255 255 255 255 255 255 255 255 255 255 255 255 255 255 255 255 255 255 255 255 255 255 255 255 255 255 255 255 255 255 255 255 255 255 255 255 255 255 255 255 255 255 255 255 255 255 255 255 255 255 255 255 255 255 255 254 255 255 251 254 0 13 11 5 17 11 14 6 12 9 8 7 13 17 7 24 26 26 29 10 150 201 211 218 255 255 255 255 255 255 255 255 255 255 255 255 255 255 255 255 255 255 255 255 255 255 255 255 255 255 255 255 255 255 255 255 255 255 255 255 255 255 255 255 255 255 
255 255 255 255 255 255 255 255 255 255 255 255 255 255 255 255 255 255 255 255 255 255 255 255 255 255 255 255 255 255 255 255 255 255 255 255 255 255 255 255 255 255 255 255 255 255 255 255 255 255 255 255 255 255 255 255 250 250 255 254 255 255 0 31 13 7 13 6 8 1 11 6 9 13 10 4 9 17 10 12 22 31 142 157 202 211 255 253 255 255 255 255 255 255 255 255 255 255 255 255 255 255 255 255 255 255 255 255 255 255 255 255 255 255 255 255 255 255 255 255 255 255 255 255 255 255 255 255 
255 255 255 255 255 255 255 255 255 255 255 255 255 255 255 255 255 255 255 255 255 255 255 255 255 255 255 255 255 255 255 255 255 255 255 255 255 255 255 255 255 255 255 255 255 255 255 255 255 255 255 255 255 255 255 255 253 255 252 252 254 218 1 9 9 11 10 12 12 0 11 12 10 9 14 7 13 8 11 24 30 6 131 161 168 196 253 255 255 255 255 255 255 255 255 255 255 255 255 255 255 255 255 255 255 255 255 255 255 255 255 255 255 255 255 255 255 255 255 255 255 255 255 255 255 255 255 255 
255 255 255 255 255 255 255 255 255 255 255 255 255 255 255 255 255 255 255 255 255 255 255 255 255 255 255 255 255 255 255 255 255 255 255 255 255 255 255 255 255 255 255 255 255 255 255 255 252 253 254 255 255 255 255 255 255 250 254 248 255 252 3 13 24 16 10 12 12 8 8 13 0 9 7 13 7 6 37 22 30 12 112 115 136 182 254 254 255 255 255 255 255 255 255 255 255 255 255 255 255 255 255 255 255 255 255 255 255 255 255 255 255 255 255 255 255 255 255 255 255 255 255 255 255 255 255 255 
255 255 255 255 255 255 255 255 255 255 255 255 255 255 255 255 255 255 255 255 255 255 255 255 255 255 255 255 255 255 255 255 255 255 255 255 255 255 255 255 255 255 255 255 255 255 255 255 254 254 255 255 255 255 255 255 252 254 253 255 255 255 4 18 16 13 11 13 13 10 9 8 12 11 7 15 13 33 0 9 25 0 116 110 134 159 216 255 255 255 255 255 255 255 255 255 255 255 255 255 255 255 255 255 255 255 255 255 255 255 255 255 255 255 255 255 255 255 255 255 255 255 255 255 255 255 255 255 
255 255 255 255 255 255 255 255 255 255 255 255 255 255 255 255 255 255 255 255 255 255 255 255 255 255 255 255 255 255 255 255 255 255 255 255 255 255 255 255 255 255 255 255 255 255 255 255 255 255 255 255 254 253 253 253 254 246 255 253 253 255 51 2 27 18 11 10 12 15 14 6 1 16 12 2 17 1 17 26 28 38 92 115 133 154 220 249 255 255 255 255 255 255 255 255 255 255 255 255 255 255 255 255 255 255 255 255 255 255 255 255 255 255 255 255 255 255 255 255 255 255 255 255 255 255 255 255 
255 255 255 255 255 255 255 255 255 255 255 255 255 255 255 255 255 255 255 255 255 255 255 255 255 255 255 255 255 255 255 255 255 255 255 255 255 255 255 255 255 255 255 255 255 255 255 255 255 255 255 254 252 251 251 253 254 255 255 255 255 255 111 0 10 8 13 16 11 9 12 11 16 10 10 14 9 32 25 26 10 41 97 101 134 156 221 253 255 255 255 255 255 255 255 255 255 255 255 255 255 255 255 255 255 255 255 255 255 255 255 255 255 255 255 255 255 255 255 255 255 255 255 255 255 255 255 255 
255 255 255 255 255 255 255 255 255 255 255 255 255 255 255 255 255 255 255 255 255 255 255 255 255 255 255 255 255 255 255 255 255 255 255 255 255 255 255 255 255 255 255 255 255 255 255 255 255 255 255 254 252 251 253 254 255 250 255 250 255 255 251 135 28 10 7 15 12 11 12 11 4 4 16 30 10 16 4 9 91 108 97 115 115 154 208 255 255 255 255 255 255 255 255 255 255 255 255 255 255 255 255 255 255 255 255 255 255 255 255 255 255 255 255 255 255 255 255 255 255 255 255 255 255 255 255 255 
255 255 255 255 255 255 255 255 255 255 255 255 255 255 255 255 255 255 255 255 255 255 255 255 255 255 255 255 255 255 255 255 255 255 255 255 255 255 255 255 255 255 255 255 255 255 255 255 255 255 254 254 254 254 255 255 250 255 255 255 252 253 196 151 41 15 8 17 14 12 13 6 13 11 11 28 5 29 18 66 109 100 104 109 135 168 217 251 255 255 255 255 255 255 255 255 255 255 255 255 255 255 255 255 255 255 255 255 255 255 255 255 255 255 255 255 255 255 255 255 255 255 255 255 255 255 255 255 
255 255 255 255 255 255 255 255 255 255 255 255 255 255 255 255 255 255 255 255 255 255 255 255 255 255 255 255 255 255 255 255 255 255 255 255 255 255 255 255 255 255 255 255 255 255 255 255 252 253 254 255 255 255 255 255 255 255 251 183 110 77 42 23 9 1 15 26 14 8 13 12 6 16 10 12 15 7 83 113 87 107 94 116 130 165 251 254 254 254 254 254 254 254 254 254 255 255 255 255 255 255 255 255 255 255 255 255 255 255 255 255 255 255 255 255 255 255 255 255 255 255 255 255 255 255 255 255 
255 255 255 255 255 255 255 255 255 255 255 255 255 255 255 255 255 255 255 255 255 255 255 255 255 255 255 255 255 255 255 255 255 255 255 255 255 255 255 255 255 255 255 255 255 255 255 255 251 252 254 255 255 255 255 255 255 213 66 40 43 82 151 102 36 13 7 13 9 17 23 13 30 4 6 17 24 66 97 86 98 85 113 108 140 179 250 254 254 254 254 254 254 254 254 254 255 255 255 255 255 255 255 255 255 255 255 255 255 255 255 255 255 255 255 255 255 255 255 255 255 255 255 255 255 255 255 255 
255 255 255 255 255 255 255 255 255 255 255 255 255 255 255 255 255 255 255 255 255 255 255 255 255 255 255 255 255 255 255 255 255 255 255 255 255 255 255 255 255 255 255 255 255 255 255 255 253 254 255 255 255 254 200 102 45 0 121 198 182 183 199 204 198 205 6 12 17 14 6 10 12 11 100 100 86 91 82 102 90 96 137 160 178 195 249 255 254 255 253 252 255 255 254 255 255 253 255 255 255 255 252 255 255 255 255 255 255 255 255 255 255 255 255 255 255 255 255 255 255 255 255 255 255 255 255 255 
255 255 255 255 255 255 255 255 255 255 255 255 255 255 255 255 255 255 255 255 255 255 255 255 255 255 255 255 255 255 255 255 255 255 255 255 255 255 255 255 255 255 255 255 255 255 255 255 254 246 255 255 255 255 66 24 0 41 199 175 164 148 208 203 198 200 20 12 19 14 14 14 3 15 17 92 101 96 93 100 97 118 154 155 196 213 255 255 218 177 157 181 201 252 255 255 255 255 254 254 251 255 255 250 255 255 255 255 255 255 255 255 255 255 255 255 255 255 255 255 255 255 255 255 255 255 255 255 
255 255 255 255 255 255 255 255 255 255 255 255 255 255 255 255 255 255 255 255 255 255 255 255 255 255 255 255 255 255 255 255 255 255 255 255 255 255 255 255 255 255 255 255 255 255 255 255 255 255 254 255 250 154 45 5 25 165 200 202 200 176 199 200 198 193 85 10 10 33 13 19 9 12 16 29 64 114 101 94 112 135 167 200 220 255 179 94 68 61 50 38 64 67 213 253 253 255 250 255 255 252 255 254 255 255 255 255 255 255 255 255 255 255 255 255 255 255 255 255 255 255 255 255 255 255 255 255 
255 255 255 255 255 255 255 255 255 255 255 255 255 255 255 255 255 255 255 255 255 255 255 255 255 255 255 255 255 255 255 255 255 255 255 255 255 255 255 255 255 255 255 255 255 255 255 255 255 251 252 254 159 60 93 29 149 201 198 192 203 202 194 191 195 194 149 24 7 34 8 18 11 23 23 26 14 65 110 140 139 156 196 220 217 222 40 31 9 9 30 10 2 30 66 138 255 251 255 250 255 253 254 253 255 255 255 255 255 255 255 255 255 255 255 255 255 255 255 255 255 255 255 255 255 255 255 255 
255 255 255 255 255 255 255 255 255 255 255 255 255 255 255 255 255 255 255 255 255 255 255 255 255 255 255 255 255 255 255 255 255 255 255 255 255 255 255 255 255 255 255 255 255 255 255 255 255 255 214 63 97 195 131 159 202 204 199 201 195 186 190 196 193 199 164 43 15 7 8 14 13 10 18 15 20 18 107 169 197 194 232 165 47 11 26 28 11 8 12 10 35 21 21 11 11 59 255 255 255 255 255 255 255 255 255 255 255 255 255 255 255 255 255 255 255 255 255 255 255 255 255 255 255 255 255 255 
255 255 255 255 255 255 255 255 255 255 255 255 255 255 255 255 255 255 255 255 255 255 255 255 255 255 255 255 255 255 255 255 255 255 255 255 255 255 255 255 255 255 255 255 255 255 255 255 248 255 133 76 201 213 169 201 194 201 207 193 203 199 192 185 194 197 174 42 12 10 11 13 11 6 10 11 8 33 43 132 199 218 196 42 14 8 11 11 8 10 4 12 7 10 37 22 13 10 253 255 251 254 250 251 255 255 255 255 255 255 255 255 255 255 255 255 255 255 255 255 255 255 255 255 255 255 255 255 
255 255 255 255 255 255 255 255 255 255 255 255 255 255 255 255 255 255 255 255 255 255 255 255 255 255 255 255 255 255 255 255 255 255 255 255 255 255 255 255 255 255 255 255 255 255 255 255 255 255 65 164 216 184 201 191 197 182 141 198 194 181 187 188 193 196 184 37 8 23 10 13 9 10 15 14 16 3 3 73 179 211 96 14 8 14 14 7 13 13 12 18 6 13 25 12 25 8 166 248 255 255 255 255 255 255 255 255 255 255 255 255 255 255 255 255 255 255 255 255 255 255 255 255 255 255 255 255 
255 255 255 255 255 255 255 255 255 255 255 255 255 255 255 255 255 255 255 255 255 255 255 255 255 255 255 255 255 255 255 255 255 255 255 255 255 255 255 255 255 255 255 255 255 255 255 255 255 251 105 216 192 195 190 199 161 181 193 126 196 200 189 191 192 199 175 46 13 11 12 14 13 13 7 10 12 18 9 27 134 217 27 11 8 7 2 12 8 11 14 4 14 10 10 11 26 28 41 197 250 255 255 251 255 255 255 255 255 255 255 255 255 255 255 255 255 255 255 255 255 255 255 255 255 255 255 255 
255 255 255 255 255 255 255 255 255 255 255 255 255 255 255 255 255 252 255 255 252 255 251 255 255 255 255 255 248 255 254 255 254 254 255 255 255 255 255 255 254 255 254 252 255 250 255 255 253 156 206 200 191 174 199 159 191 252 255 213 153 201 197 193 197 201 169 26 10 8 17 11 18 5 17 7 6 14 16 9 28 108 14 12 0 11 0 11 2 8 3 0 7 13 12 11 31 9 11 64 198 218 246 255 255 254 254 250 254 255 254 255 255 255 255 255 255 255 255 255 255 255 255 255 255 255 255 255 
255 255 255 255 255 255 255 255 255 255 255 255 255 255 255 255 255 251 253 255 255 250 255 255 255 245 251 255 255 255 255 255 254 254 254 255 255 255 255 255 254 253 216 134 93 163 253 251 250 90 187 255 213 180 197 166 212 254 255 225 143 193 191 200 188 195 149 35 16 28 14 11 14 13 9 10 7 9 8 13 4 39 4 12 13 11 10 9 11 7 8 11 11 11 10 6 8 15 13 50 159 194 255 253 255 254 254 253 254 253 249 255 255 255 255 255 255 255 255 255 255 255 255 255 255 255 255 255 
255 255 255 255 255 255 255 255 255 255 255 255 255 255 255 255 249 255 255 252 255 250 219 214 255 255 255 250 255 251 255 255 254 254 254 255 255 255 255 255 255 254 92 30 20 17 255 255 210 63 180 255 219 181 180 150 216 231 255 249 139 203 202 194 193 197 94 13 13 1 13 5 10 13 7 13 6 3 21 0 12 0 2 2 0 0 12 8 7 9 1 4 16 9 3 17 13 28 21 21 138 169 220 255 255 251 253 252 253 255 255 255 255 255 255 255 255 255 255 255 255 255 255 255 255 255 255 255 
255 255 255 255 255 255 255 255 255 255 255 255 255 255 255 255 255 253 254 255 212 138 99 111 176 254 255 250 252 255 254 255 254 255 254 255 255 255 255 255 253 255 4 7 56 46 180 253 197 63 201 255 194 160 178 156 219 255 255 250 146 197 194 200 192 196 48 8 25 11 3 0 0 0 0 11 8 12 0 10 4 0 11 10 0 0 9 4 9 0 0 4 0 3 16 23 13 10 30 29 130 154 217 253 255 254 254 251 251 254 255 252 255 255 255 255 255 255 255 255 255 255 255 255 255 255 255 255 
255 255 255 255 255 255 255 255 255 255 255 255 255 255 255 255 255 251 253 107 90 218 254 255 219 113 255 253 255 252 252 255 254 254 254 255 255 255 255 255 255 157 2 48 217 255 23 196 111 116 223 144 85 165 163 156 253 216 55 213 148 190 202 192 203 190 0 29 57 111 174 198 191 194 171 95 47 0 10 16 2 13 14 14 11 5 5 4 4 12 3 1 6 5 8 28 7 25 29 32 111 108 181 184 251 255 254 253 254 253 255 253 255 255 255 255 255 255 255 255 255 255 255 255 255 255 255 255 
255 255 255 255 255 255 255 255 255 255 255 255 255 255 255 255 255 255 152 87 248 255 255 253 251 132 248 255 251 255 255 246 254 254 254 254 254 254 254 255 255 120 0 39 216 255 28 139 114 117 163 4 54 178 160 148 220 104 3 42 151 203 191 201 197 149 46 150 209 215 197 192 191 195 213 205 191 77 10 11 16 18 4 1 12 1 1 8 5 5 10 10 4 7 14 13 16 29 16 36 112 113 166 171 255 255 248 253 253 254 255 255 255 255 255 255 255 255 255 255 255 255 255 255 255 255 255 255 
255 255 255 255 255 255 255 255 255 255 255 255 255 255 255 255 249 255 89 195 255 251 224 254 224 133 255 255 254 249 255 255 254 255 254 254 254 254 254 254 254 157 0 43 209 250 0 116 125 152 93 3 69 206 156 188 167 46 29 11 172 198 191 194 196 81 178 224 210 209 190 177 188 188 185 196 222 215 6 11 9 4 3 2 11 2 6 9 2 10 7 5 13 11 6 12 31 7 4 71 96 112 165 169 249 255 252 249 253 252 251 255 255 255 255 255 255 255 255 255 255 255 255 255 255 255 255 255 
255 255 255 255 255 255 255 255 255 255 255 255 255 255 255 255 254 255 95 221 254 255 252 255 194 114 215 212 255 255 252 255 255 254 255 254 254 254 255 254 254 180 0 27 151 254 4 109 129 120 44 16 94 201 193 149 83 33 3 41 204 192 201 192 142 117 208 199 205 197 200 188 190 192 200 201 189 218 76 0 14 7 14 14 1 9 12 12 13 9 5 6 10 11 10 11 13 29 6 105 102 97 156 169 190 247 254 254 254 253 254 255 255 255 255 255 255 255 255 255 255 255 255 255 255 255 255 255 
255 255 255 255 255 255 255 255 255 255 255 255 255 255 255 255 255 255 83 216 229 252 253 255 164 131 158 165 200 219 250 255 255 254 255 254 254 254 255 255 254 255 25 26 20 48 21 168 173 166 44 58 185 209 196 195 78 10 62 203 195 188 200 193 193 199 195 208 200 197 193 194 178 194 185 191 195 198 202 74 7 11 16 10 1 12 11 8 13 1 13 11 15 13 11 28 15 25 217 216 196 134 155 173 186 254 255 254 254 249 253 255 255 255 255 255 255 255 255 255 255 255 255 255 255 255 255 255 
255 255 255 255 255 255 255 255 255 255 255 255 255 255 255 255 252 255 136 157 248 250 254 222 187 116 136 158 174 195 255 255 253 252 249 247 252 254 255 254 249 255 48 1 29 1 95 199 196 188 184 120 164 201 195 197 161 90 188 196 183 196 192 189 187 199 199 142 96 56 194 201 198 198 191 193 195 185 215 124 36 34 3 19 7 4 17 12 10 7 13 11 20 9 7 30 2 117 250 254 252 217 105 168 187 255 253 254 252 254 254 251 255 255 255 255 255 255 255 255 255 255 255 255 255 255 255 255 
255 255 255 255 255 255 255 255 255 255 255 255 255 255 255 255 255 250 254 88 173 227 249 250 254 151 113 133 174 195 252 255 255 255 255 255 254 250 251 255 255 253 87 46 19 17 185 199 195 198 196 199 166 155 191 191 195 201 201 203 191 198 186 193 187 190 166 174 82 145 176 185 199 189 192 194 196 184 198 154 19 61 28 16 8 12 12 12 11 17 7 10 14 10 30 10 16 171 255 252 251 254 88 124 180 254 255 241 254 254 247 255 255 255 255 255 255 255 255 255 255 255 255 255 255 255 255 255 
255 255 255 255 255 255 255 255 255 255 255 255 255 255 255 255 253 255 255 77 138 218 251 254 254 220 83 97 157 201 252 255 255 251 249 252 254 253 255 255 255 255 111 165 151 146 195 194 193 192 195 199 197 165 200 194 196 195 191 194 198 194 196 190 173 195 208 181 154 176 194 190 188 192 201 199 201 202 192 165 50 92 90 1 14 26 13 7 8 9 12 7 9 12 21 8 5 160 252 228 250 252 159 99 188 255 255 255 254 250 251 255 255 255 255 255 255 255 255 255 255 255 255 255 255 255 255 255 
255 255 255 255 255 255 255 255 255 255 255 255 255 255 255 255 255 253 173 255 255 254 254 253 253 248 252 255 132 62 255 251 253 255 255 255 255 255 255 251 251 255 117 198 208 197 178 202 191 187 198 182 198 189 191 190 189 179 205 181 199 194 193 188 189 199 201 126 157 195 190 193 179 190 198 195 190 199 209 142 61 111 86 117 87 4 20 10 34 19 29 10 30 25 0 49 75 76 253 251 253 248 179 104 167 173 252 251 249 254 254 252 255 255 255 255 255 255 255 255 255 255 255 255 255 255 255 255 
255 255 255 255 255 255 255 255 255 255 255 255 255 255 255 255 255 146 234 249 254 254 220 252 249 254 219 255 249 103 255 253 255 254 252 254 255 255 255 255 253 255 124 204 194 195 196 190 197 194 189 201 195 197 194 194 189 199 192 194 198 197 182 192 193 200 164 87 158 197 205 189 192 195 192 199 195 196 215 97 90 110 102 97 109 115 19 30 22 27 33 23 25 15 43 109 83 105 247 253 250 220 158 105 153 149 255 255 255 254 251 253 255 255 255 255 255 255 255 255 255 255 255 255 255 255 255 255 
255 255 255 255 255 255 255 255 255 255 255 255 255 255 255 255 196 86 255 251 220 250 254 253 219 254 253 253 255 191 160 201 255 255 254 255 255 255 255 255 255 252 85 176 201 197 196 188 195 186 203 187 190 198 200 189 198 180 196 203 195 200 191 190 203 187 119 59 166 201 195 194 194 193 181 193 196 191 157 65 111 101 107 98 115 111 110 46 44 32 22 39 53 59 101 102 95 93 222 253 249 252 137 98 106 152 188 250 255 249 254 255 255 255 255 255 255 255 255 255 255 255 255 255 255 255 255 255 
255 255 255 255 255 255 255 255 255 255 255 255 255 255 255 255 110 200 252 255 254 254 213 220 223 253 254 254 255 160 85 87 112 193 255 255 248 255 255 253 255 255 89 150 197 192 193 178 193 199 191 200 184 192 194 195 175 196 196 203 204 200 192 194 194 200 32 59 179 198 197 197 191 201 189 195 192 193 96 85 102 89 110 113 134 136 117 110 113 96 114 115 112 100 91 100 101 112 254 251 219 251 106 106 104 102 169 189 255 250 254 253 255 255 255 255 255 255 255 255 255 255 255 255 255 255 255 255 
255 255 255 255 255 255 255 255 255 251 255 255 249 255 106 201 222 189 253 254 194 174 214 222 220 176 214 192 169 255 255 253 255 158 195 254 246 250 249 252 253 255 255 101 151 202 191 190 184 207 195 198 207 197 190 200 198 198 198 194 183 195 204 202 196 129 20 103 201 189 197 194 197 192 189 191 200 181 115 93 101 102 110 135 162 179 164 133 136 110 99 102 88 105 64 158 252 254 253 255 255 255 113 84 86 96 151 167 253 255 255 255 255 255 255 255 255 255 255 255 255 255 255 255 255 255 255 255 
255 255 255 255 255 255 255 255 253 255 248 255 254 158 223 248 176 191 255 193 207 254 254 251 254 255 211 220 255 255 247 183 202 219 141 246 252 250 245 252 255 254 255 203 86 171 193 190 199 180 199 187 193 178 198 199 202 198 194 191 198 191 190 199 123 34 38 98 197 196 194 196 190 191 194 202 176 91 119 92 88 86 141 157 175 198 188 173 155 138 117 115 89 117 179 254 253 254 221 255 255 255 101 80 83 98 178 165 255 251 249 255 255 255 255 255 255 255 255 255 255 255 255 255 255 255 255 255 
255 255 255 255 255 255 255 255 253 251 255 251 137 101 247 231 158 189 255 255 255 251 250 254 254 246 255 254 252 251 193 59 30 55 63 157 200 253 247 252 254 255 255 255 135 62 192 194 186 190 179 186 181 196 190 201 201 193 193 187 187 177 202 105 33 9 68 90 185 194 197 195 192 188 197 172 106 72 85 101 103 102 132 156 199 215 219 193 179 157 128 131 124 96 253 255 222 251 249 255 248 255 107 83 101 105 143 180 253 255 255 255 255 255 255 255 255 255 255 255 255 255 255 255 255 255 255 255 
255 255 255 255 255 255 255 255 255 254 255 139 96 219 255 182 158 222 253 255 246 224 254 249 223 254 255 232 255 255 56 1 3 8 10 41 56 71 159 153 195 215 255 250 255 109 169 197 215 205 190 192 191 187 196 197 196 195 200 194 192 205 113 24 0 38 71 89 187 205 197 193 187 205 156 87 90 107 91 95 85 113 150 184 215 217 230 214 193 196 115 113 112 86 255 255 254 254 254 255 225 255 106 103 78 107 164 254 255 255 255 255 255 255 255 255 255 255 255 255 255 255 255 255 255 255 255 255 
255 255 255 255 255 255 255 255 249 253 98 157 251 218 222 179 179 255 255 220 255 255 255 253 253 255 215 252 251 246 33 10 24 34 28 28 33 7 9 17 17 0 22 53 41 72 47 30 83 171 215 196 188 198 196 203 194 194 197 167 127 42 16 55 45 70 53 89 190 203 192 197 160 120 109 103 89 96 94 101 118 130 190 221 221 227 216 196 184 88 212 255 187 110 177 157 176 215 218 254 255 255 219 112 104 101 172 253 250 255 254 255 255 255 255 255 255 255 255 255 255 255 255 255 255 255 255 255 
255 255 255 255 255 255 255 255 255 255 107 252 217 200 249 176 172 255 253 248 255 253 223 255 255 255 184 255 231 254 27 0 10 2 1 15 28 35 10 26 4 11 22 8 8 9 30 15 42 53 150 176 204 220 219 197 199 178 124 73 5 0 46 82 50 47 67 154 201 157 170 120 100 114 93 96 81 82 108 113 127 163 164 160 158 116 66 62 38 137 255 191 137 203 216 216 176 131 250 254 255 251 255 132 104 122 186 255 255 255 255 255 255 255 255 255 255 255 255 255 255 255 255 255 255 255 255 255 
255 255 255 255 255 255 255 255 250 250 202 253 202 218 255 175 156 255 255 255 230 249 254 255 255 254 199 157 254 255 113 29 5 0 17 13 2 13 12 14 13 8 9 10 15 11 21 32 14 8 20 39 64 103 103 89 106 163 167 161 107 16 35 64 31 68 117 192 227 114 116 101 111 93 116 104 115 112 94 86 104 85 45 41 40 24 30 0 67 255 222 152 214 253 255 255 253 189 219 248 215 255 255 186 104 121 168 255 254 252 255 253 255 255 255 255 255 255 255 255 255 255 255 255 255 255 255 255 
255 255 255 255 255 255 255 255 255 177 255 186 214 255 252 179 155 217 252 251 255 252 255 222 253 254 135 71 155 220 255 150 44 63 23 0 1 1 10 9 10 7 11 10 6 11 10 7 9 22 18 3 30 10 40 3 46 117 205 220 199 151 23 72 59 46 166 223 189 70 66 69 88 68 41 50 45 52 22 25 22 34 24 3 28 11 7 27 159 249 225 227 253 255 222 254 254 244 137 254 254 249 223 255 131 100 170 255 252 255 255 255 255 255 255 255 255 255 255 255 255 255 255 255 255 255 255 255 
255 255 255 255 255 255 255 255 250 128 195 250 255 253 197 253 214 221 220 255 251 255 255 212 137 71 96 102 89 110 117 111 97 91 88 112 99 111 100 61 44 8 4 0 15 0 6 6 7 9 7 7 13 17 16 13 6 12 0 26 109 203 187 183 166 190 217 151 40 14 4 9 7 30 0 26 20 5 18 9 1 24 28 11 23 11 12 45 197 253 255 255 221 255 255 254 254 248 254 179 214 250 254 212 220 192 146 168 255 255 253 255 255 255 255 255 255 255 255 255 255 255 255 255 255 255 255 255 
255 255 255 255 255 255 255 255 255 168 252 254 224 200 255 255 254 255 249 252 231 213 87 90 108 97 95 101 89 104 91 90 107 84 103 84 96 97 108 113 113 126 68 36 5 0 0 1 7 13 6 4 0 13 13 15 17 0 9 10 12 45 218 203 224 195 96 14 13 6 8 4 11 18 10 12 11 17 12 11 12 8 15 11 11 10 6 40 191 255 183 255 255 254 255 219 249 252 254 250 226 254 249 220 170 254 119 173 185 252 255 252 255 255 255 255 255 255 255 255 255 255 255 255 255 255 255 255 
255 255 255 255 255 255 255 255 254 218 255 255 221 171 250 255 255 255 255 187 120 91 106 98 93 102 97 84 98 89 105 102 83 98 96 99 100 103 101 105 105 100 116 119 125 88 0 11 3 9 11 9 4 14 13 5 7 19 16 9 16 2 43 120 169 106 4 10 13 11 3 2 9 15 24 9 0 15 9 20 6 12 9 20 14 24 32 30 197 255 197 251 255 248 252 255 254 254 226 254 250 226 253 210 174 221 127 123 162 255 251 254 255 255 255 255 255 255 255 255 255 255 255 255 255 255 255 255 
255 255 255 255 255 255 255 255 250 163 251 222 166 202 254 222 252 255 93 96 114 85 104 90 85 88 89 105 99 95 114 111 109 122 108 109 110 109 118 115 115 120 105 103 107 91 9 8 8 4 12 4 14 12 17 2 16 6 12 11 8 15 7 8 4 5 26 9 17 8 15 10 13 13 10 10 13 21 23 16 31 11 24 32 26 30 19 30 134 255 154 195 252 229 255 253 254 255 247 254 253 249 254 222 154 220 198 101 158 174 253 250 255 255 255 255 255 255 255 255 255 255 255 255 255 255 255 255 
255 255 255 255 255 255 255 255 255 211 219 178 153 255 249 226 159 98 92 91 95 86 89 97 104 95 113 135 133 138 161 159 162 142 153 168 174 180 164 164 160 134 81 0 6 16 22 19 0 1 14 7 11 7 14 14 0 8 9 7 18 15 25 7 27 9 39 42 56 70 92 109 80 88 100 117 116 114 132 132 113 129 117 107 111 111 123 104 115 109 227 153 132 254 255 255 255 255 252 231 249 253 254 187 153 177 254 255 93 128 253 248 255 255 255 255 255 255 255 255 255 255 255 255 255 255 255 255 
255 255 255 255 255 255 255 255 249 255 88 103 157 255 216 153 101 95 106 93 95 104 101 118 112 109 136 135 164 170 197 199 197 190 199 204 195 210 208 194 172 117 33 36 47 57 48 26 42 25 1 0 9 13 2 0 10 10 4 8 8 11 15 38 3 43 102 109 102 104 114 89 103 88 101 112 117 110 103 93 101 98 104 95 105 99 95 103 82 115 152 138 96 179 245 228 255 254 254 253 250 217 254 187 195 255 211 255 198 84 171 253 255 255 255 255 255 255 255 255 255 255 255 255 255 255 255 255 
255 255 255 255 255 255 255 255 255 255 196 110 134 196 108 104 97 93 85 92 90 101 115 132 130 147 163 176 188 204 214 216 220 215 212 214 255 255 246 154 82 55 73 68 69 70 58 72 71 68 38 23 11 10 0 10 13 5 11 10 15 10 30 16 48 105 93 101 89 111 91 94 94 85 105 106 106 103 103 97 96 108 98 100 104 97 102 89 103 87 101 87 93 102 255 255 247 229 246 254 253 253 212 189 217 252 179 252 253 118 164 184 255 255 255 255 255 255 255 255 255 255 255 255 255 255 255 255 
255 255 255 255 255 255 255 255 254 254 254 218 132 91 87 100 90 97 90 104 111 114 137 156 167 171 194 199 215 218 255 251 250 255 255 255 255 254 160 66 48 60 67 59 52 45 55 49 49 58 49 50 70 63 34 22 15 12 15 10 23 8 4 40 118 90 90 96 103 87 90 94 103 98 98 99 103 103 113 94 113 102 95 113 110 111 114 112 113 114 98 104 102 110 159 212 255 254 255 220 253 253 192 180 253 255 176 216 255 184 153 164 255 255 255 255 255 255 255 255 255 255 255 255 255 255 255 255 
255 255 255 255 255 255 255 255 255 255 254 214 197 159 113 101 102 98 111 133 126 163 193 220 222 245 255 255 251 255 255 255 255 252 247 254 255 155 39 25 43 61 59 51 59 72 56 69 57 55 64 63 66 64 51 55 44 43 0 19 35 27 133 80 90 99 99 99 111 113 137 135 134 132 137 154 139 137 149 156 154 156 159 160 159 159 160 162 161 161 153 139 131 114 105 107 97 180 253 247 255 253 179 189 250 253 249 175 191 254 113 152 169 184 254 254 252 252 253 255 255 255 254 253 254 255 255 255 
255 255 255 255 255 255 255 255 252 252 251 225 190 167 129 116 111 99 140 158 173 193 221 246 249 255 255 255 254 255 255 253 249 252 255 255 164 53 135 88 53 51 60 62 62 43 144 96 53 62 59 64 59 52 59 56 66 89 8 16 29 38 96 77 96 89 100 113 140 128 157 163 163 173 169 174 157 177 185 178 189 191 193 194 194 193 194 195 193 203 193 178 158 153 132 118 113 113 246 254 254 224 254 193 190 249 253 224 153 255 105 123 156 179 248 254 252 254 254 253 255 255 254 253 254 255 255 255 
255 255 255 255 255 255 255 255 255 255 255 255 211 198 155 132 134 133 154 167 194 213 255 255 255 255 252 254 255 255 254 255 236 255 255 194 65 32 253 187 42 57 62 71 63 94 239 217 30 63 75 59 59 52 52 56 66 60 56 8 28 52 94 87 90 100 113 133 151 171 190 192 193 197 194 217 204 217 215 213 213 215 216 217 216 216 216 217 216 212 216 201 197 175 158 133 134 105 176 255 244 255 252 224 171 173 253 248 178 217 104 110 140 175 254 254 249 254 255 255 255 254 254 253 254 255 255 255 
255 255 255 255 255 255 255 255 255 252 249 251 218 217 183 161 160 156 182 198 218 254 255 255 255 252 252 255 255 253 254 255 244 255 255 88 19 85 250 231 85 53 61 67 60 172 247 255 127 22 67 63 49 54 59 59 65 62 63 44 21 118 108 77 99 98 137 151 188 189 219 223 217 213 216 254 254 253 252 255 254 255 255 255 255 255 255 255 251 255 255 253 215 200 178 170 160 138 87 217 255 245 254 254 215 175 245 254 253 150 105 103 132 145 254 245 254 254 249 255 255 255 254 254 254 255 255 255 
255 255 255 255 255 255 255 255 252 255 255 255 255 251 224 209 214 216 212 254 255 255 255 251 254 255 255 255 255 254 255 255 255 255 110 28 60 155 250 223 108 47 59 54 149 252 226 251 224 24 70 58 50 55 59 61 57 54 51 65 70 63 91 101 114 137 176 197 216 251 255 249 255 255 253 255 255 253 255 252 254 254 255 254 254 254 254 254 255 255 255 247 255 255 250 218 208 194 159 102 135 255 214 254 250 217 199 211 255 219 93 81 103 152 181 253 246 253 254 250 255 255 254 254 254 255 255 255 
255 255 255 255 255 255 255 255 254 255 253 249 253 254 251 255 255 250 255 255 255 253 250 255 255 255 255 253 254 255 255 252 255 248 48 49 77 199 249 221 108 48 60 49 155 253 248 242 226 43 73 47 64 59 54 57 58 58 50 56 81 59 98 117 133 129 195 222 255 251 255 255 253 255 255 249 254 252 255 254 255 255 255 255 255 255 255 255 249 255 254 255 247 255 255 254 255 217 201 149 69 181 249 255 254 252 168 254 255 252 87 67 100 123 182 247 253 253 254 255 255 255 254 254 254 255 255 255 
255 255 255 255 255 255 255 255 250 255 255 255 255 255 254 255 247 255 255 255 255 249 255 254 255 255 253 252 254 255 255 254 255 246 16 60 88 216 255 184 51 57 67 67 161 249 245 247 221 16 50 53 64 63 65 54 58 51 64 57 52 44 88 129 140 158 224 246 252 255 255 252 253 255 254 255 255 253 255 254 255 255 254 254 254 255 255 254 255 253 255 254 255 252 255 255 255 248 196 204 157 66 255 224 254 248 156 221 225 217 106 84 101 124 186 253 253 253 251 255 255 255 254 254 254 255 255 255 
255 255 255 255 255 255 255 255 255 255 251 255 252 255 255 253 255 255 253 255 255 253 255 253 254 255 255 255 255 253 254 255 255 241 15 48 95 208 252 140 57 54 54 58 147 244 231 255 184 18 67 56 59 71 58 55 55 67 59 53 45 55 102 128 154 177 255 255 254 252 255 255 251 255 252 255 254 255 255 253 255 255 255 255 255 255 255 255 252 255 252 251 255 255 252 254 255 255 215 210 180 136 218 253 255 255 156 218 255 103 77 108 102 124 180 251 253 254 253 253 255 255 254 254 254 255 255 255 
255 255 255 255 255 255 255 255 255 255 255 255 255 255 255 255 255 255 255 255 255 255 255 255 255 255 255 255 255 255 255 255 255 243 24 71 63 146 90 58 72 54 48 33 81 211 255 230 29 49 62 62 61 63 62 56 59 67 58 55 48 62 102 148 162 193 255 255 252 254 255 252 255 255 255 255 255 255 255 255 255 255 255 255 255 255 255 255 255 255 255 255 255 255 255 255 254 254 254 245 226 191 134 83 113 98 84 93 87 86 79 110 103 148 253 245 253 253 254 255 255 255 254 254 254 255 255 255 
255 255 255 255 255 255 255 255 255 255 255 255 255 255 255 255 255 255 255 255 255 255 255 255 255 255 255 255 255 255 255 255 255 245 36 75 73 51 36 57 54 69 49 49 59 124 219 94 42 58 70 63 56 59 62 61 61 65 61 58 47 67 66 153 159 204 251 252 253 255 255 254 255 255 255 255 255 255 255 255 255 255 255 255 255 255 255 255 255 255 255 255 255 255 255 255 254 252 254 254 248 217 165 121 98 109 83 82 84 83 88 83 102 157 181 253 250 245 255 252 255 255 254 254 254 255 255 255 
255 255 255 255 255 255 255 255 255 255 255 255 255 255 255 255 255 255 255 255 255 255 255 255 255 255 255 255 255 255 255 255 255 243 47 61 56 23 54 53 66 52 61 52 62 58 94 43 57 67 71 62 55 56 62 61 57 59 63 58 51 70 88 148 157 179 253 255 255 254 252 255 255 255 255 255 255 255 255 255 255 255 255 255 255 255 255 255 255 255 255 255 255 255 255 255 254 254 253 252 253 250 205 151 128 102 85 84 79 91 79 105 101 152 248 253 252 254 255 253 255 255 254 254 254 255 255 255 
255 255 255 255 255 255 255 255 255 255 255 255 255 255 255 255 255 255 255 255 255 255 255 255 255 255 255 255 255 255 255 255 250 244 27 73 60 58 53 62 55 70 53 62 61 61 39 67 58 62 64 61 57 57 59 57 57 54 62 59 58 72 91 125 136 163 255 255 253 251 255 255 255 255 255 255 255 255 255 255 255 255 255 255 255 255 255 255 255 255 255 255 255 255 255 255 252 254 254 253 253 253 214 162 147 104 84 99 90 85 103 107 127 148 254 250 254 254 252 255 255 255 254 254 254 255 255 255 
255 255 255 255 255 255 255 255 255 255 255 255 255 255 255 255 255 255 255 255 255 255 255 255 255 255 255 255 255 255 255 255 253 249 72 62 66 53 75 44 55 57 58 70 56 49 49 56 56 56 59 59 59 58 58 55 54 54 65 67 58 64 20 77 96 141 209 255 255 254 255 252 255 255 255 255 255 255 255 255 255 255 255 255 255 255 255 255 255 255 255 255 255 255 255 255 255 254 254 254 254 253 254 254 189 165 154 126 121 119 156 149 168 170 249 254 254 254 247 255 255 255 254 254 254 255 255 255 
255 255 255 255 255 255 255 255 255 255 255 255 255 255 255 255 255 255 255 255 255 255 255 255 255 255 255 255 255 255 255 255 252 255 84 50 71 60 60 67 55 11 57 67 57 49 66 69 57 57 58 60 60 58 56 55 61 61 62 56 51 70 68 124 51 68 214 248 255 253 255 252 255 255 255 255 255 255 255 255 255 255 255 255 255 255 255 255 255 255 255 255 255 255 255 255 255 254 255 255 252 248 252 254 250 190 166 158 147 173 171 168 185 188 254 243 253 255 255 255 255 255 255 254 254 255 255 255 
255 255 255 255 255 255 255 255 255 255 255 255 255 255 255 255 255 255 255 255 255 255 255 255 255 255 255 255 255 255 255 255 250 255 178 48 37 56 53 27 60 58 55 59 46 60 62 65 57 58 59 61 60 58 56 56 53 67 66 59 55 61 88 107 92 72 88 218 252 255 255 254 255 255 255 255 255 255 255 255 255 255 255 255 255 255 255 255 255 255 255 255 255 255 255 255 255 255 255 252 250 253 253 251 253 255 178 180 184 180 181 253 255 252 255 255 253 253 255 254 255 255 255 254 254 255 255 255 
255 255 255 255 255 255 255 255 255 255 255 255 255 255 255 255 255 255 255 255 255 255 255 255 255 255 255 255 255 255 255 255 247 252 255 65 12 49 53 61 48 54 58 21 54 53 61 76 53 56 59 62 62 58 54 56 65 73 58 54 50 67 64 117 115 123 69 70 186 255 250 255 255 255 255 255 255 255 255 255 255 255 255 255 255 255 255 255 255 255 255 255 255 255 255 255 255 253 254 255 254 253 253 254 254 246 255 254 251 253 253 249 255 254 255 254 254 253 255 255 255 255 255 254 254 255 255 255 
255 255 255 255 255 255 255 255 255 255 255 255 255 255 255 255 255 255 255 255 255 255 255 255 255 255 255 255 255 255 255 255 255 248 253 159 31 33 73 45 45 58 65 66 72 73 65 69 83 66 58 59 54 69 69 61 57 65 72 68 67 62 65 38 113 147 178 173 111 42 250 255 254 245 251 254 255 255 255 254 255 255 255 255 255 255 255 255 255 255 255 255 255 255 255 255 255 255 255 255 255 255 255 255 255 255 255 255 255 255 255 255 255 255 255 255 255 255 255 255 255 255 255 255 255 255 255 255 
255 255 255 255 255 255 255 255 255 255 255 255 255 255 255 255 255 255 255 255 255 255 255 255 255 255 255 255 255 255 255 255 248 253 252 157 61 28 60 57 52 51 51 66 62 55 59 42 53 45 57 56 61 58 47 49 58 59 51 52 56 69 67 44 66 121 172 201 191 134 143 253 253 255 255 255 252 255 255 255 255 255 255 255 255 255 255 255 255 255 255 255 255 255 255 255 255 255 255 255 255 255 255 255 255 255 255 255 255 255 255 255 255 255 255 255 255 255 255 255 255 255 255 255 255 255 255 255 
255 255 255 255 255 255 255 255 255 255 255 255 255 255 255 255 255 255 255 255 255 255 255 255 255 255 255 255 255 255 255 255 245 253 255 173 60 62 48 56 53 53 57 64 58 50 50 40 43 52 27 66 65 52 41 49 59 58 49 49 42 57 65 82 45 53 153 169 199 201 68 114 255 255 247 255 253 252 254 255 255 255 255 255 255 255 255 255 255 255 255 255 255 255 255 255 255 255 255 255 255 255 255 255 255 255 255 255 255 255 255 255 255 255 255 255 255 255 255 255 255 255 255 255 255 255 255 255 
255 255 255 255 255 255 255 255 255 255 255 255 255 255 255 255 255 255 255 255 255 255 255 255 255 255 255 255 255 255 255 255 249 253 255 183 37 69 49 70 63 62 62 45 55 69 56 71 68 69 33 30 62 62 73 63 67 71 64 56 65 79 69 76 70 28 130 171 197 206 203 72 94 255 255 248 251 254 255 255 255 255 255 255 255 255 255 255 255 255 255 255 255 255 255 255 255 255 255 255 255 255 255 255 255 255 255 255 255 255 255 255 255 255 255 255 255 255 255 255 255 255 255 255 255 255 255 255 
255 255 255 255 255 255 255 255 255 255 255 255 255 255 255 255 255 255 255 255 255 255 255 255 255 255 255 255 255 255 255 255 255 255 255 187 53 59 65 65 63 65 63 43 50 49 12 0 30 56 68 18 32 80 64 53 37 16 9 5 18 6 8 51 44 72 27 96 170 193 208 229 193 68 246 250 246 250 255 255 255 255 255 255 255 255 255 255 255 255 255 255 255 255 255 255 255 255 255 255 255 255 255 255 255 255 255 255 255 255 255 255 255 255 255 255 255 255 255 255 255 255 255 255 255 255 255 255 
255 255 255 255 255 255 255 255 255 255 255 255 255 255 255 255 255 255 255 255 255 255 255 255 255 255 255 255 255 255 255 255 255 255 255 190 42 57 67 49 48 57 56 61 61 70 73 29 100 109 78 42 21 72 46 37 48 46 32 0 4 6 0 0 23 31 35 19 126 196 198 203 200 190 84 210 251 252 250 241 255 255 255 255 255 255 255 255 255 255 255 255 255 255 255 255 255 255 255 255 255 255 255 255 255 255 255 255 255 255 255 255 255 255 255 255 255 255 255 255 255 255 255 255 255 255 255 255 
255 255 255 255 255 255 255 255 255 255 255 255 255 255 255 255 255 255 255 255 255 255 255 255 255 255 255 255 255 255 255 255 255 255 255 213 55 56 58 57 44 58 56 67 55 54 69 19 105 109 94 84 62 16 51 58 55 61 61 38 11 17 33 19 8 0 8 0 130 196 213 213 215 191 92 107 214 249 250 249 255 255 255 255 255 255 255 255 255 255 255 255 255 255 255 255 255 255 255 255 255 255 255 255 255 255 255 255 255 255 255 255 255 255 255 255 255 255 255 255 255 255 255 255 255 255 255 255 
255 255 255 255 255 255 255 255 255 255 255 255 255 255 255 255 255 255 255 255 255 255 255 255 255 255 255 255 255 255 255 255 251 251 250 255 172 90 71 69 69 70 57 59 62 70 71 40 115 92 83 100 96 26 57 61 63 53 61 66 17 14 30 5 27 33 37 10 92 168 204 214 215 221 162 91 141 213 250 251 255 255 255 255 255 255 255 255 255 255 255 255 255 255 255 255 255 255 255 255 255 255 255 255 255 255 255 255 255 255 255 255 255 255 255 255 255 255 255 255 255 255 255 255 255 255 255 255 
255 255 255 255 255 255 255 255 255 255 255 255 255 255 255 255 255 255 255 255 255 255 255 255 252 255 255 252 255 251 255 253 252 253 249 252 255 253 166 93 55 15 44 49 60 56 62 62 115 92 92 118 109 102 48 42 65 49 41 60 66 69 1 34 28 13 30 34 12 44 199 208 216 254 226 216 173 86 255 255 255 255 252 255 254 255 253 255 255 255 255 255 255 255 255 255 255 255 255 255 255 255 255 255 255 255 255 255 255 255 255 255 255 255 255 255 255 255 255 255 255 255 255 255 255 255 255 255 
255 255 255 255 255 255 255 255 255 255 255 255 255 255 255 255 255 255 255 255 255 255 255 255 255 254 254 251 255 255 255 255 255 243 253 251 250 255 210 173 147 30 15 0 27 40 73 114 89 107 114 131 136 139 103 107 80 72 52 42 49 40 1 20 24 0 11 30 29 13 162 201 222 254 205 217 222 177 153 255 253 242 255 255 249 255 254 255 255 255 255 255 255 255 255 255 255 255 255 255 255 255 255 255 255 255 255 255 255 255 255 255 255 255 255 255 255 255 255 255 255 255 255 255 255 255 255 255 
255 255 255 255 255 255 255 255 255 255 255 255 255 255 255 255 255 255 255 255 255 255 255 255 255 250 255 255 254 255 253 255 250 255 255 253 250 253 205 170 136 65 20 29 32 32 47 115 106 111 136 136 152 151 160 127 110 105 104 107 90 75 61 36 7 30 14 21 3 35 111 201 211 251 249 248 222 219 108 156 255 255 246 255 253 253 255 252 255 255 255 255 255 255 255 255 255 255 255 255 255 255 255 255 255 255 255 255 255 255 255 255 255 255 255 255 255 255 255 255 255 255 255 255 255 255 255 255 
255 255 255 255 255 255 255 255 255 255 255 255 255 255 255 255 255 255 255 255 255 255 255 255 255 252 255 253 252 249 255 255 253 253 249 254 253 255 189 179 149 109 5 32 29 28 0 100 90 100 143 162 173 186 161 156 133 111 96 111 89 102 111 94 12 2 10 17 32 22 18 141 196 245 250 249 210 220 159 112 150 255 255 255 255 253 255 252 255 255 255 255 255 255 255 255 255 255 255 255 255 255 255 255 255 255 255 255 255 255 255 255 255 255 255 255 255 255 255 255 255 255 255 255 255 255 255 255 
255 255 255 255 255 255 255 255 255 255 255 255 255 255 255 255 255 255 255 255 255 255 255 255 254 253 254 255 255 253 255 255 250 255 255 251 254 255 255 202 185 173 29 31 17 18 14 2 121 95 155 176 215 231 211 196 168 151 120 119 116 118 98 98 120 43 31 30 23 26 24 7 55 175 251 254 252 253 214 210 171 86 255 253 255 255 255 254 255 255 255 255 255 255 255 255 255 255 255 255 255 255 255 255 255 255 255 255 255 255 255 255 255 255 255 255 255 255 255 255 255 255 255 255 255 255 255 255 
255 255 255 255 255 255 255 255 255 255 255 255 255 255 255 255 255 255 255 255 255 255 255 255 254 255 255 249 254 246 253 253 255 247 254 253 254 255 255 253 213 198 47 12 29 24 10 26 39 139 162 199 222 223 221 214 196 175 152 133 128 127 111 112 106 113 14 34 30 23 16 9 3 103 218 255 254 247 250 218 210 204 137 196 255 255 250 255 255 255 255 255 255 255 255 255 255 255 255 255 255 255 255 255 255 255 255 255 255 255 255 255 255 255 255 255 255 255 255 255 255 255 255 255 255 255 255 255 
255 255 255 255 255 255 255 255 255 255 255 255 255 255 255 255 255 255 255 255 255 255 255 255 253 255 255 249 255 255 250 255 255 253 255 255 255 251 249 254 255 255 106 28 24 36 32 31 7 109 157 191 218 223 255 229 216 193 176 169 152 154 140 130 133 147 25 1 28 27 25 30 34 21 220 255 250 254 253 253 220 210 107 119 173 254 255 255 255 255 255 255 255 255 255 255 255 255 255 255 255 255 255 255 255 255 255 255 255 255 255 255 255 255 255 255 255 255 255 255 255 255 255 255 255 255 255 255 
255 255 255 255 255 255 255 255 255 255 255 255 255 255 255 255 255 255 255 255 255 255 255 255 255 255 255 255 254 253 154 131 130 93 180 220 255 251 247 250 255 255 174 42 12 36 29 29 14 44 154 198 224 252 248 254 223 211 173 198 200 212 179 172 165 156 106 22 18 33 27 34 27 34 154 218 255 255 254 254 254 219 217 154 90 134 255 252 255 255 255 255 255 255 255 255 255 255 255 255 255 255 255 255 255 255 255 255 255 255 255 255 255 255 255 255 255 255 255 255 255 255 255 255 255 255 255 255 
255 255 255 255 255 255 255 255 255 255 255 255 255 255 255 255 255 255 255 254 251 252 255 255 253 253 189 103 74 151 238 251 251 247 220 195 167 112 96 139 206 247 95 119 43 30 29 19 23 20 115 115 155 212 250 224 253 250 252 255 255 218 219 221 215 224 194 153 74 25 25 25 24 25 29 107 191 254 255 255 250 255 219 216 216 215 133 153 186 253 251 247 250 247 254 253 254 255 255 255 253 255 255 254 255 255 255 255 255 255 255 255 255 255 255 255 255 255 255 255 255 255 255 255 255 255 255 255 
255 255 255 255 255 255 255 255 255 255 255 255 255 255 255 255 255 255 255 253 249 250 254 255 255 253 93 119 217 242 242 245 253 255 249 241 251 233 167 102 88 115 187 243 116 1 21 28 22 25 155 196 82 133 254 254 251 216 255 255 254 251 253 251 244 211 198 175 143 48 19 24 22 24 29 23 136 199 246 255 253 248 248 219 223 224 218 163 135 143 249 252 253 255 255 255 255 215 253 255 255 251 255 252 255 255 255 255 255 255 255 255 255 255 255 255 255 255 255 255 255 255 255 255 255 255 255 255 
255 255 255 255 255 255 255 255 255 255 255 255 255 255 255 255 255 255 255 251 251 253 255 254 253 253 126 245 248 255 251 243 246 246 253 253 248 251 255 248 213 121 229 255 148 17 12 25 9 22 90 244 214 79 254 253 254 255 247 251 225 254 245 221 250 249 209 192 124 38 21 19 24 24 23 33 43 64 156 253 251 249 251 254 249 217 255 249 213 157 137 149 221 251 255 201 160 156 255 255 255 255 251 255 255 255 255 255 255 255 255 255 255 255 255 255 255 255 255 255 255 255 255 255 255 255 255 255 
255 255 255 255 255 255 255 255 255 255 255 255 255 255 255 255 255 255 254 252 253 255 255 253 245 165 232 255 255 246 247 240 255 248 247 250 250 255 255 251 248 173 254 249 227 110 5 24 24 26 101 252 247 147 219 245 252 255 255 255 255 253 254 250 252 219 222 114 150 183 34 29 26 23 20 23 0 61 112 96 185 253 254 254 254 219 221 255 252 249 188 139 136 140 163 161 198 255 255 245 255 250 249 255 255 255 255 255 255 255 255 255 255 255 255 255 255 255 255 255 255 255 255 255 255 255 255 255 
255 255 255 255 255 255 255 255 255 255 255 255 255 255 255 255 251 253 254 254 255 255 255 253 192 115 245 255 255 243 247 255 248 252 250 248 250 251 251 250 255 250 179 249 250 255 247 245 238 242 255 255 249 120 136 216 198 255 214 255 255 247 226 249 255 250 128 118 231 249 233 150 63 50 32 20 20 28 244 247 134 129 255 253 252 255 252 219 244 247 249 254 252 254 248 255 253 253 255 255 251 255 255 250 255 255 255 255 255 255 255 255 255 255 255 255 255 255 255 255 255 255 255 255 255 255 255 255 
255 255 255 255 255 255 255 255 255 255 255 255 255 255 255 255 249 252 255 255 255 255 255 254 156 106 251 255 253 255 250 254 253 251 248 253 255 247 242 255 252 251 159 165 244 255 255 249 255 252 255 253 207 116 100 132 195 223 255 253 255 254 249 251 226 251 152 109 212 255 255 248 246 178 114 118 108 158 244 255 222 87 253 250 252 255 255 254 253 253 250 253 254 252 253 254 255 255 252 255 255 246 255 255 255 255 255 255 255 255 255 255 255 255 255 255 255 255 255 255 255 255 255 255 255 255 255 255 
255 255 255 255 255 255 255 255 255 255 255 255 255 255 255 255 250 252 255 255 255 255 255 255 110 146 247 254 255 242 251 255 255 254 249 245 251 255 251 249 252 252 208 184 214 219 253 255 253 255 241 210 167 178 176 87 153 206 255 255 255 220 245 253 253 249 207 74 140 247 255 255 253 249 248 245 245 255 255 255 229 88 208 248 249 252 255 255 255 255 255 251 254 254 249 251 255 247 255 251 255 255 255 253 255 255 255 255 255 255 255 255 255 255 255 255 255 255 255 255 255 255 255 255 255 255 255 255 
255 255 255 255 255 255 255 255 255 255 255 255 255 255 255 255 251 253 255 255 255 255 255 255 122 140 245 251 254 255 249 250 254 248 248 251 249 252 254 251 254 253 255 235 206 210 244 254 255 244 210 183 206 244 255 165 91 173 218 255 255 252 252 250 252 253 108 72 94 162 244 255 252 254 252 255 255 246 254 249 169 95 119 195 251 251 252 255 255 255 255 255 251 251 255 255 255 255 252 255 255 252 255 254 255 255 255 255 255 255 255 255 255 255 255 255 255 255 255 255 255 255 255 255 255 255 255 255 
255 255 255 255 255 255 255 255 255 255 255 255 255 255 255 255 250 254 255 255 255 255 255 254 164 104 244 248 255 253 255 250 253 250 247 247 249 251 251 252 253 254 253 249 245 245 247 250 255 248 249 242 251 249 252 253 166 92 220 217 225 250 253 161 87 158 240 246 239 239 223 245 246 249 254 251 231 224 155 160 212 253 253 160 61 156 253 255 255 253 255 254 255 255 255 255 255 255 255 255 255 255 255 255 255 255 255 255 255 255 255 255 255 255 255 255 255 255 255 255 255 255 255 255 255 255 255 255 
255 255 255 255 255 255 255 255 255 255 255 255 255 255 255 255 250 255 255 255 255 255 255 252 206 59 252 255 255 241 240 255 253 251 249 249 249 250 250 252 253 253 252 252 254 254 252 250 253 255 250 250 249 254 255 249 242 89 198 217 211 255 119 121 188 226 255 233 225 229 211 212 213 206 211 242 239 229 210 242 255 255 255 255 163 72 250 251 255 249 254 255 252 251 255 254 255 255 255 255 255 255 255 255 255 255 255 255 255 255 255 255 255 255 255 255 255 255 255 255 255 255 255 255 255 255 255 255 
255 255 255 255 255 255 255 255 255 255 255 255 255 255 255 255 253 255 255 255 253 255 255 252 246 117 242 255 254 249 255 249 254 253 252 251 251 252 253 252 251 250 250 253 255 255 254 252 255 249 255 252 252 246 247 254 254 116 177 193 214 189 150 234 250 249 238 221 221 223 210 208 176 172 145 153 171 210 242 252 249 255 249 255 251 151 201 251 254 255 252 254 253 254 251 254 255 255 255 255 255 255 255 255 255 255 255 255 255 255 255 255 255 255 255 255 255 255 255 255 255 255 255 255 255 255 255 255 
255 255 255 255 255 255 255 255 255 255 255 255 255 255 255 255 255 255 255 254 252 254 255 254 250 168 208 250 255 248 243 253 255 255 253 252 253 254 254 253 251 250 251 251 251 252 252 253 253 255 250 243 252 248 254 242 238 124 155 191 194 70 246 255 255 252 238 239 247 245 243 246 255 237 208 203 179 168 214 252 250 242 253 250 255 241 108 248 255 255 255 254 247 254 255 248 255 255 255 255 255 255 255 255 255 255 255 255 255 255 255 255 255 255 255 255 255 255 255 255 255 255 255 255 255 255 255 255 
255 255 255 255 255 255 255 255 255 255 255 255 255 255 255 255 255 255 255 254 253 254 255 255 255 255 70 143 250 253 255 249 255 254 252 251 252 252 252 252 253 253 251 250 250 251 252 252 255 246 252 253 237 250 253 255 227 64 133 133 62 224 252 249 246 251 244 242 245 249 252 249 248 248 251 252 253 253 251 231 220 245 242 255 255 255 147 65 217 253 255 252 255 255 255 252 255 255 255 255 255 255 255 255 255 255 255 255 255 255 255 255 255 255 255 255 255 255 255 255 255 255 255 255 255 255 255 255 
255 255 255 255 255 255 255 255 255 255 255 255 255 255 255 255 254 254 254 255 255 255 255 255 255 252 153 67 150 247 251 252 255 252 251 252 252 250 249 251 254 254 251 249 250 253 253 251 250 251 255 247 255 253 253 246 126 91 106 113 126 254 251 250 249 252 252 255 254 249 251 251 255 255 255 253 250 255 251 239 244 245 255 254 251 249 217 70 149 200 253 255 254 252 255 250 255 255 255 255 255 255 255 255 255 255 255 255 255 255 255 255 255 255 255 255 255 255 255 255 255 255 255 255 255 255 255 255 
255 255 255 255 255 255 255 255 255 255 255 255 255 255 255 255 253 254 255 255 254 254 255 255 255 252 218 151 62 146 245 255 252 250 250 252 253 251 249 249 252 253 252 251 252 253 253 251 255 249 247 253 253 252 243 124 73 113 89 69 214 255 247 242 251 244 249 255 255 251 251 255 249 251 254 255 252 249 249 249 250 255 255 248 255 246 243 155 105 183 246 255 255 255 250 251 255 255 255 255 255 255 255 255 255 255 255 255 255 255 255 255 255 255 255 255 255 255 255 255 255 255 255 255 255 255 255 255 
255 255 255 255 255 255 255 255 255 255 255 255 255 255 255 255 253 255 255 255 252 251 252 252 249 255 255 194 152 57 208 255 250 250 250 252 254 254 251 250 250 251 253 253 252 251 251 251 255 250 246 250 255 252 85 71 109 84 105 69 225 252 255 239 254 250 251 244 241 253 255 252 251 254 248 255 249 247 249 249 250 255 255 250 253 248 253 208 68 146 221 255 255 255 250 249 255 255 255 255 255 255 255 255 255 255 255 255 255 255 255 255 255 255 255 255 255 255 255 255 255 255 255 255 255 255 255 255 
255 255 255 255 255 255 255 255 255 255 255 255 255 255 255 255 255 255 255 255 255 255 255 255 255 253 253 216 199 174 111 63 66 126 205 244 248 255 254 255 255 250 255 254 251 255 255 255 254 224 179 106 51 56 103 93 93 88 102 74 219 255 252 246 249 251 251 250 251 250 249 251 253 253 253 253 253 253 253 253 255 254 251 251 249 255 252 238 84 107 192 219 255 255 252 249 255 255 255 255 255 255 255 255 255 255 255 255 255 255 255 255 255 255 255 255 255 255 255 255 255 255 255 255 255 255 255 255 
255 255 255 255 255 255 255 255 255 255 255 255 255 255 255 255 255 255 255 255 255 255 255 255 249 255 252 255 216 202 139 106 115 59 74 151 182 215 248 251 250 248 249 246 249 238 204 185 145 114 66 78 82 99 96 94 92 93 112 60 221 246 252 249 250 249 246 245 252 255 255 252 252 251 251 251 252 252 252 253 253 255 251 248 255 250 254 237 105 108 158 197 225 244 250 255 255 255 255 255 255 255 255 255 255 255 255 255 255 255 255 255 255 255 255 255 255 255 255 255 255 255 255 255 255 255 255 255 
255 255 255 255 255 255 255 255 255 255 255 255 255 255 255 255 255 255 255 255 255 255 255 255 255 255 252 255 215 217 150 144 115 107 77 70 56 66 106 137 151 157 150 144 142 112 72 70 66 86 114 92 104 87 105 87 111 96 104 73 145 247 255 243 253 250 254 255 252 245 247 248 250 250 250 251 251 252 252 252 249 252 255 255 245 252 255 222 72 101 151 204 215 251 252 255 255 255 255 255 255 255 255 255 255 255 255 255 255 255 255 255 255 255 255 255 255 255 255 255 255 255 255 255 255 255 255 255 
255 255 255 255 255 255 255 255 255 255 255 255 255 255 255 255 255 255 255 255 255 255 255 255 255 254 255 252 255 213 193 159 132 134 108 99 85 89 86 90 82 95 93 89 92 83 76 90 74 104 88 97 91 98 83 110 110 107 140 138 52 246 251 252 255 247 247 250 248 249 252 254 250 252 252 253 253 252 252 251 250 244 245 248 255 247 252 207 66 96 139 184 197 250 254 253 255 255 255 255 255 255 255 255 255 255 255 255 255 255 255 255 255 255 255 255 255 255 255 255 255 255 255 255 255 255 255 255 
255 255 255 255 255 255 255 255 255 255 255 255 255 255 255 255 255 255 255 255 255 255 255 255 255 252 255 255 251 255 220 216 208 183 143 126 113 114 93 105 93 99 96 87 89 98 101 91 101 83 86 99 92 95 112 131 135 158 194 189 153 51 246 255 249 253 254 248 246 249 249 244 251 252 253 253 252 250 249 249 255 244 252 250 250 251 177 47 106 102 128 159 191 226 252 251 255 255 255 255 255 255 255 255 255 255 255 255 255 255 255 255 255 255 255 255 255 255 255 255 255 255 255 255 255 255 255 255 
255 255 255 255 255 255 255 255 255 255 255 255 255 255 255 255 255 255 255 255 255 255 255 255 254 255 252 249 255 248 255 251 221 200 171 160 144 143 108 115 114 100 98 106 102 105 110 99 99 109 110 115 118 135 135 152 158 182 215 205 251 113 187 252 254 255 251 254 255 255 254 255 252 251 250 249 248 248 247 247 247 251 250 252 255 245 64 77 99 97 138 161 202 221 255 251 255 255 255 255 255 255 255 255 255 255 255 255 255 255 255 255 255 255 255 255 255 255 255 255 255 255 255 255 255 255 255 255 
255 255 255 255 255 255 255 255 255 255 255 255 255 255 255 255 255 255 255 255 255 255 255 255 254 254 255 255 255 255 253 255 254 214 196 207 166 159 142 133 133 114 106 119 114 107 118 118 111 113 131 139 134 149 170 198 198 219 255 255 252 191 64 143 246 253 249 250 255 255 250 255 253 251 248 247 247 247 248 248 255 255 255 255 250 205 68 108 83 93 140 159 194 217 255 255 255 255 255 255 255 255 255 255 255 255 255 255 255 255 255 255 255 255 255 255 255 255 255 255 255 255 255 255 255 255 255 255 
255 255 255 255 255 255 255 255 255 255 255 255 255 255 255 255 255 255 255 255 255 255 255 255 255 255 250 255 255 251 255 255 252 252 215 211 198 194 169 161 156 152 136 130 131 142 151 137 157 154 165 156 185 185 196 215 214 254 255 255 246 216 132 69 93 185 245 247 249 252 251 254 254 252 252 251 251 251 251 251 252 251 255 239 184 42 98 90 106 101 135 163 192 213 255 255 255 255 255 255 255 255 255 255 255 255 255 255 255 255 255 255 255 255 255 255 255 255 255 255 255 255 255 255 255 255 255 255 
255 255 255 255 255 255 255 255 255 255 255 255 255 255 255 255 255 255 255 255 255 255 255 255 255 255 255 255 255 255 255 255 252 252 253 252 253 243 224 210 220 208 199 216 187 195 198 214 221 215 212 223 246 255 255 252 254 252 255 252 254 254 193 165 138 109 69 47 89 151 234 248 249 252 255 251 255 251 253 249 246 216 40 70 86 102 96 93 92 112 134 166 190 254 255 255 255 255 255 255 255 255 255 255 255 255 255 255 255 255 255 255 255 255 255 255 255 255 255 255 255 255 255 255 255 255 255 255 
255 255 255 255 255 255 255 255 255 255 255 255 255 255 255 255 255 255 255 255 255 255 255 255 255 255 255 255 255 255 255 255 254 254 252 255 255 255 255 253 250 254 251 250 228 252 254 250 255 255 252 250 252 254 253 253 253 252 253 253 254 255 218 198 151 134 106 106 70 41 58 87 123 162 184 223 213 217 159 124 79 40 111 103 97 90 93 95 98 115 156 193 220 253 249 250 255 255 255 255 255 255 255 255 255 255 255 255 255 255 255 255 255 255 255 255 255 255 255 255 255 255 255 255 255 255 255 255 
255 255 255 255 255 255 255 255 255 255 255 255 255 255 255 255 255 255 255 255 255 255 255 255 255 255 255 255 255 255 255 255 254 255 254 254 254 254 255 255 253 254 253 253 243 255 255 255 255 255 255 254 253 252 253 254 255 254 254 254 253 253 224 199 174 156 108 108 102 110 99 91 77 66 70 51 55 44 77 102 100 117 80 97 102 97 86 102 117 138 181 193 220 249 251 245 255 255 255 255 255 255 255 255 255 255 255 255 255 255 255 255 255 255 255 255 255 255 255 255 255 255 255 255 255 255 255 255 
255 255 255 255 255 255 255 255 255 255 255 255 255 255 255 255 255 255 255 255 255 255 255 255 255 255 255 255 255 255 255 255 252 254 255 255 255 255 255 254 255 250 253 255 255 254 255 255 254 255 255 254 255 254 252 255 255 254 255 255 255 255 244 219 191 176 140 113 111 104 100 91 95 85 83 75 89 86 94 87 92 100 107 94 95 93 100 119 131 143 191 221 251 252 251 246 255 255 255 255 255 255 255 255 255 255 255 255 255 255 255 255 255 255 255 255 255 255 255 255 255 255 255 255 255 255 255 255 
255 255 255 255 255 255 255 255 255 255 255 255 255 255 255 255 255 255 255 255 255 255 255 255 255 255 255 255 255 255 255 255 255 255 255 255 255 255 255 255 255 253 255 255 255 255 255 255 255 255 255 255 255 255 252 253 255 255 255 255 253 253 252 249 255 255 255 253 255 255 255 251 249 251 251 251 247 252 250 254 248 255 254 255 255 255 255 255 254 250 255 255 253 252 252 254 255 255 255 255 255 255 255 255 255 255 255 255 255 255 255 255 255 255 255 255 255 255 255 255 255 255 255 255 255 255 255 255 
255 255 255 255 255 255 255 255 255 255 255 255 255 255 255 255 255 255 255 255 255 255 255 255 255 255 255 255 255 255 255 255 255 255 255 254 252 252 250 251 255 255 255 255 255 255 255 255 252 255 253 253 255 254 253 254 255 255 255 254 253 249 252 249 247 255 254 251 250 253 254 252 255 249 254 255 255 250 255 255 255 248 250 253 255 255 255 246 248 253 255 251 246 254 255 255 255 255 255 255 255 255 255 255 255 255 255 255 255 255 255 255 255 255 255 255 255 255 255 255 255 255 255 255 255 255 255 255 
255 255 255 255 255 255 255 255 255 255 255 255 255 255 255 255 255 255 255 255 255 255 255 255 255 255 255 255 255 255 255 255 250 252 254 254 254 254 254 255 255 255 253 255 255 255 251 254 255 255 252 252 254 255 253 255 255 254 255 254 255 253 252 251 254 254 248 253 251 254 254 255 252 255 255 255 255 255 255 252 254 252 249 252 250 255 253 250 252 250 254 253 254 250 255 255 255 255 255 255 255 255 255 255 255 255 255 255 255 255 255 255 255 255 255 255 255 255 255 255 255 255 255 255 255 255 255 255 
255 255 255 255 255 255 255 255 255 255 255 255 255 255 255 255 255 255 255 255 255 255 255 255 255 255 255 255 255 255 255 255 253 253 254 254 252 252 255 255 253 255 254 254 251 253 250 251 254 252 247 247 254 255 255 254 254 255 255 252 255 251 249 252 252 251 254 254 251 254 255 255 255 255 254 255 253 254 251 254 255 255 251 255 255 254 250 250 254 253 253 247 254 255 255 254 255 255 255 255 255 255 255 255 255 255 255 255 255 255 255 255 255 255 255 255 255 255 255 255 255 255 255 255 255 255 255 255 
