255 255 255 255 255 255 255 255 255 255 255 255 255 255 255 255 255 255 255 255 255 255 255 255 255 255 255 255 255 255 255 255 255 255 255 255 255 255 255 255 255 255 255 255 255 255 255 255 255 255 255 255 255 255 255 255 255 255 255 255 255 255 255 255 252 255 255 250 255 255 248 255 255 252 255 254 253 255 255 255 255 255 255 255 255 255 255 255 255 255 255 255 255 255 255 255 255 255 255 255 255 255 255 255 255 255 255 255 255 255 255 255 255 255 255 255 255 255 255 255 255 255 255 255 255 255 255 255 
255 255 255 255 255 255 255 255 255 255 255 255 255 255 255 255 255 255 255 255 255 255 255 255 255 255 255 255 255 255 255 255 255 255 255 255 255 255 255 255 255 255 255 255 255 255 255 255 255 255 255 255 255 255 255 255 255 255 255 255 255 255 255 255 255 255 250 255 248 254 255 255 255 255 249 255 255 255 253 253 255 255 255 255 255 255 255 255 255 255 255 255 255 255 255 255 255 255 255 255 255 255 255 255 255 255 255 255 255 255 255 255 255 255 255 255 255 255 255 255 255 255 255 255 255 255 255 255 
255 255 255 255 255 255 255 255 255 255 255 255 255 255 255 255 255 255 255 255 255 255 255 255 255 255 255 255 255 255 255 255 255 255 255 255 255 255 255 255 255 255 255 255 255 255 255 255 255 255 255 255 255 255 255 255 255 255 255 255 255 255 255 255 255 255 255 249 255 255 247 255 254 255 253 255 251 254 255 255 255 255 255 255 255 255 255 255 255 255 255 255 255 255 255 255 255 255 255 255 255 255 255 255 255 255 255 255 255 255 255 255 255 255 255 255 255 255 255 255 255 255 255 255 255 255 255 255 
255 255 255 255 255 255 255 255 255 255 255 255 255 255 255 255 255 255 255 255 255 255 255 255 255 255 255 255 255 255 255 255 255 255 255 255 255 255 255 255 255 255 255 255 255 255 255 255 255 255 255 255 255 255 255 255 255 255 255 255 255 255 255 255 255 248 255 255 253 255 254 255 255 251 254 255 255 255 255 252 255 255 255 255 255 255 255 255 255 255 255 255 255 255 255 255 255 255 255 255 255 255 255 255 255 255 255 255 255 255 255 255 255 255 255 255 255 255 255 255 255 255 255 255 255 255 255 255 
255 255 255 255 255 255 255 255 255 255 255 255 255 255 255 255 255 255 255 255 255 255 255 255 255 255 255 255 255 255 255 255 255 255 255 255 255 255 255 255 255 255 255 255 255 255 255 255 255 255 255 255 255 255 255 255 255 255 255 255 255 255 255 255 255 249 255 250 255 255 255 254 255 253 255 255 249 255 254 255 255 255 255 255 255 255 255 255 255 255 255 255 255 255 255 255 255 255 255 255 255 255 255 255 255 255 255 255 255 255 255 255 255 255 255 255 255 255 255 255 255 255 255 255 255 255 255 255 
255 255 255 255 255 255 255 255 255 255 255 255 255 255 255 255 255 255 255 255 255 255 255 255 255 255 255 255 255 255 255 255 255 255 255 255 255 255 255 255 255 255 255 255 255 255 255 255 255 255 255 255 255 255 255 255 255 255 255 255 255 255 255 255 255 255 255 255 250 255 165 163 136 131 176 249 255 255 249 255 255 255 255 255 255 255 255 255 255 255 255 255 255 255 255 255 255 255 255 255 255 255 255 255 255 255 255 255 255 255 255 255 255 255 255 255 255 255 255 255 255 255 255 255 255 255 255 255 
255 255 255 255 255 255 255 255 255 255 255 255 255 255 255 255 255 255 255 255 255 255 255 255 255 255 255 255 255 255 255 255 255 255 255 255 255 255 255 255 255 255 255 255 255 255 255 255 255 255 255 255 255 255 255 255 255 255 255 255 255 255 255 255 250 252 254 190 133 69 26 9 9 13 22 47 83 169 254 254 255 255 255 255 255 255 255 255 255 255 255 255 255 255 255 255 255 255 255 255 255 255 255 255 255 255 255 255 255 255 255 255 255 255 255 255 255 255 255 255 255 255 255 255 255 255 255 255 
255 255 255 255 255 255 255 255 255 255 255 255 255 255 255 255 255 255 255 255 255 255 255 255 255 255 255 255 255 255 255 255 255 255 255 255 255 255 255 255 255 255 255 255 255 255 255 255 255 255 255 255 255 255 255 255 255 255 255 255 255 255 255 255 254 253 83 47 9 6 29 24 24 23 29 10 0 27 194 253 255 255 255 255 255 255 255 255 255 255 255 255 255 255 255 255 255 255 255 255 255 255 255 255 255 255 255 255 255 255 255 255 255 255 255 255 255 255 255 255 255 255 255 255 255 255 255 255 
255 255 255 255 255 255 255 255 255 255 255 255 255 255 255 255 255 255 255 255 255 255 255 255 255 255 255 255 255 255 255 255 255 255 255 255 255 255 255 255 255 255 255 255 255 255 255 255 255 255 255 255 255 255 255 255 253 255 254 252 255 255 250 255 137 28 25 22 29 22 26 30 11 25 23 26 29 22 11 42 163 255 251 255 255 253 255 250 255 255 255 255 255 255 255 255 255 255 255 255 255 255 255 255 255 255 255 255 255 255 255 255 255 255 255 255 255 255 255 255 255 255 255 255 255 255 255 255 
255 255 255 255 255 255 255 255 255 255 255 255 255 255 255 255 255 255 255 255 255 255 255 255 255 255 255 255 255 255 255 255 255 255 255 255 255 255 255 255 255 255 255 255 255 255 255 255 255 255 255 255 255 255 255 255 255 252 253 255 251 254 255 152 22 2 23 30 25 12 7 4 28 8 18 24 22 31 28 7 38 202 252 251 254 255 254 255 255 255 255 255 255 255 255 255 255 255 255 255 255 255 255 255 255 255 255 255 255 255 255 255 255 255 255 255 255 255 255 255 255 255 255 255 255 255 255 255 
255 255 255 255 255 255 255 255 255 255 255 255 255 255 255 255 255 255 255 255 255 255 255 255 255 255 255 255 255 255 255 255 255 255 255 255 255 255 255 255 255 255 255 255 255 255 255 255 255 255 255 255 255 255 255 255 255 249 255 251 248 255 196 46 1 21 11 9 5 6 12 15 8 8 24 19 23 22 26 25 10 106 255 255 255 249 253 250 255 255 255 255 255 255 255 255 255 255 255 255 255 255 255 255 255 255 255 255 255 255 255 255 255 255 255 255 255 255 255 255 255 255 255 255 255 255 255 255 
255 255 255 255 255 255 255 255 255 255 255 255 255 255 255 255 255 255 255 255 255 255 255 255 255 255 255 255 255 255 255 255 255 255 255 255 255 255 255 255 255 255 255 255 255 255 255 255 255 255 255 255 255 255 255 255 255 255 253 255 255 254 133 9 13 28 6 10 16 11 7 5 5 14 10 4 23 13 4 29 6 46 254 250 255 255 254 255 255 255 255 255 255 255 255 255 255 255 255 255 255 255 255 255 255 255 255 255 255 255 255 255 255 255 255 255 255 255 255 255 255 255 255 255 255 255 255 255 
255 255 255 255 255 255 255 255 255 255 255 255 255 255 255 255 255 255 255 255 255 255 255 255 255 255 255 255 255 255 255 255 255 255 255 255 255 255 255 255 255 255 255 255 255 255 255 255 255 255 255 255 255 255 255 255 253 253 255 244 254 255 11 10 19 15 5 4 11 5 9 12 15 7 3 9 13 19 14 24 29 5 166 196 215 253 253 255 255 255 255 255 255 255 255 255 255 255 255 255 255 255 255 255 255 255 255 255 255 255 255 255 255 255 255 255 255 255 255 255 255 255 255 255 255 255 255 255 
255 255 255 255 255 255 255 255 255 255 255 255 255 255 255 255 255 255 255 255 255 255 255 255 255 255 255 255 255 255 255 255 255 255 255 255 255 255 255 255 255 255 255 255 255 255 255 255 255 255 255 255 255 255 255 255 255 254 255 255 251 254 0 13 10 4 16 10 13 5 11 8 7 6 12 16 6 23 25 25 29 10 150 201 211 218 255 255 255 255 255 255 255 255 255 255 255 255 255 255 255 255 255 255 255 255 255 255 255 255 255 255 255 255 255 255 255 255 255 255 255 255 255 255 255 255 255 255 
255 255 255 255 255 255 255 255 255 255 255 255 255 255 255 255 255 255 255 255 255 255 255 255 255 255 255 255 255 255 255 255 255 255 255 255 255 255 255 255 255 255 255 255 255 255 255 255 255 255 255 255 255 255 255 255 250 250 255 254 255 255 0 31 12 6 12 5 7 0 10 5 8 12 9 3 8 16 9 11 22 31 142 157 202 211 255 253 255 255 255 255 255 255 255 255 255 255 255 255 255 255 255 255 255 255 255 255 255 255 255 255 255 255 255 255 255 255 255 255 255 255 255 255 255 255 255 255 
255 255 255 255 255 255 255 255 255 255 255 255 255 255 255 255 255 255 255 255 255 255 255 255 255 255 255 255 255 255 255 255 255 255 255 255 255 255 255 255 255 255 255 255 255 255 255 255 255 255 255 255 255 255 255 255 253 255 252 252 254 218 1 9 8 10 9 11 11 0 10 11 9 8 13 6 12 7 10 23 30 6 131 161 168 196 253 255 255 255 255 255 255 255 255 255 255 255 255 255 255 255 255 255 255 255 255 255 255 255 255 255 255 255 255 255 255 255 255 255 255 255 255 255 255 255 255 255 
255 255 255 255 255 255 255 255 255 255 255 255 255 255 255 255 255 255 255 255 255 255 255 255 255 255 255 255 255 255 255 255 255 255 255 255 255 255 255 255 255 255 255 255 255 255 255 255 255 255 254 254 254 254 255 255 255 253 255 252 255 250 0 6 25 14 5 3 5 4 9 18 4 13 6 8 2 5 41 27 28 10 110 113 134 180 252 252 254 254 254 254 254 254 254 254 255 255 255 255 255 255 255 255 255 255 255 255 255 255 255 255 255 255 255 255 255 255 255 255 255 255 255 255 255 255 255 255 
255 255 255 255 255 255 255 255 255 255 255 255 255 255 255 255 255 255 255 255 255 255 255 255 255 255 255 255 255 255 255 255 255 255 255 255 255 255 255 255 255 255 255 255 255 255 255 255 255 255 255 255 255 255 255 255 253 255 255 255 255 254 0 13 17 11 6 4 4 5 9 13 17 12 6 10 8 32 1 14 25 0 116 110 134 159 216 255 255 255 255 255 255 255 255 255 255 255 255 255 255 255 255 255 255 255 255 255 255 255 255 255 255 255 255 255 255 255 255 255 255 255 255 255 255 255 255 255 
255 255 255 255 255 255 255 255 255 255 255 255 255 255 255 255 255 255 255 255 255 255 255 255 255 255 255 255 255 255 255 255 255 255 255 255 255 255 255 255 255 255 255 255 255 255 255 255 254 255 255 255 255 255 255 255 255 245 252 249 248 254 49 0 28 16 3 0 1 7 12 7 5 16 8 0 10 0 19 30 28 38 92 115 133 154 220 249 255 255 255 255 255 255 255 255 255 255 255 255 255 255 255 255 255 255 255 255 255 255 255 255 255 255 255 255 255 255 255 255 255 255 255 255 255 255 255 255 
255 255 255 255 255 255 255 255 255 255 255 255 255 255 255 255 255 255 255 255 255 255 255 255 255 255 255 255 255 255 255 255 255 255 255 255 255 255 255 255 255 255 255 255 255 255 255 255 254 255 255 255 255 255 255 255 252 251 248 249 250 254 111 1 11 6 5 5 0 0 8 11 17 8 5 7 2 27 25 30 10 41 97 101 134 156 221 253 255 255 255 255 255 255 255 255 255 255 255 255 255 255 255 255 255 255 255 255 255 255 255 255 255 255 255 255 255 255 255 255 255 255 255 255 255 255 255 255 
255 255 255 255 255 255 255 255 255 255 255 255 255 255 255 255 255 255 255 255 255 255 255 255 255 255 255 255 255 255 255 255 255 255 255 255 255 255 255 255 255 255 255 255 255 255 255 255 255 255 255 255 255 255 255 254 251 243 248 242 252 255 253 141 33 10 2 4 0 0 7 9 4 3 11 21 1 11 4 13 91 108 97 115 115 154 208 255 255 255 255 255 255 255 255 255 255 255 255 255 255 255 255 255 255 255 255 255 255 255 255 255 255 255 255 255 255 255 255 255 255 255 255 255 255 255 255 255 
255 255 255 255 255 255 255 255 255 255 255 255 255 255 255 255 255 255 255 255 255 255 255 255 255 255 255 255 255 255 255 255 255 255 255 255 255 255 255 255 255 255 255 255 255 255 255 255 255 255 255 255 255 255 255 254 244 250 251 252 252 255 202 160 50 18 4 6 1 1 5 5 13 10 6 21 0 24 18 70 109 100 104 109 135 168 217 251 255 255 255 255 255 255 255 255 255 255 255 255 255 255 255 255 255 255 255 255 255 255 255 255 255 255 255 255 255 255 255 255 255 255 255 255 255 255 255 255 
255 255 255 255 255 255 255 255 255 255 255 255 255 255 255 255 255 255 255 255 255 255 255 255 255 255 255 255 255 255 255 255 255 255 255 255 255 255 255 255 255 255 255 255 255 255 255 255 255 255 255 255 254 254 252 252 254 254 250 187 115 87 53 36 23 10 15 18 1 0 5 8 6 14 6 4 7 3 83 117 88 108 96 118 132 167 253 255 255 255 255 255 255 255 255 255 255 255 255 255 255 255 255 255 255 255 255 255 255 255 255 255 255 255 255 255 255 255 255 255 255 255 255 255 255 255 255 255 
255 255 255 255 255 255 255 255 255 255 255 255 255 255 255 255 255 255 255 255 255 255 255 255 255 255 255 255 255 255 255 255 255 255 255 255 255 255 255 255 255 255 255 255 255 255 255 255 255 255 254 252 249 249 251 254 255 220 77 54 59 97 166 116 57 26 12 7 0 6 15 11 30 4 5 12 20 65 98 91 100 87 115 110 142 181 252 255 255 255 255 255 255 255 255 255 255 255 255 255 255 255 255 255 255 255 255 255 255 255 255 255 255 255 255 255 255 255 255 255 255 255 255 255 255 255 255 255 
255 255 255 255 255 255 255 255 255 255 255 255 255 255 255 255 255 255 255 255 255 255 255 255 255 255 255 255 255 255 255 255 255 255 255 255 255 255 255 255 255 255 255 255 255 255 255 255 255 255 252 248 247 242 191 102 52 13 143 223 207 205 218 221 225 226 16 11 9 4 1 8 13 12 100 99 85 91 86 107 90 96 137 160 178 195 249 255 254 255 253 252 255 255 254 255 255 253 255 255 255 255 252 255 255 255 255 255 255 255 255 255 255 255 255 255 255 255 255 255 255 255 255 255 255 255 255 255 
255 255 255 255 255 255 255 255 255 255 255 255 255 255 255 255 255 255 255 255 255 255 255 255 255 255 255 255 255 255 255 255 255 255 255 255 255 255 255 255 255 255 255 255 255 255 255 255 255 247 252 249 246 247 63 29 11 63 228 207 197 178 233 225 233 227 36 15 13 6 8 14 4 16 17 90 99 97 96 107 97 118 154 155 196 213 255 255 218 177 157 181 201 252 255 255 255 255 254 254 251 255 255 250 255 255 255 255 255 255 255 255 255 255 255 255 255 255 255 255 255 255 255 255 255 255 255 255 
255 255 255 255 255 255 255 255 255 255 255 255 255 255 255 255 255 255 255 255 255 255 255 255 255 255 255 255 255 255 255 255 255 255 255 255 255 255 255 255 255 255 255 255 255 255 255 255 255 255 253 250 246 151 49 18 45 193 234 239 237 213 232 233 240 226 106 17 6 28 7 17 10 13 17 29 64 115 104 99 112 135 167 200 220 255 179 94 68 61 50 38 64 67 213 253 253 255 250 255 255 252 255 254 255 255 255 255 255 255 255 255 255 255 255 255 255 255 255 255 255 255 255 255 255 255 255 255 
255 255 255 255 255 255 255 255 255 255 255 255 255 255 255 255 255 255 255 255 255 255 255 255 255 255 255 255 255 255 255 255 255 255 255 255 255 255 255 255 255 255 255 255 255 255 255 255 254 251 252 255 163 69 107 46 172 231 233 231 244 245 238 236 242 232 173 32 5 26 2 16 12 24 22 24 12 65 111 145 137 154 194 218 215 220 39 30 8 8 29 9 1 29 65 137 255 251 255 250 255 253 254 253 255 255 255 255 255 255 255 255 255 255 255 255 255 255 255 255 255 255 255 255 255 255 255 255 
255 255 255 255 255 255 255 255 255 255 255 255 255 255 255 255 255 255 255 255 255 255 255 255 255 255 255 255 255 255 255 255 255 255 255 255 255 255 255 255 255 255 255 255 255 255 255 255 252 255 219 74 115 217 156 187 230 233 231 238 237 235 243 252 244 241 190 53 13 0 0 10 13 9 16 13 16 16 107 170 195 192 230 163 45 10 25 27 10 7 11 9 34 20 20 10 11 59 255 255 255 255 255 255 255 255 255 255 255 255 255 255 255 255 255 255 255 255 255 255 255 255 255 255 255 255 255 255 
255 255 255 255 255 255 255 255 255 255 255 255 255 255 255 255 255 255 255 255 255 255 255 255 255 255 255 255 255 255 255 255 255 255 255 255 255 255 255 255 255 255 255 255 255 255 255 255 240 254 141 97 232 251 207 237 226 230 236 226 245 251 251 250 246 241 201 52 10 0 1 7 9 4 6 5 3 29 41 132 197 216 194 40 13 7 10 10 7 9 3 11 6 9 36 21 13 10 253 255 251 254 250 251 255 255 255 255 255 255 255 255 255 255 255 255 255 255 255 255 255 255 255 255 255 255 255 255 
255 255 255 255 255 255 255 255 255 255 255 255 255 255 255 255 255 255 255 255 255 255 255 255 255 255 255 255 255 255 255 255 255 255 255 255 255 255 255 255 255 255 255 255 255 255 255 255 247 254 76 192 255 233 251 235 233 212 168 228 233 233 249 255 247 239 211 47 3 13 0 5 3 6 9 6 8 0 0 69 175 207 92 10 4 10 10 3 9 9 8 14 2 9 21 8 25 8 166 248 255 255 255 255 255 255 255 255 255 255 255 255 255 255 255 255 255 255 255 255 255 255 255 255 255 255 255 255 
255 255 255 255 255 255 255 255 255 255 255 255 255 255 255 255 255 255 255 255 255 255 255 255 255 255 255 255 255 255 255 255 255 255 255 255 255 255 255 255 255 255 255 255 255 255 255 255 245 248 119 249 238 251 247 248 201 211 220 154 233 251 253 255 245 244 202 56 9 0 1 4 7 7 2 2 2 10 4 23 130 213 23 7 4 3 0 8 4 7 10 0 10 6 6 7 26 28 41 197 250 255 255 251 255 255 255 255 255 255 255 255 255 255 255 255 255 255 255 255 255 255 255 255 255 255 255 255 
255 255 255 255 255 255 255 255 255 255 255 255 255 255 255 255 255 252 255 255 252 255 251 255 255 255 255 255 248 255 254 255 255 255 255 254 252 252 252 254 254 255 255 255 255 254 255 255 255 158 207 207 211 207 236 188 207 253 252 217 172 235 244 245 240 233 182 27 8 4 8 0 0 0 9 7 7 9 0 0 27 107 13 11 0 10 0 10 1 7 2 0 6 12 11 10 27 5 8 64 199 218 247 255 255 255 255 251 255 255 252 254 255 255 255 255 255 255 255 255 255 255 255 255 255 255 255 255 
255 255 255 255 255 255 255 255 255 255 255 255 255 255 255 255 255 251 253 255 255 250 255 255 255 245 251 255 255 255 255 255 255 255 255 255 254 252 252 254 254 254 220 138 97 164 254 251 255 92 186 255 230 211 232 194 224 254 251 229 162 227 237 251 241 233 165 35 10 21 8 2 3 2 2 9 8 7 0 1 3 38 3 11 12 10 9 8 10 6 7 10 10 10 9 5 4 11 10 49 160 194 255 253 255 255 255 255 255 253 247 253 255 255 255 255 255 255 255 255 255 255 255 255 255 255 255 255 
255 255 255 255 255 255 255 255 255 255 255 255 255 255 255 255 249 255 255 252 255 250 219 214 255 255 255 250 255 251 255 255 255 255 255 255 254 254 254 254 255 255 93 31 21 17 255 255 217 64 176 255 231 208 214 176 225 224 247 252 158 238 246 241 254 241 112 12 5 0 14 10 11 10 4 12 8 5 23 0 11 0 1 1 0 0 11 7 6 8 0 3 15 8 2 16 9 24 18 20 139 169 221 255 255 252 255 255 254 255 254 254 255 255 255 255 255 255 255 255 255 255 255 255 255 255 255 255 
255 255 255 255 255 255 255 255 255 255 255 255 255 255 255 255 255 253 254 255 212 138 99 111 176 254 255 250 252 255 254 255 255 255 255 255 255 254 254 255 253 255 5 8 56 46 178 252 206 63 195 249 202 185 210 178 224 246 247 253 165 232 237 244 251 240 67 10 21 11 16 17 17 10 4 13 10 17 3 13 3 0 10 9 0 0 8 3 8 0 0 3 0 2 15 22 8 6 26 28 131 155 217 255 255 255 255 254 252 255 254 249 255 255 255 255 255 255 255 255 255 255 255 255 255 255 255 255 
255 255 255 255 255 255 255 255 255 255 255 255 255 255 255 255 255 251 253 107 90 218 254 255 219 113 255 253 255 252 252 255 255 255 255 255 255 255 255 255 255 157 2 48 217 254 22 192 125 117 214 137 92 189 193 178 255 202 42 215 171 227 245 234 251 225 13 32 60 124 203 238 233 226 192 108 55 4 11 15 0 9 10 10 7 1 1 0 0 8 0 0 2 1 4 24 2 21 28 31 112 109 184 186 253 255 255 255 255 254 254 251 255 255 255 255 255 255 255 255 255 255 255 255 255 255 255 255 
255 255 255 255 255 255 255 255 255 255 255 255 255 255 255 255 255 255 152 87 248 255 255 253 251 132 248 255 251 255 255 246 255 255 255 255 255 255 255 255 255 120 0 39 214 254 27 138 132 124 157 0 59 202 191 170 222 92 0 48 177 244 234 243 233 175 59 156 220 240 242 250 251 245 249 229 205 83 8 2 12 14 0 0 8 0 0 4 1 1 6 6 0 3 10 9 11 25 15 37 113 114 169 173 255 255 252 255 255 255 254 254 255 255 255 255 255 255 255 255 255 255 255 255 255 255 255 255 
255 255 255 255 255 255 255 255 255 255 255 255 255 255 255 255 249 255 89 195 255 251 224 254 224 133 255 255 254 249 255 255 255 255 255 255 255 255 255 255 254 157 0 41 209 250 0 116 152 166 90 0 77 233 191 214 173 37 23 22 204 242 238 238 227 105 194 235 229 245 245 242 254 247 233 231 247 228 6 4 5 0 0 0 7 0 2 5 0 6 3 1 9 7 2 8 26 2 3 72 98 116 168 172 252 255 255 254 255 253 250 253 255 255 255 255 255 255 255 255 255 255 255 255 255 255 255 255 
255 255 255 255 255 255 255 255 255 255 255 255 255 255 255 255 254 255 95 221 254 255 252 255 194 114 215 212 255 255 252 255 254 255 255 255 255 255 255 255 254 180 0 27 152 255 7 114 164 140 50 17 108 231 233 180 96 33 6 61 242 242 252 237 179 148 230 221 234 238 252 247 251 249 253 248 228 244 86 0 10 3 10 10 0 5 8 8 9 5 1 2 6 7 6 7 8 24 5 106 104 101 160 172 196 251 255 255 255 254 255 254 255 255 255 255 255 255 255 255 255 255 255 255 255 255 255 255 
255 255 255 255 255 255 255 255 255 255 255 255 255 255 255 255 255 255 83 216 229 252 253 255 164 131 158 165 200 219 250 255 254 255 255 255 255 255 255 255 254 255 25 27 25 55 31 180 217 197 58 68 206 244 241 232 101 20 75 229 239 241 254 245 242 242 227 236 233 236 241 243 227 245 238 247 248 239 229 90 3 7 12 6 0 8 7 4 9 0 9 7 11 9 7 24 10 20 216 217 198 138 159 178 191 255 255 255 255 250 254 254 255 255 255 255 255 255 255 255 255 255 255 255 255 255 255 255 
255 255 255 255 255 255 255 255 255 255 255 255 255 255 255 255 252 255 136 157 248 250 255 223 188 117 136 158 174 195 255 255 252 251 249 249 255 255 255 254 249 255 49 6 37 14 113 220 247 227 208 141 192 243 244 241 195 112 211 230 230 253 250 246 251 252 236 170 127 93 238 245 244 244 243 249 250 234 254 157 31 29 0 14 3 0 13 8 6 3 9 7 16 5 3 26 0 112 249 255 255 222 111 173 193 255 255 255 254 255 255 250 255 255 255 255 255 255 255 255 255 255 255 255 255 255 255 255 
255 255 255 255 255 255 255 255 255 255 255 255 255 255 255 255 255 250 254 88 173 228 250 251 255 152 114 133 174 195 252 255 254 254 255 255 255 254 252 255 254 253 90 54 35 39 212 230 248 242 231 228 201 199 242 243 238 237 234 243 240 253 246 254 255 246 198 194 103 180 224 238 252 239 240 242 246 231 243 197 17 59 26 14 6 10 10 10 9 15 6 9 13 9 29 9 11 166 254 255 255 255 94 131 186 255 255 246 255 255 248 254 255 255 255 255 255 255 255 255 255 255 255 255 255 255 255 255 
255 255 255 255 255 255 255 255 255 255 255 255 255 255 255 255 253 255 255 77 138 219 252 255 255 221 84 97 157 201 252 255 254 250 249 253 255 254 255 254 254 254 115 177 171 175 233 236 249 242 237 237 238 212 253 248 249 242 234 237 245 247 254 253 242 246 232 191 168 209 247 255 254 248 250 243 240 242 234 207 48 90 88 0 12 24 11 5 6 7 11 6 8 11 20 7 0 156 251 231 255 255 167 105 194 255 255 255 255 252 252 254 255 255 255 255 255 255 255 255 255 255 255 255 255 255 255 255 
255 255 255 255 255 255 255 255 255 255 255 255 255 255 255 255 255 253 173 255 255 255 255 254 254 249 253 255 132 62 255 251 252 254 255 255 255 255 255 249 249 255 123 213 233 235 225 254 244 239 245 228 242 236 242 247 247 234 255 226 242 242 249 251 249 240 221 134 172 228 247 255 247 252 249 239 228 234 242 176 60 110 86 117 87 4 20 10 34 19 29 10 30 25 0 49 70 74 254 254 255 255 187 112 174 178 255 255 253 255 255 251 255 255 255 255 255 255 255 255 255 255 255 255 255 255 255 255 
255 255 255 255 255 255 255 255 255 255 255 255 255 255 255 255 255 146 234 249 254 255 221 253 250 255 220 255 249 103 255 253 254 252 252 255 255 254 253 252 251 255 132 222 224 239 251 250 249 246 242 251 242 242 242 251 252 255 246 236 235 240 235 253 240 237 185 102 177 230 255 249 254 254 244 246 239 233 244 121 89 109 101 97 109 115 19 30 22 27 33 23 25 15 43 109 78 104 248 255 255 229 166 113 160 156 255 255 255 255 252 252 255 255 255 255 255 255 255 255 255 255 255 255 255 255 255 255 
255 255 255 255 255 255 255 255 255 255 255 255 255 255 255 255 196 86 255 251 220 251 255 254 220 255 254 253 255 191 160 201 254 253 254 255 255 255 253 251 252 252 92 196 236 247 255 255 243 238 255 240 236 242 245 246 255 247 253 245 229 237 240 249 247 225 149 82 191 233 237 242 245 244 233 247 247 233 187 88 110 100 106 97 115 111 110 46 44 32 22 39 53 59 101 102 90 92 223 255 255 255 145 106 112 159 194 255 255 251 255 254 255 255 255 255 255 255 255 255 255 255 255 255 255 255 255 255 
255 255 255 255 255 255 255 255 255 255 255 255 255 255 255 255 110 200 252 255 255 255 214 221 224 254 255 255 255 160 85 87 111 191 255 255 249 255 254 249 250 255 98 171 234 243 255 248 240 251 246 252 230 234 238 249 241 255 253 243 235 233 240 253 239 241 67 89 206 228 232 236 233 247 241 251 249 242 130 107 101 88 109 112 134 136 117 110 113 96 114 115 112 100 91 100 96 111 255 254 227 255 116 113 110 108 175 195 255 252 255 252 255 255 255 255 255 255 255 255 255 255 255 255 255 255 255 255 
255 255 255 255 255 255 255 255 255 251 255 255 249 255 106 201 222 189 253 254 195 175 215 223 221 176 214 192 169 255 255 252 249 151 191 255 254 255 255 255 253 249 245 89 156 231 244 255 243 255 232 234 249 252 248 251 238 231 234 243 239 246 240 226 229 115 0 71 218 241 248 235 245 252 251 240 230 195 113 80 100 101 110 135 162 179 164 133 136 110 99 102 88 105 63 157 255 255 252 252 251 251 112 90 96 110 165 179 255 255 252 247 255 255 255 255 255 255 255 255 255 255 255 255 255 255 255 255 
255 255 255 255 255 255 255 255 253 255 248 255 254 158 223 248 176 191 255 193 208 255 255 252 255 255 211 220 255 255 247 183 194 212 137 246 255 255 255 255 255 247 248 195 93 200 242 253 255 242 255 243 249 236 251 244 240 238 245 254 255 254 238 237 129 41 54 128 238 241 239 244 246 254 253 242 192 93 115 89 87 86 141 157 175 198 188 173 155 138 117 115 89 117 179 253 255 255 220 252 251 251 101 86 94 112 192 177 255 251 245 249 255 255 255 255 255 255 255 255 255 255 255 255 255 255 255 255 
255 255 255 255 255 255 255 255 253 251 255 251 137 101 247 231 158 189 255 255 255 252 251 255 255 246 255 254 252 251 193 59 29 53 59 154 200 255 255 255 255 254 251 252 142 83 229 243 236 247 245 255 248 255 237 241 241 243 254 255 253 237 249 145 30 61 172 197 255 234 237 248 255 248 243 199 110 63 80 107 103 102 132 156 199 215 219 193 179 157 128 131 124 96 253 255 226 253 250 252 244 253 107 86 109 117 157 190 255 255 252 249 255 255 255 255 255 255 255 255 255 255 255 255 255 255 255 255 
255 255 255 255 255 255 255 255 255 254 255 139 96 219 255 182 158 222 253 255 246 224 255 250 223 254 255 232 255 255 56 1 6 8 6 36 51 70 161 155 197 214 251 246 255 118 188 222 217 225 237 255 255 242 240 237 239 246 249 238 229 237 146 60 38 146 226 227 255 244 236 249 245 248 184 100 92 102 90 100 85 113 150 184 215 217 230 214 193 196 115 113 112 86 255 255 255 255 255 254 221 254 107 107 86 119 176 255 255 255 252 248 255 255 255 255 255 255 255 255 255 255 255 255 255 255 255 255 
255 255 255 255 255 255 255 255 249 253 98 157 251 218 222 179 179 255 255 220 255 255 255 253 253 255 215 252 251 246 33 10 33 38 27 20 23 0 5 15 16 0 15 43 32 66 46 29 44 158 239 244 240 243 232 241 238 236 224 178 129 58 57 116 200 230 205 203 255 243 229 242 199 141 116 107 98 106 97 98 118 130 190 221 221 227 216 196 184 88 212 255 187 110 177 157 180 220 219 253 254 254 220 116 111 112 183 255 255 255 250 247 255 255 255 255 255 255 255 255 255 255 255 255 255 255 255 255 
255 255 255 255 255 255 255 255 255 255 107 252 217 200 249 176 172 255 253 248 255 253 223 255 255 255 184 255 231 254 27 0 19 7 0 7 18 25 4 21 2 7 14 0 0 0 14 1 5 40 165 210 236 242 240 225 234 209 136 66 1 27 132 206 255 234 176 208 235 186 196 143 118 123 89 94 87 98 116 111 127 163 164 160 158 116 66 62 38 137 255 191 137 203 216 216 182 136 252 255 254 251 255 136 111 130 194 255 255 255 252 251 255 255 255 255 255 255 255 255 255 255 255 255 255 255 255 255 
255 255 255 255 255 255 255 255 250 250 202 253 202 218 255 175 156 255 255 255 230 249 254 255 255 254 199 157 254 255 113 29 12 2 16 8 0 7 7 13 14 7 7 4 6 0 8 19 6 15 41 63 77 101 100 97 128 188 179 162 121 79 161 237 255 245 181 197 229 124 124 105 118 100 115 95 113 119 104 89 104 85 45 41 40 24 30 0 67 255 222 152 214 253 255 255 255 194 221 249 216 255 255 191 110 128 175 255 255 253 254 249 255 255 255 255 255 255 255 255 255 255 255 255 255 255 255 255 
255 255 255 255 255 255 255 255 255 177 255 186 214 255 252 179 155 217 252 251 255 252 255 222 253 254 135 71 155 220 255 150 45 64 22 0 0 0 10 12 14 12 16 14 10 12 11 8 16 38 39 19 27 0 20 0 59 141 224 234 225 217 140 225 255 176 206 211 172 64 64 65 89 74 42 44 32 43 24 37 22 34 24 3 28 11 7 27 159 249 225 227 253 255 222 254 255 249 139 255 255 251 225 255 138 106 176 255 255 255 255 254 255 255 255 255 255 255 255 255 255 255 255 255 255 255 255 255 
255 255 255 255 255 255 255 255 250 128 195 250 255 253 197 253 214 221 220 255 251 255 255 212 137 71 96 102 89 110 117 111 93 87 88 113 103 116 105 66 49 15 11 7 25 7 19 19 6 14 20 17 9 0 0 1 11 27 13 38 124 237 248 255 255 255 249 146 21 4 6 13 7 27 0 24 9 0 12 15 1 24 28 11 23 11 12 45 197 253 255 255 221 255 255 254 255 253 255 181 217 252 255 216 225 196 152 172 255 255 254 255 255 255 255 255 255 255 255 255 255 255 255 255 255 255 255 255 
255 255 255 255 255 255 255 255 255 168 252 254 224 200 255 255 254 255 249 252 231 213 87 90 108 97 95 101 89 104 91 90 103 82 104 89 104 102 112 113 111 125 69 40 11 7 11 12 0 10 12 14 4 7 2 5 12 0 11 9 11 50 234 227 232 218 120 21 3 2 22 18 7 0 0 12 12 7 1 4 12 8 15 11 11 10 6 40 191 255 183 255 255 254 255 219 253 255 255 252 229 255 251 224 173 255 123 177 189 255 255 255 255 255 255 255 255 255 255 255 255 255 255 255 255 255 255 255 
255 255 255 255 255 255 255 255 254 218 255 255 221 171 250 255 255 255 255 187 120 91 106 98 93 102 97 84 98 89 105 102 83 99 101 109 108 107 97 95 93 88 107 114 123 89 0 12 0 1 11 13 7 13 8 0 0 9 4 0 7 1 48 129 145 103 21 23 16 15 18 15 4 0 6 8 10 21 2 4 6 12 9 20 14 24 32 30 197 255 197 251 255 248 252 255 255 255 228 255 253 228 255 212 178 224 130 127 166 255 255 255 255 255 255 255 255 255 255 255 255 255 255 255 255 255 255 255 
255 255 255 255 255 255 255 255 250 163 251 222 166 202 254 222 252 255 93 96 114 85 104 90 85 88 89 105 99 95 114 111 115 130 118 118 115 107 108 100 97 105 95 100 107 92 10 8 3 0 1 0 0 0 8 0 11 0 4 3 3 16 14 19 0 1 32 23 28 13 14 10 12 3 0 0 18 33 27 6 31 11 24 32 26 30 19 30 134 255 154 195 252 229 255 253 254 255 249 255 255 252 255 224 155 221 201 104 162 181 255 255 255 255 255 255 255 255 255 255 255 255 255 255 255 255 255 255 
255 255 255 255 255 255 255 255 255 211 219 178 153 255 249 226 159 98 92 91 95 86 88 96 104 95 113 135 133 138 161 159 171 152 163 173 173 174 153 150 151 137 97 25 39 50 53 49 9 1 2 0 0 0 0 10 3 14 13 6 13 10 23 6 38 10 39 52 67 67 71 93 84 99 96 101 108 120 143 138 113 129 117 107 111 111 123 104 115 109 227 153 132 254 255 255 255 255 253 233 252 255 255 189 155 178 255 255 99 136 255 255 255 255 255 255 255 255 255 255 255 255 255 255 255 255 255 255 
255 255 255 255 255 255 255 255 249 255 88 103 157 255 216 153 101 95 106 93 95 103 100 117 111 109 136 135 164 170 197 199 203 196 202 205 190 201 203 196 194 162 101 123 144 157 144 119 100 76 40 25 19 13 0 0 16 21 13 9 3 0 0 20 18 48 102 113 106 93 90 73 111 108 107 100 98 106 114 110 101 98 104 95 105 99 95 103 82 115 152 138 96 179 245 228 254 253 255 254 253 220 255 189 195 255 212 255 204 92 183 255 255 255 255 255 255 255 255 255 255 255 255 255 255 255 255 255 
255 255 255 255 255 255 255 255 255 255 196 110 134 196 108 104 97 93 85 92 89 100 114 131 129 147 163 176 188 204 214 216 221 215 210 209 251 251 250 179 138 149 201 223 240 245 229 240 216 214 179 145 103 66 22 13 9 2 11 10 11 4 22 8 52 108 92 95 79 99 82 94 102 96 112 101 91 91 104 113 96 108 98 100 104 97 102 88 102 87 101 87 93 102 255 255 246 228 247 255 255 255 214 191 217 252 180 255 255 127 176 197 255 255 255 255 255 255 255 255 255 255 255 255 255 255 255 255 
255 255 255 255 255 255 255 255 254 254 254 218 132 91 87 100 90 97 90 104 110 113 136 155 166 171 194 199 215 218 255 252 247 251 251 249 248 252 172 107 129 186 235 255 255 255 255 255 255 255 255 255 233 167 80 26 0 0 3 4 25 14 14 53 108 87 88 83 83 78 100 107 109 98 102 103 96 87 108 105 113 102 95 113 110 111 113 111 112 113 98 104 102 110 159 212 252 253 254 221 255 255 194 181 253 255 177 218 255 193 166 179 255 255 255 255 255 255 255 255 255 255 255 255 255 255 255 255 
255 255 255 255 255 255 255 255 255 255 254 214 197 159 113 101 102 98 111 133 126 163 193 220 222 245 255 255 251 255 255 255 232 255 255 244 233 171 162 231 255 255 254 255 255 241 189 180 254 255 255 246 241 251 255 255 220 148 21 1 12 23 148 106 90 99 99 99 111 113 137 135 134 132 137 154 139 137 149 156 154 156 159 160 159 159 160 162 161 161 153 139 131 114 105 107 103 186 255 251 255 255 183 193 255 255 255 183 199 255 120 159 177 191 255 255 254 253 252 254 255 255 255 255 255 255 254 254 
255 255 255 255 255 255 255 255 252 252 251 225 190 167 129 116 111 99 140 158 173 193 221 246 249 255 255 255 254 255 255 253 255 252 249 252 177 83 201 210 227 248 248 243 243 203 253 151 221 238 242 247 246 249 255 255 240 214 75 30 11 19 102 108 96 89 100 113 140 128 157 163 163 173 169 174 157 177 185 178 189 191 193 194 194 193 194 195 193 203 193 178 158 153 132 118 119 117 250 255 255 225 255 195 195 254 255 229 160 255 111 129 164 188 255 255 254 255 255 253 255 255 255 255 255 255 254 254 
255 255 255 255 255 255 255 255 255 255 255 255 211 198 155 132 134 133 154 167 194 213 255 255 255 255 252 254 255 255 254 255 255 245 231 208 136 91 255 217 159 242 251 232 209 218 255 212 144 200 240 247 255 255 255 248 242 220 184 76 28 24 89 120 90 100 113 133 151 171 190 192 193 197 194 217 204 217 215 213 213 215 216 217 216 216 216 217 216 212 216 201 197 175 158 133 138 109 177 255 245 255 252 225 174 176 255 252 183 221 110 115 150 184 255 255 254 255 255 255 255 255 255 255 255 255 254 254 
255 255 255 255 255 255 255 255 255 252 249 251 218 217 183 161 160 156 182 198 218 254 255 255 255 252 252 255 255 253 254 255 255 244 235 131 125 167 255 223 158 221 255 227 168 232 255 238 178 120 223 255 255 255 255 248 247 253 243 167 56 98 96 103 99 98 137 151 188 189 219 223 217 213 216 254 254 253 252 255 254 255 255 255 255 255 255 255 251 255 255 253 215 200 178 170 162 140 87 217 255 245 255 255 216 177 246 255 255 153 107 105 141 156 255 252 255 255 249 255 255 255 255 255 255 255 254 254 
255 255 255 255 255 255 255 255 252 255 255 255 255 251 224 209 214 216 212 254 255 255 255 251 254 255 255 255 255 254 255 255 245 251 134 108 175 237 255 217 167 204 255 215 224 255 220 254 224 97 230 255 255 255 255 254 250 255 255 233 156 77 83 104 114 137 176 197 216 251 255 249 255 255 253 255 255 253 255 252 254 254 255 254 254 254 254 254 255 255 255 247 255 255 250 218 208 194 159 100 133 254 213 254 250 217 201 212 255 220 94 81 115 163 192 255 252 255 255 250 255 255 255 255 255 255 254 254 
255 255 255 255 255 255 255 255 254 255 253 249 253 254 251 255 255 250 255 255 255 253 250 255 255 255 255 253 254 255 255 252 242 255 114 158 184 251 245 221 181 211 254 190 211 255 253 255 200 113 246 255 255 245 248 255 255 255 255 255 226 127 104 93 133 129 195 222 255 251 255 255 253 255 255 249 254 252 255 254 255 255 255 255 255 255 255 255 249 255 254 255 247 255 255 254 255 217 199 147 67 180 248 254 254 252 168 255 255 251 86 67 114 137 193 255 255 255 255 255 255 255 255 255 255 255 254 254 
255 255 255 255 255 255 255 255 250 255 255 255 255 255 254 255 247 255 255 255 255 249 255 254 255 255 253 252 254 255 255 254 249 255 105 183 186 243 241 194 155 243 255 192 215 255 255 255 211 101 234 255 253 234 252 255 255 243 255 255 245 166 111 84 140 158 224 246 252 255 255 252 253 255 254 255 255 253 255 254 255 255 254 254 254 255 255 254 255 253 255 254 255 252 255 255 255 248 196 204 155 65 254 223 255 249 156 221 224 217 106 84 115 138 197 255 255 255 253 255 255 255 255 255 255 255 254 254 
255 255 255 255 255 255 255 255 255 255 251 255 252 255 255 253 255 255 253 255 255 253 255 253 254 255 255 255 255 253 254 255 247 255 112 175 193 250 255 198 199 255 253 199 220 255 226 242 223 126 250 255 244 241 244 255 253 247 247 255 255 213 141 72 154 177 255 255 254 252 255 255 251 255 252 255 254 255 255 253 255 255 255 255 255 255 255 255 252 255 252 251 255 255 252 254 255 255 215 210 180 136 218 254 255 255 157 218 255 102 78 109 116 138 191 255 255 255 254 254 255 255 255 255 255 255 254 254 
255 255 255 255 255 255 255 255 255 255 255 255 255 255 255 255 255 255 255 255 255 255 255 255 255 255 255 255 255 255 255 255 230 255 136 208 183 249 200 193 239 255 255 217 188 238 249 214 129 183 239 255 249 244 248 250 249 244 243 255 255 232 151 96 162 193 255 255 252 254 255 252 255 255 255 255 255 255 255 255 255 255 255 255 255 255 255 255 255 255 255 255 255 255 255 255 255 255 255 247 228 195 138 86 116 100 87 96 89 88 81 111 117 162 255 254 255 255 255 255 255 255 255 255 255 255 254 254 
255 255 255 255 255 255 255 255 255 255 255 255 255 255 255 255 255 255 255 255 255 255 255 255 255 255 255 255 255 255 255 255 217 255 159 233 234 225 232 251 235 255 255 255 205 189 251 132 199 218 239 251 253 251 249 248 248 247 246 255 255 235 119 107 159 204 251 252 253 255 255 254 255 255 255 255 255 255 255 255 255 255 255 255 255 255 255 255 255 255 255 255 255 255 255 255 255 254 255 255 252 222 170 125 104 114 88 86 88 86 91 86 115 169 190 255 255 247 255 251 255 255 255 255 255 255 254 254 
255 255 255 255 255 255 255 255 255 255 255 255 255 255 255 255 255 255 255 255 255 255 255 255 255 255 255 255 255 255 255 255 234 255 166 232 255 237 255 255 251 240 255 255 241 198 211 161 248 243 241 250 255 254 249 251 254 250 249 254 255 229 143 108 157 179 253 255 255 254 252 255 255 255 255 255 255 255 255 255 255 255 255 255 255 255 255 255 255 255 255 255 255 255 255 255 255 255 255 255 255 255 212 157 135 108 90 90 85 97 85 111 112 162 255 255 255 255 255 252 255 255 255 255 255 255 254 254 
255 255 255 255 255 255 255 255 255 255 255 255 255 255 255 255 255 255 255 255 255 255 255 255 255 255 255 255 255 255 255 255 245 255 117 233 255 255 244 248 248 255 239 247 255 255 231 240 255 250 244 252 255 253 249 255 255 251 245 248 255 229 144 85 136 163 255 255 253 251 255 255 255 255 255 255 255 255 255 255 255 255 255 255 255 255 255 255 255 255 255 255 255 255 255 255 252 255 255 255 255 255 221 170 154 111 91 108 98 93 111 116 136 156 255 255 255 255 251 254 255 255 255 255 255 255 254 254 
255 255 255 255 255 255 255 255 255 255 255 255 255 255 255 255 255 255 255 255 255 255 255 255 255 255 255 255 255 255 255 255 251 254 123 189 248 239 244 220 255 255 247 247 255 255 255 241 255 251 248 255 255 250 251 255 255 248 246 255 255 223 75 38 96 141 209 255 255 254 255 252 255 255 255 255 255 255 255 255 255 255 255 255 255 255 255 255 255 255 255 255 255 255 255 255 254 254 254 255 255 255 255 255 198 173 163 135 130 128 165 158 175 177 255 255 255 253 246 254 254 255 255 255 255 255 255 254 
255 255 255 255 255 255 255 255 255 255 255 255 255 255 255 255 255 255 255 255 255 255 255 255 255 255 255 255 255 255 255 255 244 248 102 142 233 247 237 249 255 226 255 255 255 255 255 239 255 254 254 255 253 250 254 255 255 248 242 254 255 233 124 88 51 68 214 248 255 253 255 252 255 255 255 255 255 255 255 255 255 255 255 255 255 255 255 255 255 255 255 255 255 255 255 255 251 252 254 255 254 252 255 255 255 198 176 168 157 183 182 179 191 193 255 245 253 252 252 252 254 255 255 255 255 255 255 254 
255 255 255 255 255 255 255 255 255 255 255 255 255 255 255 255 255 255 255 255 255 255 255 255 255 255 255 255 255 255 255 255 255 245 180 126 206 255 255 210 251 255 255 255 250 255 247 227 255 255 254 251 251 254 255 255 243 241 249 255 255 225 146 78 92 72 88 218 252 255 255 254 255 255 255 255 255 255 255 255 255 255 255 255 255 255 255 255 255 255 255 255 255 255 255 255 251 251 252 251 251 255 255 255 255 255 186 191 195 191 193 255 255 255 255 255 253 250 252 249 254 255 255 255 255 255 255 254 
255 255 255 255 255 255 255 255 255 255 255 255 255 255 255 255 255 255 255 255 255 255 255 255 255 255 255 255 255 255 255 255 255 243 252 144 202 255 255 241 221 246 255 228 255 255 246 237 254 253 250 248 251 255 255 255 244 241 245 255 255 233 124 93 115 123 69 70 186 255 250 255 255 255 255 255 255 255 255 255 255 255 255 255 255 255 255 255 255 255 255 255 255 255 255 255 249 247 250 254 255 255 255 255 255 255 255 255 255 255 255 255 255 255 255 255 254 250 251 251 254 255 255 255 255 255 255 255 
255 255 255 255 255 255 255 255 255 255 255 255 255 255 255 255 255 255 255 255 255 255 255 255 255 255 255 255 255 255 255 255 241 243 255 164 57 121 240 255 255 255 247 239 237 230 225 238 215 223 249 255 247 240 238 247 254 248 228 219 235 241 226 174 74 123 176 184 126 48 249 254 255 254 255 255 251 246 248 248 255 255 255 255 255 255 255 255 255 255 255 255 255 255 255 255 255 255 255 255 255 255 255 255 255 255 255 255 255 255 255 255 255 255 255 255 255 255 255 255 255 255 255 255 255 255 255 255 
255 255 255 255 255 255 255 255 255 255 255 255 255 255 255 255 255 255 255 255 255 255 255 255 255 255 255 255 255 255 255 255 255 255 251 165 104 134 234 255 255 255 249 255 250 250 255 255 254 254 255 248 246 255 255 255 255 255 255 255 255 251 236 214 96 146 187 208 192 134 143 253 253 255 255 255 250 251 248 247 255 255 255 255 255 255 255 255 255 255 255 255 255 255 255 255 255 255 255 255 255 255 255 255 255 255 255 255 255 255 255 255 255 255 255 255 255 255 255 255 255 255 255 255 255 255 255 255 
255 255 255 255 255 255 255 255 255 255 255 255 255 255 255 255 255 255 255 255 255 255 255 255 255 255 255 255 255 255 255 255 255 255 249 188 130 192 219 252 255 255 255 255 255 255 255 255 255 255 229 243 246 255 255 255 252 253 255 255 255 249 244 255 157 139 197 179 192 190 62 110 251 246 243 255 255 252 245 244 255 255 255 255 255 255 255 255 255 255 255 255 255 255 255 255 255 255 255 255 255 255 255 255 255 255 255 255 255 255 255 255 255 255 255 255 255 255 255 255 255 255 255 255 255 255 255 255 
255 255 255 255 255 255 255 255 255 255 255 255 255 255 255 255 255 255 255 255 255 255 255 255 255 255 255 255 255 255 255 255 255 245 244 208 131 212 215 241 243 246 245 227 244 255 235 237 240 225 182 190 241 246 249 228 228 235 233 233 249 255 238 229 207 140 202 202 197 193 183 55 82 251 255 255 255 255 250 247 255 255 255 255 255 255 255 255 255 255 255 255 255 255 255 255 255 255 255 255 255 255 255 255 255 255 255 255 255 255 255 255 255 255 255 255 255 255 255 255 255 255 255 255 255 255 255 255 
255 255 255 255 255 255 255 255 255 255 255 255 255 255 255 255 255 255 255 255 255 255 255 255 255 255 255 255 255 255 255 255 250 239 241 213 144 202 235 245 248 247 236 215 224 212 140 88 82 102 139 147 200 228 176 167 179 155 100 64 96 119 122 145 144 165 106 148 191 186 182 203 180 69 255 255 255 255 255 254 255 255 255 255 255 255 255 255 255 255 255 255 255 255 255 255 255 255 255 255 255 255 255 255 255 255 255 255 255 255 255 255 255 255 255 255 255 255 255 255 255 255 255 255 255 255 255 255 
255 255 255 255 255 255 255 255 255 255 255 255 255 255 255 255 255 255 255 255 255 255 255 255 255 255 255 255 255 255 255 255 248 242 245 205 108 186 251 255 255 255 246 249 250 244 210 132 72 88 96 124 153 209 169 172 211 200 121 11 0 11 33 36 61 78 89 68 154 199 182 186 194 196 99 225 255 255 255 254 255 255 255 255 255 255 255 255 255 255 255 255 255 255 255 255 255 255 255 255 255 255 255 255 255 255 255 255 255 255 255 255 255 255 255 255 255 255 255 255 255 255 255 255 255 255 255 255 
255 255 255 255 255 255 255 255 255 255 255 255 255 255 255 255 255 255 255 255 255 255 255 255 255 255 255 255 255 255 255 255 255 255 254 212 85 151 230 255 255 255 255 255 255 250 240 171 75 93 99 117 136 143 222 251 252 250 216 118 4 0 14 45 9 6 21 15 146 208 222 217 216 192 93 111 220 255 255 255 255 255 255 255 255 255 255 255 255 255 255 255 255 255 255 255 255 255 255 255 255 255 255 255 255 255 255 255 255 255 255 255 255 255 255 255 255 255 255 255 255 255 255 255 255 255 255 255 
255 255 255 255 255 255 255 255 255 255 255 255 255 255 255 255 255 255 255 255 255 255 255 255 255 255 255 255 255 255 255 255 253 255 255 251 177 140 180 215 223 231 236 250 248 235 219 184 110 103 95 100 112 112 219 255 254 249 255 239 104 19 16 13 25 22 19 0 86 177 224 231 221 215 149 81 141 219 255 255 255 255 255 255 255 255 255 255 255 255 255 255 255 255 255 255 255 255 255 255 255 255 255 255 255 255 255 255 255 255 255 255 255 255 255 255 255 255 255 255 255 255 255 255 255 255 255 255 
255 255 255 255 255 255 255 255 255 255 255 255 255 255 255 255 255 255 255 255 255 255 255 255 252 255 255 252 255 251 255 253 244 254 254 253 254 255 188 120 91 83 150 175 169 134 124 125 113 102 103 111 99 128 130 160 195 195 215 250 228 163 25 17 36 11 13 11 0 41 206 218 218 245 215 206 171 85 254 250 255 255 252 255 254 255 253 255 255 255 255 255 255 255 255 255 255 255 255 255 255 255 255 255 255 255 255 255 255 255 255 255 255 255 255 255 255 255 255 255 255 255 255 255 255 255 255 255 
255 255 255 255 255 255 255 255 255 255 255 255 255 255 255 255 255 255 255 255 255 255 255 255 255 254 254 251 255 255 255 255 247 237 254 255 254 248 183 130 115 34 57 39 56 42 62 106 77 97 110 133 134 136 112 140 137 143 139 159 187 152 39 0 33 10 16 30 20 0 147 190 217 255 209 218 220 167 137 244 253 242 255 255 249 255 254 255 255 255 255 255 255 255 255 255 255 255 255 255 255 255 255 255 255 255 255 255 255 255 255 255 255 255 255 255 255 255 255 255 255 255 255 255 255 255 255 255 
255 255 255 255 255 255 255 255 255 255 255 255 255 255 255 255 255 255 255 255 255 255 255 255 255 250 255 255 254 255 253 255 251 254 255 255 255 247 179 140 122 70 29 29 21 19 37 109 93 95 126 142 169 161 159 128 125 122 118 129 134 123 78 17 8 42 32 38 7 20 85 180 206 255 255 255 221 208 91 136 255 255 246 255 253 253 255 252 255 255 255 255 255 255 255 255 255 255 255 255 255 255 255 255 255 255 255 255 255 255 255 255 255 255 255 255 255 255 255 255 255 255 255 255 255 255 255 255 
255 255 255 255 255 255 255 255 255 255 255 255 255 255 255 255 255 255 255 255 255 255 255 255 255 252 255 253 252 249 255 255 255 255 252 255 255 255 186 191 179 135 5 12 20 43 18 127 88 92 135 167 192 206 174 166 140 110 80 85 68 91 107 90 13 8 20 28 36 18 9 136 201 255 255 255 214 215 150 101 150 255 255 255 255 253 255 252 255 255 255 255 255 255 255 255 255 255 255 255 255 255 255 255 255 255 255 255 255 255 255 255 255 255 255 255 255 255 255 255 255 255 255 255 255 255 255 255 
255 255 255 255 255 255 255 255 255 255 255 255 255 255 255 255 255 255 255 255 255 255 255 255 254 253 254 255 255 253 255 255 255 255 255 255 255 255 255 223 218 194 19 11 19 50 53 34 123 95 154 176 216 232 217 206 179 151 107 102 107 118 99 95 127 42 21 19 19 34 40 25 68 181 255 255 255 255 218 212 171 86 255 253 255 255 255 254 255 255 255 255 255 255 255 255 255 255 255 255 255 255 255 255 255 255 255 255 255 255 255 255 255 255 255 255 255 255 255 255 255 255 255 255 255 255 255 255 
255 255 255 255 255 255 255 255 255 255 255 255 255 255 255 255 255 255 255 255 255 255 255 255 254 255 255 249 254 246 253 253 249 246 255 255 255 251 252 255 219 194 31 0 31 41 24 32 42 143 164 196 208 202 203 210 201 180 152 137 148 152 122 107 115 111 0 15 22 35 40 33 16 103 212 253 255 255 255 225 210 204 137 196 255 255 250 255 255 255 255 255 255 255 255 255 255 255 255 255 255 255 255 255 255 255 255 255 255 255 255 255 255 255 255 255 255 255 255 255 255 255 255 255 255 255 255 255 
255 255 255 255 255 255 255 255 255 255 255 255 255 255 255 255 255 255 255 255 255 255 255 255 253 255 255 249 255 255 250 255 249 249 249 247 249 252 255 255 249 246 100 27 21 26 21 23 19 119 162 188 207 209 245 220 216 204 191 181 156 153 141 133 134 146 23 0 28 32 30 35 34 17 216 252 250 255 255 255 220 210 107 119 173 254 255 255 255 255 255 255 255 255 255 255 255 255 255 255 255 255 255 255 255 255 255 255 255 255 255 255 255 255 255 255 255 255 255 255 255 255 255 255 255 255 255 255 
255 255 255 255 255 255 255 255 255 255 255 255 255 255 255 255 255 255 255 255 255 255 255 255 255 255 255 255 254 253 154 131 134 92 165 195 245 255 255 255 253 254 184 53 5 10 9 27 38 61 160 194 224 255 255 253 220 225 201 206 167 163 158 191 157 159 122 42 29 29 11 15 15 30 154 216 252 250 253 255 254 219 217 154 90 134 255 252 255 255 255 255 255 255 255 255 255 255 255 255 255 255 255 255 255 255 255 255 255 255 255 255 255 255 255 255 255 255 255 255 255 255 255 255 255 255 255 255 
255 255 255 255 255 255 255 255 255 255 255 255 255 255 255 255 251 252 255 255 255 255 255 255 252 254 194 109 79 154 242 253 251 247 222 197 172 122 118 167 229 255 94 117 45 34 27 10 23 12 101 106 160 221 255 228 255 255 255 255 255 219 221 223 223 229 197 158 80 29 29 27 24 23 22 99 185 251 252 252 252 255 215 210 212 213 135 157 189 255 255 255 255 248 251 248 254 255 255 255 253 255 255 254 255 255 255 255 255 255 255 255 255 255 255 255 255 255 255 255 255 255 255 255 255 255 255 255 
255 255 255 255 255 255 255 255 255 255 255 255 255 255 255 255 251 252 255 255 255 255 255 255 255 253 93 116 214 242 248 254 253 255 249 243 253 234 172 116 105 121 175 229 117 15 33 29 36 30 152 191 81 134 255 255 255 219 255 255 253 252 255 253 253 219 207 183 154 56 27 30 27 23 25 17 131 198 245 255 255 252 251 218 218 219 217 165 138 148 255 255 255 254 249 249 255 215 253 255 255 251 255 252 255 255 255 255 255 255 255 255 255 255 255 255 255 255 255 255 255 255 255 255 255 255 255 255 
255 255 255 255 255 255 255 255 255 255 255 255 255 255 255 255 252 254 255 255 255 255 255 255 255 254 120 232 238 255 255 255 249 247 253 255 248 243 246 247 219 120 213 239 147 35 31 36 32 36 92 236 204 74 255 255 255 255 245 250 225 255 248 224 255 255 218 199 130 45 31 29 33 27 24 34 44 68 162 255 255 255 255 254 243 211 254 251 216 161 144 153 221 247 252 193 160 156 255 255 255 255 251 255 255 255 255 255 255 255 255 255 255 255 255 255 255 255 255 255 255 255 255 255 255 255 255 255 
255 255 255 255 255 255 255 255 255 255 255 255 255 255 255 255 255 255 255 255 255 255 255 255 253 167 222 238 249 246 254 248 255 251 249 254 251 251 250 244 247 171 242 236 221 114 16 34 46 36 96 236 231 142 222 248 251 250 252 254 255 253 255 255 252 221 225 112 141 175 35 38 35 32 28 35 13 73 117 99 189 255 255 254 253 214 217 255 255 255 196 142 135 138 157 153 198 255 255 245 255 250 249 255 255 255 255 255 255 255 255 255 255 255 255 255 255 255 255 255 255 255 255 255 255 255 255 255 
255 255 255 255 255 255 255 255 255 255 255 255 255 255 255 255 255 255 255 254 252 252 254 255 201 117 235 244 248 247 252 255 250 255 254 249 251 252 250 247 250 249 183 253 244 248 241 247 247 241 251 241 239 119 142 221 199 252 209 252 255 247 232 255 252 250 130 112 214 230 221 148 68 57 44 38 42 41 243 234 137 130 255 255 255 254 248 216 248 255 255 255 253 255 247 254 253 253 255 255 251 255 255 250 255 255 255 255 255 255 255 255 255 255 255 255 255 255 255 255 255 255 255 255 255 255 255 255 
255 255 255 255 255 255 255 255 255 255 255 255 255 255 255 255 255 255 255 252 251 251 252 255 165 112 244 248 251 255 253 252 253 255 253 255 255 251 249 255 248 252 172 179 247 250 248 243 253 246 252 247 207 122 108 140 200 223 252 247 254 255 255 255 221 255 163 115 205 237 245 240 246 183 124 132 122 163 235 252 225 94 255 255 255 255 254 250 254 254 252 254 255 254 255 255 255 255 252 255 255 246 255 255 255 255 255 255 255 255 255 255 255 255 255 255 255 255 255 255 255 255 255 255 255 255 255 255 
255 255 255 255 255 255 255 255 255 255 255 255 255 255 255 255 255 255 255 251 248 248 251 255 117 152 246 249 255 247 253 255 255 255 255 249 252 255 255 251 252 252 217 200 228 225 252 253 247 255 243 217 177 183 179 92 161 210 254 248 254 222 252 255 254 255 224 92 149 243 251 245 248 246 247 244 243 251 251 243 234 100 224 255 255 254 254 252 252 251 254 249 255 255 251 252 255 247 255 251 255 255 255 253 255 255 255 255 255 255 255 255 255 255 255 255 255 255 255 255 255 255 255 255 255 255 255 255 
255 255 255 255 255 255 255 255 255 255 255 255 255 255 255 255 255 255 255 251 248 248 251 255 132 150 249 249 253 255 251 252 253 250 254 255 251 252 255 252 254 252 255 245 222 225 252 254 255 244 219 196 218 246 252 164 94 178 217 252 254 254 255 253 255 255 117 85 108 170 243 251 249 249 245 249 250 239 251 247 173 100 127 205 255 255 254 253 249 251 250 254 251 251 255 255 255 255 252 255 255 252 255 254 255 255 255 255 255 255 255 255 255 255 255 255 255 255 255 255 255 255 255 255 255 255 255 255 
255 255 255 255 255 255 255 255 255 255 255 255 255 255 255 255 255 255 255 251 248 248 249 255 178 119 249 245 255 254 255 248 251 251 251 251 251 251 251 251 253 253 253 253 253 253 253 253 249 245 251 251 255 251 247 248 165 96 225 218 225 251 252 159 95 159 235 246 246 251 235 253 249 249 250 247 228 225 161 168 213 246 242 158 71 167 255 255 252 249 252 249 254 255 255 255 255 255 255 255 255 255 255 255 255 255 255 255 255 255 255 255 255 255 255 255 255 255 255 255 255 255 255 255 255 255 255 255 
255 255 255 255 255 255 255 255 255 255 255 255 255 255 255 255 255 255 255 251 248 248 251 255 223 75 253 249 250 246 242 255 250 250 250 250 250 250 251 251 251 251 251 253 253 253 253 253 243 250 246 252 254 255 255 247 240 90 204 226 218 255 113 110 189 222 249 229 227 241 225 226 224 215 217 251 249 240 218 248 252 242 251 246 165 79 254 251 254 248 251 252 251 252 255 255 255 255 255 255 255 255 255 255 255 255 255 255 255 255 255 255 255 255 255 255 255 255 255 255 255 255 255 255 255 255 255 255 
255 255 255 255 255 255 255 255 255 255 255 255 255 255 255 255 255 255 255 252 251 249 252 255 255 129 237 246 246 251 255 244 248 248 248 248 250 250 250 250 250 251 251 251 251 251 251 251 245 237 255 254 255 255 253 255 255 118 183 204 225 192 140 215 245 246 241 227 230 235 224 222 188 182 157 168 187 220 245 251 245 251 239 248 241 152 209 255 254 252 247 252 254 255 252 255 255 255 255 255 255 255 255 255 255 255 255 255 255 255 255 255 255 255 255 255 255 255 255 255 255 255 255 255 255 255 255 255 
255 255 255 255 255 255 255 255 255 255 255 255 255 255 255 255 255 255 255 254 252 252 252 255 255 174 205 241 253 245 242 252 248 248 248 248 248 250 250 250 250 250 250 251 251 251 251 251 242 249 246 248 255 255 255 244 239 126 161 202 205 74 236 245 255 255 249 253 255 255 253 254 255 243 217 213 187 171 212 250 250 248 255 241 249 235 117 255 255 251 251 252 248 253 255 253 255 255 255 255 255 255 255 255 255 255 255 255 255 255 255 255 255 255 255 255 255 255 255 255 255 255 255 255 255 255 255 255 
255 255 255 255 255 255 255 255 255 255 255 255 255 255 255 255 255 255 255 255 255 255 254 255 255 255 75 144 244 245 255 250 250 250 250 250 250 250 250 250 250 250 250 250 250 250 250 251 246 241 251 255 245 253 250 253 224 67 143 143 68 224 246 240 247 255 253 252 254 255 255 250 246 245 249 251 251 251 252 234 223 252 247 251 247 253 154 79 222 249 254 248 252 255 255 255 255 255 255 255 255 255 255 255 255 255 255 255 255 255 255 255 255 255 255 255 255 255 255 255 255 255 255 255 255 255 255 255 
255 255 255 255 255 255 255 255 255 255 255 255 255 255 255 255 254 254 255 255 255 255 255 255 252 253 160 74 152 244 247 252 250 250 250 250 250 250 250 250 250 250 250 250 250 250 250 250 244 247 255 249 255 251 246 237 122 96 116 121 125 250 253 255 255 255 254 255 254 250 251 248 255 247 249 245 245 253 255 249 247 247 255 251 247 248 221 79 159 204 253 251 247 248 255 254 255 255 255 255 255 255 255 255 255 255 255 255 255 255 255 255 255 255 255 255 255 255 255 255 255 255 255 255 255 255 255 255 
255 255 255 255 255 255 255 255 255 255 255 255 255 255 255 255 252 254 255 255 255 255 255 255 254 249 219 157 72 155 247 251 251 251 251 251 251 251 251 251 251 251 250 250 250 250 250 250 254 249 251 254 249 249 241 121 71 116 100 75 211 254 253 255 255 247 250 255 255 249 247 249 243 244 246 252 250 253 255 255 252 254 255 248 255 248 243 158 114 193 250 252 252 254 252 255 255 255 255 255 255 255 255 255 255 255 255 255 255 255 255 255 255 255 255 255 255 255 255 255 255 255 255 255 255 255 255 255 
255 255 255 255 255 255 255 255 255 255 255 255 255 255 255 255 251 252 255 255 255 255 255 255 248 251 253 196 167 76 215 252 251 251 251 251 251 251 251 251 251 251 251 251 250 250 250 250 252 254 255 251 252 250 91 78 114 89 113 77 223 250 255 255 254 251 255 252 249 254 251 246 247 251 243 251 250 253 255 255 250 251 253 250 255 247 248 207 74 157 224 250 247 254 253 255 255 255 255 255 255 255 255 255 255 255 255 255 255 255 255 255 255 255 255 255 255 255 255 255 255 255 255 255 255 255 255 255 
255 255 255 255 255 255 255 255 255 255 255 255 255 255 255 255 255 255 255 255 255 255 255 255 255 253 253 216 199 174 111 63 80 138 211 243 241 248 243 251 254 244 252 251 248 255 252 249 242 215 176 112 61 62 99 83 88 94 114 82 219 253 255 255 251 253 253 251 252 249 247 249 248 248 248 248 247 247 247 247 242 247 249 252 250 255 249 242 99 119 194 213 254 255 255 254 255 255 255 255 255 255 255 255 255 255 255 255 255 255 255 255 255 255 255 255 255 255 255 255 255 255 255 255 255 255 255 255 
255 255 255 255 255 255 255 255 255 255 255 255 255 255 255 255 255 255 255 255 255 255 255 255 249 255 252 255 216 202 139 106 125 66 80 154 183 213 245 247 247 246 248 246 251 241 205 187 147 113 66 81 86 100 90 86 87 95 120 65 221 244 255 255 253 251 248 247 251 255 255 251 250 250 250 250 248 248 248 248 248 248 245 250 255 250 248 235 114 121 161 192 222 248 254 255 255 255 255 255 255 255 255 255 255 255 255 255 255 255 255 255 255 255 255 255 255 255 255 255 255 255 255 255 255 255 255 255 
255 255 255 255 255 255 255 255 255 255 255 255 255 255 255 255 255 255 255 255 255 255 255 255 255 255 252 255 215 217 150 144 116 108 81 75 62 73 112 142 153 157 153 146 147 120 82 82 81 95 119 92 104 84 101 81 106 96 108 76 145 246 255 249 254 251 255 255 253 247 249 251 253 253 253 251 251 251 251 251 249 248 255 255 253 254 254 219 80 111 153 197 211 254 255 255 255 255 255 255 255 255 255 255 255 255 255 255 255 255 255 255 255 255 255 255 255 255 255 255 255 255 255 255 255 255 255 255 
255 255 255 255 255 255 255 255 255 255 255 255 255 255 255 255 255 255 255 255 255 255 255 255 255 254 255 252 255 213 193 159 122 128 104 98 88 93 90 93 84 95 93 88 94 89 83 98 89 115 95 99 92 96 81 105 106 106 145 145 56 247 248 247 255 250 251 255 254 255 255 255 254 254 254 254 254 254 254 254 252 249 251 255 255 248 252 210 76 104 140 179 192 249 255 255 255 255 255 255 255 255 255 255 255 255 255 255 255 255 255 255 255 255 255 255 255 255 255 255 255 255 255 255 255 255 255 255 
255 255 255 255 255 255 255 255 255 255 255 255 255 255 255 255 255 255 255 255 255 255 255 255 255 252 255 255 251 255 220 216 193 169 132 119 109 110 91 104 91 96 92 84 84 95 99 89 107 88 90 103 94 98 114 130 134 157 198 197 162 55 241 245 249 254 255 253 252 255 254 248 255 255 255 255 255 255 255 255 255 253 255 255 249 252 187 63 117 105 125 153 182 220 251 255 255 255 255 255 255 255 255 255 255 255 255 255 255 255 255 255 255 255 255 255 255 255 255 255 255 255 255 255 255 255 255 255 
255 255 255 255 255 255 255 255 255 255 255 255 255 255 255 255 255 255 255 255 255 255 255 255 254 255 252 249 255 248 255 251 209 188 159 150 136 135 103 110 112 98 93 101 97 97 102 91 100 111 112 117 120 137 137 154 157 180 215 212 255 118 184 243 253 253 249 251 255 255 253 255 254 254 255 255 255 255 255 255 246 255 253 249 255 247 80 95 107 96 133 155 193 214 255 255 255 255 255 255 255 255 255 255 255 255 255 255 255 255 255 255 255 255 255 255 255 255 255 255 255 255 255 255 255 255 255 255 
255 255 255 255 255 255 255 255 255 255 255 255 255 255 255 255 255 255 255 255 255 255 255 255 254 254 255 255 255 255 253 255 249 211 192 202 163 156 141 132 133 114 106 117 111 101 111 110 111 115 132 140 133 148 172 200 198 215 255 255 255 200 69 144 244 250 244 242 252 248 243 250 251 251 253 253 253 254 254 254 255 248 248 252 247 213 83 119 84 89 132 153 190 214 255 255 255 255 255 255 255 255 255 255 255 255 255 255 255 255 255 255 255 255 255 255 255 255 255 255 255 255 255 255 255 255 255 255 
255 255 255 255 255 255 255 255 255 255 255 255 255 255 255 255 255 255 255 255 255 255 255 255 255 255 250 255 255 251 255 255 254 255 218 214 200 199 173 165 160 156 140 132 133 142 151 136 154 154 165 155 183 183 196 216 215 251 254 255 248 222 139 74 96 186 243 242 243 244 242 247 246 247 247 248 248 250 250 250 243 242 250 238 188 50 105 94 105 95 127 157 190 215 255 255 255 255 255 255 255 255 255 255 255 255 255 255 255 255 255 255 255 255 255 255 255 255 255 255 255 255 255 255 255 255 255 255 
255 255 255 255 255 255 255 255 255 255 255 255 255 255 255 255 255 255 255 255 255 255 255 255 255 255 255 255 255 255 255 255 255 255 255 255 255 249 230 216 226 214 203 220 192 197 201 217 213 211 212 224 247 255 255 254 255 251 254 251 255 255 194 167 147 118 76 52 93 151 232 243 240 241 244 240 244 243 246 243 237 213 48 81 93 104 96 94 88 106 128 163 190 255 255 255 255 255 255 255 255 255 255 255 255 255 255 255 255 255 255 255 255 255 255 255 255 255 255 255 255 255 255 255 255 255 255 255 
255 255 255 255 255 255 255 255 255 255 255 255 255 255 255 255 255 255 255 255 255 255 255 255 255 255 255 255 255 255 255 255 255 255 255 255 255 255 255 255 254 255 255 252 230 254 255 250 250 252 251 252 255 255 254 255 254 252 254 252 254 255 214 194 160 143 115 116 78 48 60 86 117 155 174 214 204 210 156 122 71 44 123 114 99 88 91 92 93 109 152 193 220 254 255 255 255 255 255 255 255 255 255 255 255 255 255 255 255 255 255 255 255 255 255 255 255 255 255 255 255 255 255 255 255 255 255 255 
255 255 255 255 255 255 255 255 255 255 255 255 255 255 255 255 255 255 255 255 255 255 255 255 255 255 255 255 255 255 255 255 255 255 255 254 254 254 255 255 254 255 255 255 242 254 254 253 250 252 254 255 255 255 255 255 255 253 252 252 252 251 221 195 178 160 112 111 104 113 101 91 78 66 71 52 56 45 80 105 97 118 83 97 97 91 79 96 110 133 176 191 221 253 255 255 255 255 255 255 255 255 255 255 255 255 255 255 255 255 255 255 255 255 255 255 255 255 255 255 255 255 255 255 255 255 255 255 
255 255 255 255 255 255 255 255 255 255 255 255 255 255 255 255 255 255 255 255 255 255 255 255 255 255 255 255 255 255 255 255 251 253 254 254 254 253 253 253 252 248 251 252 252 249 252 252 250 254 253 253 255 255 254 255 255 252 250 252 254 255 245 222 189 174 137 111 108 101 99 91 99 90 89 81 95 94 100 93 93 97 98 85 85 84 92 111 126 140 188 220 253 255 255 254 255 255 255 255 255 255 255 255 255 255 255 255 255 255 255 255 255 255 255 255 255 255 255 255 255 255 255 255 255 255 255 255 
255 255 255 255 255 255 255 255 255 255 255 255 255 255 255 255 255 255 255 255 255 255 255 255 255 255 255 255 255 255 255 255 254 254 254 254 252 252 252 252 252 249 251 251 252 250 252 250 254 254 255 255 255 255 254 254 253 254 252 254 251 254 255 255 254 253 253 249 254 253 254 252 252 255 255 255 251 254 251 255 249 254 248 251 249 251 252 252 254 250 255 255 255 255 254 254 255 255 255 255 255 255 255 255 255 255 255 255 255 255 255 255 255 255 255 255 255 255 255 255 255 255 255 255 255 255 255 255 
255 255 255 255 255 255 255 255 255 255 255 255 255 255 255 255 255 255 255 255 255 255 255 255 255 255 255 255 255 255 255 255 255 255 253 253 252 252 250 250 254 254 254 253 254 254 254 254 250 254 255 255 255 255 255 255 254 252 252 251 253 252 255 255 247 255 255 252 251 254 255 253 254 247 252 252 254 247 253 254 255 251 254 254 252 254 254 249 253 255 255 252 247 254 254 252 255 255 255 255 255 255 255 255 255 255 255 255 255 255 255 255 255 255 255 255 255 255 255 255 255 255 255 255 255 255 255 255 
255 255 255 255 255 255 255 255 255 255 255 255 255 255 255 255 255 255 255 255 255 255 255 255 255 255 255 255 255 255 255 255 251 253 255 255 255 255 255 255 255 255 253 255 255 255 253 255 255 255 255 255 255 255 254 255 254 250 252 251 255 255 255 255 255 255 251 255 254 255 255 255 251 254 254 251 251 254 254 247 255 255 255 255 249 254 255 255 255 255 255 255 255 248 249 251 255 255 255 255 255 255 255 255 255 255 255 255 255 255 255 255 255 255 255 255 255 255 255 255 255 255 255 255 255 255 255 255 
255 255 255 255 255 255 255 255 255 255 255 255 255 255 255 255 255 255 255 255 255 255 255 255 255 255 255 255 255 255 255 255 255 255 255 255 255 255 255 255 255 255 255 255 255 255 255 255 255 255 253 255 255 255 255 254 254 252 252 248 255 255 255 255 255 255 255 255 252 255 255 254 255 255 252 254 252 254 251 252 255 255 255 255 255 255 255 255 255 255 255 253 254 249 251 245 255 255 255 255 255 255 255 255 255 255 255 255 255 255 255 255 255 255 255 255 255 255 255 255 255 255 255 255 255 255 255 255 
