140 33 172 82 140 33 172 82 140 33 172 82 140 33 172 82 140 33 172 82 140 33 172 82 140 33 172 82 140 33 172 82 140 33 172 82 140 33 172 82 140 33 172 82 140 33 172 82 140 33 172 82 140 33 172 82 237 239 5 91 59 104 80 96 135 205 23 137 89 96 20 67 150 104 98 123 79 198 228 163 36 230 190 246 71 145 226 166 140 33 172 82 140 33 172 82 140 33 172 82 140 33 172 82 140 33 172 82 140 33 172 82 140 33 172 82 140 33 172 82 140 33 172 82 140 33 172 82 
98 117 214 81 98 117 214 81 98 117 214 81 98 117 214 81 98 117 214 81 98 117 214 81 98 117 214 81 98 117 214 81 98 117 214 81 98 117 214 81 98 117 214 81 98 117 214 81 98 117 214 81 98 117 214 81 147 203 100 230 206 183 52 24 57 239 224 93 193 13 94 21 77 214 237 100 97 138 208 65 29 50 130 150 5 183 47 104 98 117 214 81 98 117 214 81 98 117 214 81 98 117 214 81 98 117 214 81 98 117 214 81 98 117 214 81 98 117 214 81 98 117 214 81 98 117 214 81 
199 152 226 219 199 152 226 219 199 152 226 219 199 152 226 219 199 152 226 219 199 152 226 219 199 152 226 219 199 152 226 219 199 152 226 219 199 152 226 219 199 152 226 219 199 152 226 219 199 152 226 219 199 152 226 219 166 156 105 240 88 173 89 46 84 211 120 217 210 192 254 217 54 192 253 105 156 120 218 202 129 8 95 162 224 177 216 10 199 152 226 219 199 152 226 219 199 152 226 219 199 152 226 219 199 152 226 219 199 152 226 219 199 152 226 219 199 152 226 219 199 152 226 219 199 152 226 219 
13 177 215 255 13 177 215 255 13 177 215 255 13 177 215 255 13 177 215 255 13 177 215 255 13 177 215 255 13 177 215 255 13 177 215 255 13 177 215 255 13 177 215 255 13 177 215 255 13 177 215 255 13 177 215 255 28 225 255 54 155 137 234 168 26 144 132 87 144 123 54 80 6 164 255 248 4 151 148 240 159 204 80 230 140 181 119 113 13 177 215 255 13 177 215 255 13 177 215 255 13 177 215 255 13 177 215 255 13 177 215 255 13 177 215 255 13 177 215 255 13 177 215 255 13 177 215 255 
251 109 0 155 251 109 0 155 251 109 0 155 251 109 0 155 251 109 0 155 251 109 0 155 251 109 0 155 251 109 0 155 251 109 0 155 251 109 0 155 251 109 0 155 251 109 0 155 251 109 0 155 251 109 0 155 235 25 216 239 221 19 32 67 69 210 53 248 103 65 178 5 51 3 43 239 7 14 62 245 207 92 169 235 27 89 126 142 251 109 0 155 251 109 0 155 251 109 0 155 251 109 0 155 251 109 0 155 251 109 0 155 251 109 0 155 251 109 0 155 251 109 0 155 251 109 0 155 
223 200 82 84 223 200 82 84 223 200 82 84 223 200 82 84 223 200 82 84 223 200 82 84 223 200 82 84 223 200 82 84 223 200 82 84 223 200 82 84 223 200 82 84 223 200 82 84 223 200 82 84 223 200 82 84 249 188 15 3 133 81 97 137 39 188 244 40 133 133 191 186 102 191 202 224 181 156 107 66 228 249 111 224 26 241 181 86 223 200 82 84 223 200 82 84 223 200 82 84 223 200 82 84 223 200 82 84 223 200 82 84 223 200 82 84 223 200 82 84 223 200 82 84 223 200 82 84 
97 175 128 165 97 175 128 165 97 175 128 165 97 175 128 165 97 175 128 165 97 175 128 165 97 175 128 165 97 175 128 165 97 175 128 165 97 175 128 165 97 175 128 165 97 175 128 165 97 175 128 165 97 175 128 165 167 168 200 18 95 189 193 187 232 8 9 202 113 49 188 246 116 2 219 140 213 47 95 101 125 120 206 131 13 130 249 83 97 175 128 165 97 175 128 165 97 175 128 165 97 175 128 165 97 175 128 165 97 175 128 165 97 175 128 165 97 175 128 165 97 175 128 165 97 175 128 165 
21 223 37 146 21 223 37 146 21 223 37 146 21 223 37 146 21 223 37 146 21 223 37 146 21 223 37 146 21 223 37 146 21 223 37 146 21 223 37 146 21 223 37 146 21 223 37 146 21 223 37 146 21 223 37 146 145 255 11 133 238 99 20 57 237 102 236 79 125 242 173 89 194 239 61 74 17 185 209 142 240 174 186 50 197 135 138 249 21 223 37 146 21 223 37 146 21 223 37 146 21 223 37 146 21 223 37 146 21 223 37 146 21 223 37 146 21 223 37 146 21 223 37 146 21 223 37 146 
224 142 135 221 224 142 135 221 224 142 135 221 224 142 135 221 224 142 135 221 224 142 135 221 224 142 135 221 224 142 135 221 224 142 135 221 224 142 135 221 224 142 135 221 224 142 135 221 224 142 135 221 224 142 135 221 34 78 79 32 234 107 16 143 32 98 86 18 248 4 61 62 29 155 113 178 137 48 255 136 121 98 54 12 39 13 250 185 224 142 135 221 224 142 135 221 224 142 135 221 224 142 135 221 224 142 135 221 224 142 135 221 224 142 135 221 224 142 135 221 224 142 135 221 224 142 135 221 
22 20 150 225 22 20 150 225 22 20 150 225 22 20 150 225 22 20 150 225 22 20 150 225 22 20 150 225 22 20 150 225 22 20 150 225 22 20 150 225 22 20 150 225 22 20 150 225 22 20 150 225 22 20 150 225 222 58 45 63 147 136 60 161 107 175 114 38 1 210 196 82 139 133 92 140 215 75 87 64 98 184 139 27 56 93 116 174 22 20 150 225 22 20 150 225 22 20 150 225 22 20 150 225 22 20 150 225 22 20 150 225 22 20 150 225 22 20 150 225 22 20 150 225 22 20 150 225 
128 212 225 85 128 212 225 85 128 212 225 85 128 212 225 85 128 212 225 85 128 212 225 85 128 212 225 85 128 212 225 85 128 212 225 85 128 212 225 85 128 212 225 85 128 212 225 85 128 212 225 85 128 212 225 85 157 105 22 75 84 165 178 174 132 31 131 222 83 48 148 112 146 10 88 95 174 84 177 253 233 179 136 22 9 14 247 52 128 212 225 85 128 212 225 85 128 212 225 85 128 212 225 85 128 212 225 85 128 212 225 85 128 212 225 85 128 212 225 85 128 212 225 85 128 212 225 85 
160 251 100 220 160 251 100 220 160 251 100 220 160 251 100 220 160 251 100 220 160 251 100 220 160 251 100 220 160 251 100 220 160 251 100 220 160 251 100 220 160 251 100 220 160 251 100 220 160 251 100 220 160 251 100 220 216 85 170 174 122 254 61 125 203 251 174 230 20 2 23 129 216 233 216 56 218 104 13 119 226 95 119 18 176 229 165 252 160 251 100 220 160 251 100 220 160 251 100 220 160 251 100 220 160 251 100 220 160 251 100 220 160 251 100 220 160 251 100 220 160 251 100 220 160 251 100 220 
10 121 152 102 10 121 152 102 10 121 152 102 10 121 152 102 10 121 152 102 10 121 152 102 10 121 152 102 10 121 152 102 10 121 152 102 10 121 152 102 10 121 152 102 10 121 152 102 10 121 152 102 10 121 152 102 176 197 95 188 249 134 136 38 222 99 48 160 97 238 163 93 74 233 117 95 234 230 68 155 126 235 255 194 213 63 31 141 10 121 152 102 10 121 152 102 10 121 152 102 10 121 152 102 10 121 152 102 10 121 152 102 10 121 152 102 10 121 152 102 10 121 152 102 10 121 152 102 
123 73 171 222 123 73 171 222 123 73 171 222 123 73 171 222 123 73 171 222 123 73 171 222 123 73 171 222 123 73 171 222 123 73 171 222 123 73 171 222 123 73 171 222 123 73 171 222 123 73 171 222 123 73 171 222 240 101 19 132 26 195 206 223 45 92 252 34 130 156 64 22 221 42 234 78 242 106 192 26 32 166 191 206 127 11 155 187 123 73 171 222 123 73 171 222 123 73 171 222 123 73 171 222 123 73 171 222 123 73 171 222 123 73 171 222 123 73 171 222 123 73 171 222 123 73 171 222 
135 139 97 112 135 139 97 112 135 139 97 112 135 139 97 112 135 139 97 112 135 139 97 112 135 139 97 112 135 139 97 112 135 139 97 112 135 139 97 112 135 139 97 112 135 139 97 112 135 139 97 112 135 139 97 112 108 230 163 211 233 30 130 33 1 140 164 216 23 237 19 121 77 45 115 129 13 64 28 223 141 55 12 250 114 25 95 158 135 139 97 112 135 139 97 112 135 139 97 112 135 139 97 112 135 139 97 112 135 139 97 112 135 139 97 112 135 139 97 112 135 139 97 112 135 139 97 112 
91 240 110 250 91 240 110 250 91 240 110 250 91 240 110 250 91 240 110 250 91 240 110 250 91 240 110 250 91 240 110 250 91 240 110 250 91 240 110 250 91 240 110 250 91 240 110 250 91 240 110 250 91 240 110 250 22 7 174 175 138 241 222 12 142 9 232 41 33 150 101 117 141 240 90 159 216 251 239 13 189 210 18 148 171 153 169 73 91 240 110 250 91 240 110 250 91 240 110 250 91 240 110 250 91 240 110 250 91 240 110 250 91 240 110 250 91 240 110 250 91 240 110 250 91 240 110 250 
140 33 172 82 140 33 172 82 140 33 172 82 140 33 172 82 140 33 172 82 140 33 172 82 140 33 172 82 140 33 172 82 140 33 172 82 140 33 172 82 140 33 172 82 140 33 172 82 156 230 19 221 216 251 228 196 29 148 219 7 227 160 122 54 193 55 145 104 46 150 34 64 114 84 114 197 107 211 196 135 195 140 111 168 142 34 126 35 188 68 147 150 3 92 122 55 206 252 210 220 65 250 225 189 140 33 172 82 140 33 172 82 140 33 172 82 140 33 172 82 140 33 172 82 140 33 172 82 
98 117 214 81 98 117 214 81 98 117 214 81 98 117 214 81 98 117 214 81 98 117 214 81 98 117 214 81 98 117 214 81 98 117 214 81 98 117 214 81 98 117 214 81 98 117 214 81 184 177 52 202 140 173 170 201 126 198 52 33 76 14 157 50 183 5 111 66 154 37 230 74 38 136 178 6 160 80 108 185 131 181 141 110 95 187 184 125 36 221 65 173 222 130 50 158 188 178 119 230 209 76 57 154 98 117 214 81 98 117 214 81 98 117 214 81 98 117 214 81 98 117 214 81 98 117 214 81 
199 152 226 219 199 152 226 219 199 152 226 219 199 152 226 219 199 152 226 219 199 152 226 219 199 152 226 219 199 152 226 219 199 152 226 219 199 152 226 219 199 152 226 219 199 152 226 219 161 117 39 42 61 117 151 155 246 112 237 25 106 189 251 81 171 30 205 33 231 189 39 62 224 194 218 131 178 123 222 255 145 249 58 58 211 0 116 159 126 236 231 147 189 29 226 76 146 165 164 73 41 193 48 235 199 152 226 219 199 152 226 219 199 152 226 219 199 152 226 219 199 152 226 219 199 152 226 219 
13 177 215 255 13 177 215 255 13 177 215 255 13 177 215 255 13 177 215 255 13 177 215 255 13 177 215 255 13 177 215 255 13 177 215 255 13 177 215 255 13 177 215 255 13 177 215 255 254 20 122 243 237 19 79 6 49 224 17 201 137 250 121 161 159 234 252 131 70 63 254 255 55 126 99 210 31 135 238 48 186 170 46 213 116 104 18 15 80 178 178 83 217 148 124 230 129 6 62 29 86 59 196 12 13 177 215 255 13 177 215 255 13 177 215 255 13 177 215 255 13 177 215 255 13 177 215 255 
251 109 0 155 251 109 0 155 251 109 0 155 251 109 0 155 251 109 0 155 251 109 0 155 251 109 0 155 251 109 0 155 251 109 0 155 251 109 0 155 251 109 0 155 251 109 0 155 58 207 255 149 26 25 154 97 100 165 41 69 244 228 150 248 29 21 163 40 140 128 117 135 46 110 57 81 146 205 13 160 92 247 56 96 139 206 221 169 139 43 75 89 97 87 24 170 112 32 77 102 32 190 187 224 251 109 0 155 251 109 0 155 251 109 0 155 251 109 0 155 251 109 0 155 251 109 0 155 
223 200 82 84 223 200 82 84 223 200 82 84 223 200 82 84 223 200 82 84 223 200 82 84 223 200 82 84 223 200 82 84 223 200 82 84 223 200 82 84 223 200 82 84 223 200 82 84 253 251 87 219 96 206 87 65 245 183 11 218 34 234 3 146 187 113 42 212 98 206 250 144 216 103 131 244 246 156 235 176 82 205 46 90 109 90 190 16 76 133 130 20 172 55 12 14 251 19 47 213 63 37 139 192 223 200 82 84 223 200 82 84 223 200 82 84 223 200 82 84 223 200 82 84 223 200 82 84 
97 175 128 165 97 175 128 165 97 175 128 165 97 175 128 165 97 175 128 165 97 175 128 165 97 175 128 165 97 175 128 165 97 175 128 165 97 175 128 165 97 175 128 165 97 175 128 165 235 203 192 201 63 84 140 63 162 220 219 96 252 214 8 94 127 117 137 157 55 86 239 14 120 245 122 241 234 19 200 17 222 242 115 96 24 63 114 56 177 55 16 232 24 113 195 185 52 129 121 144 182 174 230 9 97 175 128 165 97 175 128 165 97 175 128 165 97 175 128 165 97 175 128 165 97 175 128 165 
21 223 37 146 21 223 37 146 21 223 37 146 21 223 37 146 21 223 37 146 21 223 37 146 21 223 37 146 21 223 37 146 21 223 37 146 21 223 37 146 21 223 37 146 21 223 37 146 167 28 9 34 9 72 134 36 170 14 20 218 63 2 49 243 201 134 109 116 200 14 138 103 53 20 53 29 23 135 104 219 193 166 75 224 167 138 51 186 84 174 28 36 243 211 1 12 179 240 96 110 178 249 74 111 21 223 37 146 21 223 37 146 21 223 37 146 21 223 37 146 21 223 37 146 21 223 37 146 
224 142 135 221 224 142 135 221 224 142 135 221 224 142 135 221 224 142 135 221 224 142 135 221 224 142 135 221 224 142 135 221 224 142 135 221 224 142 135 221 224 142 135 221 224 142 135 221 98 81 152 202 19 188 53 57 10 106 27 110 244 68 179 146 66 100 53 33 184 202 117 103 54 131 208 10 118 215 195 17 127 164 205 222 16 91 153 104 43 93 168 175 221 41 37 215 191 110 241 93 130 247 204 189 224 142 135 221 224 142 135 221 224 142 135 221 224 142 135 221 224 142 135 221 224 142 135 221 
22 20 150 225 22 20 150 225 22 20 150 225 22 20 150 225 22 20 150 225 22 20 150 225 22 20 150 225 22 20 150 225 22 20 150 225 22 20 150 225 22 20 150 225 22 20 150 225 53 198 124 189 56 208 223 9 135 245 236 121 250 14 66 71 33 249 44 154 215 253 209 63 28 254 169 234 200 56 95 239 43 21 185 217 48 254 153 236 198 250 245 177 209 189 37 242 18 242 71 101 103 174 46 188 22 20 150 225 22 20 150 225 22 20 150 225 22 20 150 225 22 20 150 225 22 20 150 225 
128 212 225 85 128 212 225 85 128 212 225 85 128 212 225 85 128 212 225 85 128 212 225 85 128 212 225 85 128 212 225 85 128 212 225 85 128 212 225 85 128 212 225 85 128 212 225 85 254 77 67 196 3 47 31 6 24 133 21 28 2 200 244 190 123 234 172 4 126 72 50 19 243 128 42 184 87 4 101 83 37 47 100 30 48 42 182 190 184 10 39 140 130 186 24 74 197 195 102 13 43 44 233 35 128 212 225 85 128 212 225 85 128 212 225 85 128 212 225 85 128 212 225 85 128 212 225 85 
160 251 100 220 160 251 100 220 160 251 100 220 160 251 100 220 160 251 100 220 160 251 100 220 160 251 100 220 160 251 100 220 160 251 100 220 160 251 100 220 160 251 100 220 160 251 100 220 124 135 218 218 154 160 21 166 23 245 130 129 146 165 106 0 72 230 161 163 117 174 245 242 31 143 218 154 10 73 117 133 226 214 46 10 152 249 217 124 167 75 210 12 52 78 237 207 126 214 41 237 113 181 172 205 160 251 100 220 160 251 100 220 160 251 100 220 160 251 100 220 160 251 100 220 160 251 100 220 
10 121 152 102 10 121 152 102 10 121 152 102 10 121 152 102 10 121 152 102 10 121 152 102 10 121 152 102 10 121 152 102 10 121 152 102 10 121 152 102 10 121 152 102 10 121 152 102 161 159 159 55 174 117 81 22 18 160 234 148 100 75 245 227 217 2 194 46 198 93 59 60 85 157 94 189 234 69 141 220 103 198 254 67 177 236 69 189 215 72 223 209 0 252 174 228 136 159 94 79 75 244 5 39 10 121 152 102 10 121 152 102 10 121 152 102 10 121 152 102 10 121 152 102 10 121 152 102 
123 73 171 222 123 73 171 222 123 73 171 222 123 73 171 222 123 73 171 222 123 73 171 222 123 73 171 222 123 73 171 222 123 73 171 222 123 73 171 222 123 73 171 222 123 73 171 222 175 171 103 81 138 244 70 117 62 149 236 179 208 0 0 99 225 198 194 110 253 97 242 130 248 24 139 44 16 242 18 203 178 91 95 58 74 136 229 149 186 237 79 40 148 92 74 217 90 144 172 232 114 192 37 221 123 73 171 222 123 73 171 222 123 73 171 222 123 73 171 222 123 73 171 222 123 73 171 222 
135 139 97 112 135 139 97 112 135 139 97 112 135 139 97 112 135 139 97 112 135 139 97 112 135 139 97 112 135 139 97 112 135 139 97 112 135 139 97 112 135 139 97 112 135 139 97 112 233 248 72 180 192 114 195 233 92 236 50 139 176 108 104 49 149 62 75 43 146 249 239 240 105 139 82 132 18 55 246 70 95 125 166 26 185 166 168 118 207 206 34 49 0 53 11 16 13 223 86 146 176 175 115 124 135 139 97 112 135 139 97 112 135 139 97 112 135 139 97 112 135 139 97 112 135 139 97 112 
91 240 110 250 91 240 110 250 91 240 110 250 91 240 110 250 91 240 110 250 91 240 110 250 91 240 110 250 91 240 110 250 91 240 110 250 91 240 110 250 91 240 110 250 91 240 110 250 169 199 96 160 220 142 220 116 3 158 98 240 243 244 115 182 98 185 109 240 85 40 232 45 223 97 218 235 21 177 117 77 103 128 235 254 169 161 208 31 81 19 158 135 106 196 44 139 203 62 33 62 65 36 218 87 91 240 110 250 91 240 110 250 91 240 110 250 91 240 110 250 91 240 110 250 91 240 110 250 
140 33 172 82 140 33 172 82 140 33 172 82 140 33 172 82 230 18 234 27 199 195 202 95 59 48 30 81 236 228 14 130 211 242 168 47 227 221 88 85 223 101 104 45 159 234 96 27 187 218 224 153 220 186 2 52 117 181 218 148 8 185 85 176 192 52 101 145 126 220 103 238 102 66 241 149 1 2 160 81 37 80 138 204 138 161 128 70 135 50 65 2 68 100 163 57 25 1 17 88 248 1 24 168 19 247 55 0 148 233 217 127 140 33 172 82 140 33 172 82 140 33 172 82 140 33 172 82 
98 117 214 81 98 117 214 81 98 117 214 81 98 117 214 81 176 42 6 74 42 79 62 1 209 113 74 66 120 68 255 20 36 79 231 78 99 96 21 139 136 63 122 174 183 204 66 219 197 51 186 84 218 240 147 195 83 223 22 46 226 14 94 218 7 206 103 135 61 211 173 133 39 186 56 35 242 253 180 58 11 252 60 160 130 53 190 75 82 67 254 97 108 71 163 248 33 202 202 39 33 75 108 180 51 192 162 175 41 11 174 47 98 117 214 81 98 117 214 81 98 117 214 81 98 117 214 81 
199 152 226 219 199 152 226 219 199 152 226 219 199 152 226 219 247 152 90 22 214 123 61 144 196 198 40 17 100 144 248 22 127 224 242 31 77 40 154 152 210 227 103 198 199 166 60 36 168 171 62 135 152 173 61 215 59 194 150 251 251 168 39 218 153 159 59 144 121 128 26 13 199 91 37 144 242 233 54 206 21 218 174 5 142 159 245 189 218 163 103 196 100 122 211 148 223 191 219 153 47 85 199 64 67 147 187 86 99 44 124 214 199 152 226 219 199 152 226 219 199 152 226 219 199 152 226 219 
13 177 215 255 13 177 215 255 13 177 215 255 13 177 215 255 69 37 177 146 175 35 205 243 30 225 137 206 198 170 182 91 54 166 221 9 6 92 175 96 94 28 197 205 4 124 92 247 237 8 87 161 87 65 3 89 30 118 169 28 24 231 93 225 6 244 169 133 251 245 108 230 2 26 185 75 30 158 191 136 134 17 100 188 4 136 77 177 181 146 116 13 84 147 218 104 9 18 0 107 116 253 26 211 157 22 101 187 17 199 87 125 13 177 215 255 13 177 215 255 13 177 215 255 13 177 215 255 
251 109 0 155 251 109 0 155 251 109 0 155 251 109 0 155 253 9 253 248 224 7 217 231 113 123 119 126 67 233 16 102 178 239 186 248 18 89 133 36 27 219 162 210 49 10 59 172 7 186 29 9 252 99 196 167 243 82 174 125 201 15 152 126 231 227 107 191 73 183 211 58 232 166 59 34 67 171 206 153 26 70 108 98 0 134 107 110 167 104 67 99 144 229 11 23 92 65 208 63 203 21 131 36 34 58 58 211 252 119 84 221 251 109 0 155 251 109 0 155 251 109 0 155 251 109 0 155 
223 200 82 84 223 200 82 84 223 200 82 84 223 200 82 84 104 231 245 128 150 197 178 176 115 178 179 242 159 71 137 24 8 244 146 217 210 207 133 245 99 20 56 95 123 32 162 54 185 69 179 218 41 151 197 198 126 78 241 229 113 198 94 237 74 225 232 11 210 198 155 115 20 130 58 20 197 65 214 10 122 52 65 143 75 189 113 117 34 63 237 56 236 135 81 223 134 142 190 22 156 20 237 110 233 252 238 221 26 64 226 243 223 200 82 84 223 200 82 84 223 200 82 84 223 200 82 84 
97 175 128 165 97 175 128 165 97 175 128 165 97 175 128 165 133 188 12 234 127 67 112 8 105 13 222 227 57 200 41 80 185 100 104 10 165 117 146 30 106 103 216 131 215 133 196 157 140 22 64 74 156 207 69 52 182 163 209 124 59 223 57 7 3 194 108 157 193 128 145 20 118 60 29 101 143 188 255 103 88 214 89 51 236 1 233 67 241 97 226 192 161 98 75 229 242 237 142 255 192 194 35 50 229 106 138 14 251 62 104 97 97 175 128 165 97 175 128 165 97 175 128 165 97 175 128 165 
21 223 37 146 21 223 37 146 21 223 37 146 21 223 37 146 110 144 218 176 65 41 72 193 32 111 210 72 102 66 124 15 255 78 28 138 115 159 120 145 187 39 33 164 183 120 169 193 87 63 151 99 29 28 248 69 106 240 85 95 181 39 109 148 236 251 59 175 31 119 133 67 21 57 200 181 120 50 180 115 113 6 189 255 18 202 133 194 177 158 96 100 102 75 229 208 118 133 40 255 205 27 30 182 99 151 146 75 143 7 84 187 21 223 37 146 21 223 37 146 21 223 37 146 21 223 37 146 
224 142 135 221 224 142 135 221 224 142 135 221 224 142 135 221 155 206 35 53 28 253 250 150 137 130 40 38 79 66 148 8 195 109 75 219 195 123 44 241 56 178 137 169 44 84 2 9 187 127 211 191 234 119 149 86 23 25 154 53 120 4 139 152 97 197 121 187 55 182 235 6 0 131 106 48 12 126 154 158 64 245 117 163 195 2 216 163 130 80 208 142 64 138 220 110 100 158 216 223 77 63 80 162 117 10 241 199 50 91 62 144 224 142 135 221 224 142 135 221 224 142 135 221 224 142 135 221 
22 20 150 225 22 20 150 225 22 20 150 225 22 20 150 225 78 143 52 116 252 113 122 134 42 190 151 1 104 89 255 20 191 67 226 192 38 162 177 118 138 70 201 211 72 41 75 234 95 54 16 61 125 102 29 101 22 126 156 86 223 112 189 195 102 120 93 37 5 183 156 235 59 184 18 192 127 17 153 6 56 0 80 194 118 76 202 140 131 233 5 235 48 74 134 12 250 14 177 156 40 189 97 20 121 69 160 171 124 74 32 29 22 20 150 225 22 20 150 225 22 20 150 225 22 20 150 225 
128 212 225 85 128 212 225 85 128 212 225 85 128 212 225 85 126 249 6 204 74 73 26 79 121 241 63 88 149 197 93 152 23 214 40 28 188 140 35 250 236 55 184 122 60 3 156 70 122 141 29 219 250 120 159 36 104 94 145 117 96 52 15 115 29 168 62 71 142 171 48 119 214 233 186 136 44 109 22 187 110 202 225 167 187 137 9 195 138 65 27 145 109 144 95 197 247 224 211 192 165 156 119 201 197 157 30 72 178 69 69 15 128 212 225 85 128 212 225 85 128 212 225 85 128 212 225 85 
160 251 100 220 160 251 100 220 160 251 100 220 160 251 100 220 120 81 88 201 193 111 6 224 13 0 182 3 83 172 91 3 72 89 90 200 148 10 15 100 192 41 179 35 30 249 14 61 135 139 24 107 143 216 87 233 133 237 221 55 212 126 179 93 106 67 190 163 132 81 38 112 25 156 22 168 201 181 179 152 92 182 220 24 61 154 193 71 218 38 86 151 144 139 125 68 147 35 150 27 149 217 182 255 255 66 138 91 194 146 240 8 160 251 100 220 160 251 100 220 160 251 100 220 160 251 100 220 
10 121 152 102 10 121 152 102 10 121 152 102 10 121 152 102 155 198 241 86 203 243 154 48 162 222 87 77 89 207 79 169 22 213 169 230 57 246 176 89 244 168 139 221 119 234 49 218 177 153 246 132 21 69 153 90 226 111 136 170 147 71 81 253 124 49 227 45 150 165 80 229 170 159 5 114 250 238 47 0 202 223 204 102 188 67 104 92 179 179 231 47 139 166 210 172 21 97 224 165 170 165 20 104 253 160 194 202 8 64 71 233 10 121 152 102 10 121 152 102 10 121 152 102 10 121 152 102 
123 73 171 222 123 73 171 222 123 73 171 222 123 73 171 222 163 5 10 251 133 49 237 217 173 180 35 187 120 123 157 38 63 135 69 207 238 21 137 121 247 150 37 179 179 154 197 113 201 152 54 114 180 239 54 38 106 38 7 102 23 38 252 39 176 44 167 195 2 221 84 224 249 76 134 86 124 184 174 125 48 26 4 148 184 134 81 181 29 238 155 148 175 158 154 126 88 143 236 109 107 194 72 166 171 12 221 57 179 144 177 195 123 73 171 222 123 73 171 222 123 73 171 222 123 73 171 222 
135 139 97 112 135 139 97 112 135 139 97 112 135 139 97 112 63 209 169 177 246 177 142 16 41 247 102 160 108 57 196 203 216 162 2 61 136 205 82 209 31 132 237 246 161 199 21 199 232 125 60 52 241 240 199 172 13 148 39 102 51 9 60 216 1 129 248 178 143 1 52 19 10 22 161 236 176 56 116 55 112 31 220 248 118 63 61 177 208 245 154 149 42 217 3 122 239 212 99 47 156 78 30 58 90 147 43 23 250 68 162 71 135 139 97 112 135 139 97 112 135 139 97 112 135 139 97 112 
91 240 110 250 91 240 110 250 91 240 110 250 91 240 110 250 214 26 226 214 77 48 23 135 97 232 94 194 163 85 116 117 106 213 110 243 76 119 71 119 79 135 16 58 196 30 22 236 175 117 17 173 238 241 107 197 229 246 165 18 187 192 205 5 54 49 117 176 126 1 168 221 245 183 208 60 226 51 66 63 100 59 99 253 122 160 16 19 158 165 11 95 60 39 14 129 137 52 51 227 152 201 44 251 5 24 144 121 210 212 69 217 91 240 110 250 91 240 110 250 91 240 110 250 91 240 110 250 
140 33 172 82 39 56 8 210 161 217 186 35 210 212 121 137 33 214 238 33 35 54 121 144 129 107 41 198 138 135 174 112 120 169 71 48 150 200 77 140 3 150 116 12 186 10 132 7 181 209 113 169 144 229 5 249 210 52 184 35 26 215 91 169 85 23 195 142 77 137 104 170 124 118 248 148 235 215 6 27 21 62 204 197 238 132 211 234 225 213 168 223 148 200 179 202 41 124 75 81 184 238 115 95 146 185 211 253 190 46 206 248 140 33 172 82 140 33 172 82 140 33 172 82 140 33 172 82 
98 117 214 81 76 86 115 188 25 178 208 237 0 84 167 3 246 129 35 232 131 126 175 170 176 235 111 204 16 217 96 35 237 171 246 139 234 105 237 104 27 188 235 235 31 165 37 138 46 154 169 72 15 103 95 90 158 170 2 201 106 26 75 144 196 61 113 59 189 53 33 89 162 122 180 123 78 187 68 166 39 107 60 185 96 171 72 121 4 4 89 68 170 48 66 19 34 166 76 13 147 46 11 123 143 152 152 105 82 255 183 219 98 117 214 81 98 117 214 81 98 117 214 81 98 117 214 81 
199 152 226 219 100 234 200 75 82 97 20 129 144 213 131 236 161 203 84 130 238 178 24 208 59 195 10 206 12 202 65 129 29 231 255 156 8 188 131 63 67 160 80 129 127 223 40 124 168 180 113 47 21 48 168 67 7 111 87 226 86 204 132 12 102 124 204 66 71 121 63 29 134 135 74 139 0 29 233 4 9 1 62 196 184 230 179 227 50 49 154 10 152 165 65 138 220 12 33 136 248 9 37 184 40 82 75 252 109 59 161 187 199 152 226 219 199 152 226 219 199 152 226 219 199 152 226 219 
13 177 215 255 16 207 222 46 117 83 68 2 106 133 108 210 71 182 46 189 143 73 197 141 151 27 104 217 142 3 248 140 65 26 175 127 155 2 122 179 253 36 146 211 220 24 109 73 28 56 159 196 107 62 11 37 53 182 49 192 221 56 147 13 236 93 71 197 212 91 98 158 158 181 203 70 181 164 112 174 71 236 157 150 66 21 244 214 229 45 229 202 36 203 188 182 146 222 160 142 251 76 71 193 28 159 143 44 13 42 180 230 13 177 215 255 13 177 215 255 13 177 215 255 13 177 215 255 
251 109 0 155 71 95 217 139 71 151 4 194 58 221 194 181 236 67 204 31 248 136 35 99 125 208 172 229 142 22 79 207 177 88 217 145 2 253 125 199 140 240 245 225 185 215 202 216 199 167 129 47 118 111 180 237 24 67 214 83 160 191 206 249 9 227 83 142 78 225 35 42 245 126 198 96 123 50 212 234 129 171 38 20 168 119 197 22 11 16 207 68 174 157 224 9 14 216 41 168 207 109 195 141 137 158 61 234 0 29 35 25 251 109 0 155 251 109 0 155 251 109 0 155 251 109 0 155 
223 200 82 84 220 129 212 205 67 209 128 123 12 239 215 250 106 7 153 251 26 213 226 225 11 42 193 105 105 46 104 40 123 109 34 7 9 126 58 247 207 203 161 95 151 164 112 62 185 18 131 153 67 152 139 253 253 90 224 206 197 138 149 229 98 57 196 80 99 163 169 153 131 141 15 4 138 234 114 17 233 120 82 105 37 185 90 131 145 60 236 132 111 94 11 9 110 83 140 122 234 252 9 39 12 240 203 176 158 73 2 91 223 200 82 84 223 200 82 84 223 200 82 84 223 200 82 84 
97 175 128 165 31 182 128 145 50 40 104 111 53 153 104 129 231 248 74 69 38 60 199 12 51 154 190 118 56 69 8 146 128 75 72 148 123 25 182 40 174 38 19 197 81 76 226 228 225 234 128 103 73 79 59 38 226 136 84 147 185 32 54 225 34 199 223 199 55 19 39 48 222 88 89 43 241 45 165 128 186 101 16 183 184 172 46 38 95 68 150 97 225 2 132 119 29 175 112 235 130 146 185 110 8 138 3 235 81 167 176 147 97 175 128 165 97 175 128 165 97 175 128 165 97 175 128 165 
21 223 37 146 218 30 222 87 101 120 124 227 103 60 113 59 137 201 219 177 23 214 142 79 63 78 17 197 182 171 141 236 160 60 148 251 143 219 207 192 227 16 55 36 248 96 79 232 79 230 91 250 192 128 60 163 175 44 58 70 116 209 50 176 72 16 209 113 235 94 197 164 61 118 121 10 162 87 172 19 164 68 101 197 219 3 31 129 151 134 17 198 8 108 158 5 112 101 219 84 142 196 57 61 56 111 115 0 23 254 75 70 21 223 37 146 21 223 37 146 21 223 37 146 21 223 37 146 
224 142 135 221 154 40 1 227 246 156 117 34 16 239 202 43 137 7 248 165 135 10 70 12 168 253 207 34 50 121 3 250 164 50 151 255 167 123 25 201 62 92 143 239 34 8 161 152 114 37 123 31 139 41 30 74 42 35 12 14 144 99 165 78 81 21 34 26 174 101 29 224 46 255 212 171 1 100 49 87 48 195 33 163 104 146 11 223 41 117 131 140 147 5 90 100 8 125 83 107 25 242 89 41 59 14 194 170 35 40 133 112 224 142 135 221 224 142 135 221 224 142 135 221 224 142 135 221 
22 20 150 225 6 11 161 15 101 222 32 252 121 75 179 80 227 201 44 252 64 53 178 233 79 35 193 106 159 68 11 184 128 240 228 201 232 3 32 162 188 23 2 20 58 99 255 17 27 245 35 58 109 40 236 112 228 29 26 129 0 44 82 237 88 101 194 97 194 231 239 96 172 217 80 9 131 215 40 73 150 121 166 147 66 73 176 169 163 63 252 247 105 11 48 114 104 157 97 67 181 64 133 178 252 236 98 57 133 168 26 162 22 20 150 225 22 20 150 225 22 20 150 225 22 20 150 225 
128 212 225 85 68 247 116 135 237 97 86 137 40 146 27 89 116 43 132 141 207 90 150 181 44 174 51 40 160 86 226 84 66 251 190 191 183 235 52 252 86 105 203 54 85 161 60 18 146 227 121 123 178 107 149 57 210 237 69 60 195 211 178 13 95 134 73 248 6 40 226 86 104 250 151 140 200 105 75 189 181 81 91 35 182 189 161 201 155 231 112 201 160 203 31 10 199 89 210 31 118 129 156 174 129 71 231 154 222 209 84 43 128 212 225 85 128 212 225 85 128 212 225 85 128 212 225 85 
160 251 100 220 164 234 160 223 57 107 196 193 242 203 114 219 51 220 10 190 239 7 95 175 210 179 151 7 153 64 97 103 166 43 207 119 41 102 126 76 75 247 133 67 73 93 250 140 27 127 145 131 241 246 85 27 244 172 8 96 89 132 18 73 189 91 152 11 173 134 128 48 184 50 239 137 84 79 248 188 177 203 115 97 244 187 43 182 99 183 75 84 62 229 148 161 142 154 5 80 96 80 187 100 73 231 140 48 183 124 18 156 160 251 100 220 160 251 100 220 160 251 100 220 160 251 100 220 
10 121 152 102 51 223 255 231 245 235 75 36 165 10 175 26 9 175 134 2 108 61 137 107 35 76 0 76 171 14 98 59 90 101 10 147 250 104 95 165 208 2 116 113 117 36 47 209 101 226 54 40 72 172 144 186 131 74 176 146 105 85 124 86 158 79 15 227 179 197 37 216 29 78 47 92 192 161 106 34 33 177 201 223 56 85 19 199 69 24 245 150 187 82 125 150 55 12 157 192 131 79 89 118 80 244 251 158 46 205 143 173 10 121 152 102 10 121 152 102 10 121 152 102 10 121 152 102 
123 73 171 222 243 168 99 189 55 35 251 70 174 91 2 160 124 6 102 199 229 109 105 35 36 75 90 162 17 39 202 83 29 141 109 232 165 100 18 169 15 255 147 170 210 137 128 185 54 137 199 184 175 133 8 216 236 185 58 187 206 239 169 239 221 0 169 157 26 231 97 179 225 243 143 91 134 70 165 25 21 48 6 83 69 104 200 31 246 54 168 33 81 56 60 234 152 63 162 206 93 126 216 8 41 140 138 73 207 178 196 105 123 73 171 222 123 73 171 222 123 73 171 222 123 73 171 222 
135 139 97 112 204 17 135 215 12 62 112 119 252 233 105 66 57 71 25 21 248 117 203 240 3 42 64 111 74 150 158 96 252 206 114 74 41 92 208 185 172 199 41 149 78 240 30 5 233 74 128 140 178 136 5 74 188 153 214 227 130 34 198 229 35 202 173 183 64 58 255 142 218 240 212 19 103 87 234 232 69 41 208 45 228 241 116 186 31 86 119 230 6 8 34 229 42 116 67 143 101 91 153 58 252 235 244 21 202 89 246 74 135 139 97 112 135 139 97 112 135 139 97 112 135 139 97 112 
91 240 110 250 234 138 228 206 72 136 7 24 123 233 62 63 245 17 92 140 203 46 190 86 25 51 189 226 164 90 184 221 95 115 123 36 36 101 202 190 149 72 191 96 85 57 73 70 242 19 40 240 217 78 18 204 148 123 78 239 20 130 122 202 198 110 127 120 86 122 254 250 136 247 159 128 1 47 69 77 229 205 64 139 254 134 17 55 213 90 210 247 208 48 94 159 188 223 56 209 141 81 63 207 40 123 252 110 128 28 33 131 91 240 110 250 91 240 110 250 91 240 110 250 91 240 110 250 
140 33 172 82 140 33 172 82 112 0 210 90 103 157 140 193 199 189 210 243 243 11 9 0 90 153 16 120 53 11 86 116 109 233 77 158 91 183 154 4 98 73 208 31 31 78 158 39 159 88 66 146 154 12 8 138 106 165 10 244 197 205 166 22 160 159 8 51 89 46 178 218 141 21 70 232 162 229 109 176 17 192 205 129 200 41 132 228 205 36 170 110 214 144 237 79 21 139 190 60 171 102 127 60 242 212 194 107 95 184 106 175 155 96 111 70 71 187 24 225 165 111 17 74 114 61 87 123 
98 117 214 81 98 117 214 81 175 174 125 194 249 18 72 241 224 138 78 116 88 255 139 195 62 67 94 41 19 120 219 8 4 190 185 165 185 41 60 45 115 142 94 30 141 61 204 0 18 43 153 103 167 97 197 225 47 104 77 18 58 0 88 186 175 139 4 43 139 231 213 229 78 65 220 104 215 31 224 225 155 28 156 223 169 208 166 7 102 26 148 181 148 177 54 246 0 162 88 71 233 204 221 79 111 155 247 251 46 229 13 203 164 62 10 244 80 70 138 63 43 43 186 66 166 161 233 200 
199 152 226 219 199 152 226 219 125 162 8 229 133 37 26 126 109 101 21 121 125 187 235 94 124 70 203 114 201 194 85 22 9 153 29 211 19 32 121 120 153 168 161 176 235 174 241 221 175 26 247 7 182 1 187 144 44 181 16 178 127 227 212 247 63 237 84 18 129 64 136 180 30 146 252 184 68 246 192 222 221 190 169 66 132 212 122 47 217 77 22 94 60 44 163 188 74 57 169 138 136 213 117 47 118 151 32 229 193 95 103 138 130 250 68 109 120 188 183 247 199 114 177 32 144 38 202 37 
13 177 215 255 13 177 215 255 236 110 41 63 209 173 106 229 69 17 89 111 43 161 150 114 228 217 121 103 246 156 44 136 65 239 8 174 60 88 199 30 169 124 78 21 90 189 185 98 9 231 57 162 121 6 6 48 44 172 222 151 51 91 56 176 4 235 24 48 119 180 82 117 25 226 23 140 170 39 213 52 224 239 167 199 37 203 48 138 191 197 82 7 151 93 36 57 131 247 113 68 197 107 217 221 205 230 14 68 137 70 212 120 209 216 184 84 98 160 195 23 99 214 53 120 106 131 109 127 
251 109 0 155 251 109 0 155 2 182 185 71 103 229 219 249 145 32 76 118 211 69 215 161 20 139 10 29 191 30 137 169 52 25 181 129 55 179 133 40 91 146 150 151 227 21 163 193 17 54 25 131 144 235 72 113 9 17 233 33 207 254 230 176 228 22 242 255 234 235 175 51 185 8 60 97 6 44 151 95 144 2 146 19 46 22 45 68 3 127 163 10 96 160 204 82 26 85 186 83 166 50 79 56 40 122 120 180 157 58 181 84 171 199 63 110 135 17 235 229 222 161 246 172 69 78 79 145 
223 200 82 84 223 200 82 84 35 85 5 145 184 112 15 34 103 143 131 100 208 153 75 146 84 252 143 106 240 224 173 204 9 238 145 175 170 17 99 36 20 204 145 149 245 179 149 249 134 127 114 254 110 104 198 125 1 148 201 237 186 12 166 19 132 71 15 214 179 148 153 245 93 174 223 191 166 130 122 89 129 226 254 131 214 71 204 76 9 191 188 230 164 141 110 172 240 228 214 170 80 133 48 19 24 63 50 63 146 227 74 44 9 130 21 205 203 138 44 205 11 169 211 32 162 37 89 219 
97 175 128 165 97 175 128 165 234 18 125 43 159 245 240 64 11 124 163 221 26 46 251 148 254 3 233 221 11 241 208 222 193 152 131 135 151 134 17 157 158 21 213 91 162 51 90 170 49 20 241 17 252 173 22 236 132 32 51 185 125 170 10 229 128 16 70 44 64 143 10 40 142 109 13 170 241 200 245 17 69 93 189 82 18 120 93 244 213 28 95 163 148 20 32 109 10 12 106 56 178 207 157 66 209 49 75 199 17 226 122 52 3 37 214 171 160 197 215 142 148 142 199 114 44 182 38 232 
21 223 37 146 21 223 37 146 67 18 217 22 141 158 49 60 177 214 173 159 197 238 27 20 177 11 39 150 229 144 203 19 4 28 76 62 3 26 75 51 151 4 39 230 195 223 33 27 25 182 56 231 78 181 167 83 130 33 223 243 73 23 34 2 0 106 251 111 161 187 135 136 206 108 238 66 161 147 55 40 243 234 160 242 252 36 223 219 118 77 157 158 148 137 183 118 104 160 118 218 44 25 106 73 97 10 15 226 181 125 24 62 146 158 252 11 206 25 73 247 197 112 107 151 84 44 13 194 
224 142 135 221 224 142 135 221 236 234 67 61 135 210 144 156 152 10 18 144 22 112 149 120 227 215 233 225 0 5 106 165 131 180 197 134 127 139 44 6 170 140 33 44 134 176 180 194 136 37 118 43 24 79 90 71 142 218 44 215 240 90 96 74 19 240 139 15 87 177 4 92 173 189 222 15 182 51 218 69 30 43 195 4 131 51 217 19 132 200 80 85 54 234 2 184 215 164 85 68 199 170 42 195 145 215 210 164 111 218 171 174 21 20 180 229 235 53 153 70 142 192 43 65 7 3 98 149 
22 20 150 225 22 20 150 225 189 76 25 172 45 207 159 172 185 114 27 126 203 66 142 28 193 123 150 157 29 55 143 195 207 91 220 129 90 177 0 100 177 30 100 78 1 163 233 171 124 98 107 141 227 127 133 221 142 221 18 100 143 87 254 109 126 254 129 71 207 166 255 51 31 244 254 165 155 144 219 139 42 226 85 25 97 85 53 97 210 29 147 143 29 119 171 194 141 86 111 107 43 151 180 18 113 108 94 236 163 54 227 129 129 77 3 126 220 31 29 254 113 184 5 174 132 116 106 13 
128 212 225 85 128 212 225 85 156 145 126 105 205 99 29 9 174 155 153 238 78 33 98 236 191 40 120 124 150 203 11 7 82 255 192 232 176 28 101 44 140 131 228 191 95 173 94 209 224 107 211 111 63 224 56 251 51 91 64 118 20 200 241 244 124 214 158 230 114 208 167 211 238 73 197 122 144 128 189 193 185 2 136 9 148 27 28 171 234 20 193 42 100 251 107 75 72 27 62 164 154 249 152 103 5 88 57 212 218 204 177 114 60 142 104 203 43 173 140 218 251 6 66 48 103 220 89 43 
160 251 100 220 160 251 100 220 140 8 200 35 245 80 146 57 253 210 88 105 162 35 101 35 166 199 50 95 208 118 128 226 123 57 197 175 135 124 230 254 113 219 127 222 109 121 227 230 198 227 240 202 152 96 21 138 8 95 215 187 118 232 92 62 238 27 149 190 183 187 19 21 143 191 194 87 23 22 192 34 126 48 6 128 110 244 42 200 61 132 57 18 216 192 244 214 134 184 142 1 237 205 45 252 141 221 27 43 236 194 205 211 38 172 219 1 10 184 49 157 208 215 85 16 186 237 219 87 
10 121 152 102 10 121 152 102 181 178 148 13 157 95 48 227 126 159 250 46 166 100 228 206 220 29 193 126 12 209 167 171 19 237 111 170 51 171 13 24 176 248 123 105 249 48 227 51 139 89 187 87 90 251 9 88 170 3 145 92 44 86 79 227 43 7 93 206 184 182 24 190 223 181 74 146 59 69 136 173 117 165 52 106 17 77 79 154 255 105 92 152 67 14 0 206 222 211 177 193 36 141 15 127 228 231 131 7 196 40 34 161 72 24 46 140 31 7 154 173 55 59 168 119 117 246 242 20 
123 73 171 222 123 73 171 222 67 250 200 111 173 73 250 46 177 119 179 200 214 114 15 12 188 64 98 111 7 52 177 153 60 98 186 109 205 103 158 233 37 164 93 28 34 113 248 189 18 250 118 14 173 244 108 166 52 94 89 243 53 224 236 228 164 117 159 200 156 180 46 218 45 99 8 255 186 21 44 80 5 132 46 8 90 207 49 19 170 212 201 66 139 199 48 159 139 215 255 73 121 241 157 29 80 45 73 51 170 17 53 65 87 76 38 167 204 87 32 91 154 150 55 7 162 91 232 131 
135 139 97 112 135 139 97 112 164 186 70 242 114 225 71 60 11 13 61 136 30 224 41 75 149 132 79 68 176 59 78 138 45 138 134 192 157 213 252 33 37 241 107 39 244 227 124 182 103 35 127 47 219 7 212 245 89 45 45 204 198 131 2 82 172 186 152 253 215 145 27 143 157 145 102 205 93 62 141 202 94 7 211 75 124 18 31 139 72 39 212 178 55 2 172 225 245 119 119 90 84 50 50 46 55 163 94 225 132 109 230 27 129 216 245 63 128 240 216 236 98 235 145 45 72 255 182 162 
91 240 110 250 91 240 110 250 178 77 121 147 4 76 50 149 212 130 21 182 182 239 176 117 220 157 206 59 12 19 226 98 126 114 233 160 56 207 3 104 147 118 57 91 184 18 177 230 114 101 99 231 250 158 69 90 255 155 21 64 225 205 238 226 108 174 215 101 157 247 119 38 150 100 236 51 208 130 53 5 151 157 214 145 50 220 121 32 3 20 61 105 214 240 49 167 69 121 6 244 82 45 96 97 7 143 124 65 253 67 225 196 58 43 12 67 100 160 246 226 68 129 49 115 242 33 219 74 
140 33 172 82 140 33 172 82 140 33 172 82 140 33 172 82 140 33 172 82 140 33 172 82 136 20 119 144 103 27 67 160 3 236 217 216 124 206 15 125 106 201 123 15 223 110 249 117 195 161 54 239 167 128 62 162 210 219 25 87 68 118 51 164 23 168 154 54 238 62 27 56 150 249 232 150 96 109 15 221 132 112 31 153 105 154 88 196 140 33 172 82 140 33 172 82 140 33 172 82 140 33 172 82 140 33 172 82 140 33 172 82 140 33 172 82 140 33 172 82 140 33 172 82 140 33 172 82 
98 117 214 81 98 117 214 81 98 117 214 81 98 117 214 81 98 117 214 81 98 117 214 81 248 128 41 233 32 34 135 1 170 54 182 196 101 170 93 105 44 253 14 245 115 164 211 44 9 126 36 13 226 219 72 150 171 6 85 141 79 106 219 158 189 226 47 160 222 206 194 34 37 102 58 103 253 128 104 13 66 103 90 87 55 190 144 132 98 117 214 81 98 117 214 81 98 117 214 81 98 117 214 81 98 117 214 81 98 117 214 81 98 117 214 81 98 117 214 81 98 117 214 81 98 117 214 81 
199 152 226 219 199 152 226 219 199 152 226 219 199 152 226 219 199 152 226 219 199 152 226 219 158 212 52 24 239 68 74 110 227 144 107 132 74 235 153 195 142 97 27 208 9 110 0 109 147 112 179 58 43 241 191 141 176 34 6 209 25 230 202 246 22 75 79 171 110 207 63 117 218 13 5 127 4 48 172 105 147 10 77 167 147 246 214 161 199 152 226 219 199 152 226 219 199 152 226 219 199 152 226 219 199 152 226 219 199 152 226 219 199 152 226 219 199 152 226 219 199 152 226 219 199 152 226 219 
13 177 215 255 13 177 215 255 13 177 215 255 13 177 215 255 13 177 215 255 13 177 215 255 67 50 94 161 229 14 189 120 8 222 216 139 247 248 145 135 192 83 43 122 45 232 13 246 67 115 75 76 6 28 209 1 148 250 251 60 109 86 140 203 41 99 250 127 0 234 175 50 226 163 213 138 190 86 233 3 112 241 243 36 114 193 8 72 13 177 215 255 13 177 215 255 13 177 215 255 13 177 215 255 13 177 215 255 13 177 215 255 13 177 215 255 13 177 215 255 13 177 215 255 13 177 215 255 
251 109 0 155 251 109 0 155 251 109 0 155 251 109 0 155 251 109 0 155 251 109 0 155 53 69 253 223 199 16 243 252 29 83 219 164 116 159 200 44 222 132 146 102 50 24 43 132 48 135 171 89 4 202 123 196 119 114 72 78 229 58 173 114 230 2 115 31 32 237 88 5 38 93 199 22 40 79 60 1 250 12 216 148 136 191 8 61 251 109 0 155 251 109 0 155 251 109 0 155 251 109 0 155 251 109 0 155 251 109 0 155 251 109 0 155 251 109 0 155 251 109 0 155 251 109 0 155 
223 200 82 84 223 200 82 84 223 200 82 84 223 200 82 84 223 200 82 84 223 200 82 84 116 246 220 11 135 139 177 14 75 47 107 57 110 222 153 171 64 167 70 9 8 168 72 208 42 58 16 172 62 211 128 127 65 122 138 120 104 19 83 172 101 10 147 39 116 1 182 45 216 181 131 70 45 197 195 230 98 138 212 7 89 3 59 185 223 200 82 84 223 200 82 84 223 200 82 84 223 200 82 84 223 200 82 84 223 200 82 84 223 200 82 84 223 200 82 84 223 200 82 84 223 200 82 84 
97 175 128 165 97 175 128 165 97 175 128 165 97 175 128 165 97 175 128 165 97 175 128 165 225 239 150 247 237 218 201 163 148 20 78 55 103 83 205 26 219 105 170 246 120 210 91 115 182 128 124 30 61 151 15 13 133 40 8 185 156 122 61 48 140 20 93 7 22 152 48 145 213 198 167 167 23 201 35 103 111 170 62 216 4 54 49 212 97 175 128 165 97 175 128 165 97 175 128 165 97 175 128 165 97 175 128 165 97 175 128 165 97 175 128 165 97 175 128 165 97 175 128 165 97 175 128 165 
21 223 37 146 21 223 37 146 21 223 37 146 21 223 37 146 21 223 37 146 21 223 37 146 249 3 38 32 202 24 246 249 11 144 68 63 71 63 133 122 103 72 193 55 233 124 183 61 231 171 219 117 126 108 212 36 114 230 201 187 82 138 161 155 40 251 91 56 219 241 176 46 54 71 45 205 19 217 81 87 110 3 175 203 211 216 247 23 21 223 37 146 21 223 37 146 21 223 37 146 21 223 37 146 21 223 37 146 21 223 37 146 21 223 37 146 21 223 37 146 21 223 37 146 21 223 37 146 
224 142 135 221 224 142 135 221 224 142 135 221 224 142 135 221 224 142 135 221 224 142 135 221 235 110 76 46 75 253 7 248 160 128 90 108 26 43 129 95 168 45 163 118 60 189 1 171 241 33 37 134 173 24 212 58 162 253 11 226 6 203 148 36 68 34 152 80 213 186 251 247 126 236 188 54 76 24 38 239 117 251 230 239 2 59 121 103 224 142 135 221 224 142 135 221 224 142 135 221 224 142 135 221 224 142 135 221 224 142 135 221 224 142 135 221 224 142 135 221 224 142 135 221 224 142 135 221 
22 20 150 225 22 20 150 225 22 20 150 225 22 20 150 225 22 20 150 225 22 20 150 225 175 162 21 192 54 37 140 237 121 112 204 125 21 74 90 144 165 10 64 49 183 225 137 146 29 148 50 160 229 114 188 67 199 77 30 81 149 120 105 163 111 239 240 103 87 215 200 143 109 16 143 139 36 96 2 227 230 252 225 159 45 58 87 3 22 20 150 225 22 20 150 225 22 20 150 225 22 20 150 225 22 20 150 225 22 20 150 225 22 20 150 225 22 20 150 225 22 20 150 225 22 20 150 225 
128 212 225 85 128 212 225 85 128 212 225 85 128 212 225 85 128 212 225 85 128 212 225 85 26 132 83 196 250 34 2 141 180 237 38 33 55 194 43 144 153 210 143 211 104 61 109 223 70 219 186 229 194 127 194 60 23 2 147 224 95 150 67 138 235 125 111 94 57 104 114 148 187 245 226 156 193 207 165 235 85 51 166 65 179 46 95 167 128 212 225 85 128 212 225 85 128 212 225 85 128 212 225 85 128 212 225 85 128 212 225 85 128 212 225 85 128 212 225 85 128 212 225 85 128 212 225 85 
160 251 100 220 160 251 100 220 160 251 100 220 160 251 100 220 160 251 100 220 160 251 100 220 89 109 187 58 122 12 203 132 242 217 93 22 141 203 189 242 180 132 83 52 163 83 31 112 129 239 73 84 184 15 243 200 77 158 149 227 85 236 190 142 32 57 79 106 60 21 23 15 126 97 126 208 142 240 190 152 57 59 71 21 83 220 235 243 160 251 100 220 160 251 100 220 160 251 100 220 160 251 100 220 160 251 100 220 160 251 100 220 160 251 100 220 160 251 100 220 160 251 100 220 160 251 100 220 
10 121 152 102 10 121 152 102 10 121 152 102 10 121 152 102 10 121 152 102 10 121 152 102 92 71 11 138 254 61 235 28 108 60 67 96 28 200 196 121 182 98 177 2 182 48 57 177 154 182 175 43 33 245 247 221 74 41 2 217 38 153 84 79 138 75 95 249 59 72 175 21 46 175 251 194 229 162 108 4 69 240 197 32 5 89 197 190 10 121 152 102 10 121 152 102 10 121 152 102 10 121 152 102 10 121 152 102 10 121 152 102 10 121 152 102 10 121 152 102 10 121 152 102 10 121 152 102 
123 73 171 222 123 73 171 222 123 73 171 222 123 73 171 222 123 73 171 222 123 73 171 222 187 116 153 151 105 58 19 35 4 225 125 216 169 166 116 6 243 234 22 77 120 73 161 8 220 136 187 158 159 201 237 205 143 182 117 169 251 211 93 229 69 188 169 191 224 108 131 50 4 182 27 215 108 245 54 153 103 26 31 123 197 168 107 205 123 73 171 222 123 73 171 222 123 73 171 222 123 73 171 222 123 73 171 222 123 73 171 222 123 73 171 222 123 73 171 222 123 73 171 222 123 73 171 222 
135 139 97 112 135 139 97 112 135 139 97 112 135 139 97 112 135 139 97 112 135 139 97 112 107 75 52 199 232 197 141 160 236 171 192 28 162 60 55 145 12 57 166 129 18 252 165 43 192 166 21 71 243 36 216 210 165 130 110 145 247 118 29 23 76 223 39 5 96 119 25 194 87 76 186 209 168 240 155 204 8 98 100 74 55 12 93 99 135 139 97 112 135 139 97 112 135 139 97 112 135 139 97 112 135 139 97 112 135 139 97 112 135 139 97 112 135 139 97 112 135 139 97 112 135 139 97 112 
91 240 110 250 91 240 110 250 91 240 110 250 91 240 110 250 91 240 110 250 91 240 110 250 234 42 164 73 20 173 70 54 124 107 156 227 141 248 196 102 60 225 199 7 232 196 207 92 108 118 73 61 129 26 182 111 180 159 163 120 159 56 110 239 151 66 236 80 245 156 55 186 132 8 19 40 26 67 190 20 166 85 245 244 39 209 3 183 91 240 110 250 91 240 110 250 91 240 110 250 91 240 110 250 91 240 110 250 91 240 110 250 91 240 110 250 91 240 110 250 91 240 110 250 91 240 110 250 
140 33 172 82 140 33 172 82 140 33 172 82 140 33 172 82 178 177 94 114 189 152 221 26 51 87 132 49 205 155 115 41 218 72 150 126 155 80 36 179 186 117 54 142 99 14 55 82 191 197 139 32 176 84 72 6 17 118 81 11 127 98 100 70 69 193 219 251 77 186 204 245 52 62 255 253 3 191 220 205 182 98 231 240 19 229 30 8 250 132 41 148 246 182 154 32 128 169 97 123 225 84 222 249 140 33 172 82 140 33 172 82 140 33 172 82 140 33 172 82 140 33 172 82 140 33 172 82 
98 117 214 81 98 117 214 81 98 117 214 81 98 117 214 81 169 28 45 154 106 171 241 189 44 37 165 245 1 126 255 110 168 229 168 157 20 151 167 129 122 109 180 159 252 211 69 249 203 203 132 21 236 242 93 243 62 117 57 234 215 84 165 36 105 112 169 223 237 112 172 75 227 110 129 209 44 240 94 132 126 142 129 38 33 124 137 54 51 177 36 50 128 236 166 157 215 170 71 128 87 6 193 84 98 117 214 81 98 117 214 81 98 117 214 81 98 117 214 81 98 117 214 81 98 117 214 81 
199 152 226 219 199 152 226 219 199 152 226 219 199 152 226 219 4 172 242 129 133 124 84 127 17 126 116 145 198 183 133 232 219 188 39 195 137 216 246 199 178 162 202 145 37 14 94 208 215 57 84 11 250 45 12 118 242 67 160 125 48 53 9 135 253 88 151 89 187 110 60 185 42 201 186 129 140 189 218 22 21 192 33 88 5 212 88 51 36 222 54 165 123 238 29 248 220 16 19 95 53 47 44 35 199 152 226 219 199 152 226 219 199 152 226 219 199 152 226 219 199 152 226 219 199 152 226 219 
13 177 215 255 13 177 215 255 13 177 215 255 13 177 215 255 110 176 180 232 0 131 31 30 213 156 137 4 15 205 190 77 112 250 43 198 159 51 36 110 61 254 80 80 26 44 108 108 118 140 219 117 13 176 73 239 104 42 127 164 79 136 188 250 200 88 148 216 23 179 211 197 154 178 146 133 109 245 248 102 215 229 247 64 39 198 112 62 117 181 214 75 20 197 34 93 208 106 9 118 50 182 184 4 13 177 215 255 13 177 215 255 13 177 215 255 13 177 215 255 13 177 215 255 13 177 215 255 
251 109 0 155 251 109 0 155 251 109 0 155 251 109 0 155 235 138 220 138 177 6 174 95 124 25 9 205 45 213 69 6 104 57 235 122 74 173 84 4 169 196 104 84 37 245 33 119 40 1 189 115 90 103 116 2 249 7 90 106 100 14 70 116 190 184 219 23 132 171 164 255 224 138 59 79 164 47 46 136 56 38 21 199 61 112 189 175 252 251 126 93 163 203 111 159 230 48 97 102 159 75 101 230 251 109 0 155 251 109 0 155 251 109 0 155 251 109 0 155 251 109 0 155 251 109 0 155 
223 200 82 84 223 200 82 84 223 200 82 84 223 200 82 84 6 214 237 113 43 79 248 247 24 255 164 215 249 221 127 114 190 162 174 183 242 199 130 241 252 188 210 153 119 45 168 226 69 218 48 166 90 189 87 161 155 106 128 161 65 82 248 177 174 70 184 198 33 175 115 227 209 242 93 167 81 139 45 121 49 58 72 244 91 90 70 124 31 183 206 91 123 111 223 116 49 236 80 14 181 166 15 9 223 200 82 84 223 200 82 84 223 200 82 84 223 200 82 84 223 200 82 84 223 200 82 84 
97 175 128 165 97 175 128 165 97 175 128 165 97 175 128 165 167 144 20 218 140 224 78 226 224 86 185 107 131 21 45 5 23 129 112 68 197 42 248 186 188 36 159 167 57 48 186 30 153 104 139 88 180 98 130 158 0 2 250 40 105 163 174 251 235 233 203 92 16 68 223 184 232 238 49 26 17 128 141 97 250 125 73 187 112 58 124 232 65 30 225 69 82 7 206 155 20 95 245 118 38 95 81 198 97 175 128 165 97 175 128 165 97 175 128 165 97 175 128 165 97 175 128 165 97 175 128 165 
21 223 37 146 21 223 37 146 21 223 37 146 21 223 37 146 210 75 19 118 49 5 231 154 211 64 19 123 251 95 13 153 210 158 89 94 7 169 6 77 27 232 80 92 254 224 43 69 165 102 98 221 89 13 123 152 76 19 187 144 29 229 230 169 20 105 211 233 151 88 71 235 188 27 135 180 251 163 205 255 47 86 79 205 44 232 129 103 43 172 55 18 106 37 15 58 55 164 132 180 192 157 248 43 21 223 37 146 21 223 37 146 21 223 37 146 21 223 37 146 21 223 37 146 21 223 37 146 
224 142 135 221 224 142 135 221 224 142 135 221 224 142 135 221 50 206 93 176 220 181 111 125 191 54 158 48 17 86 125 78 197 83 215 148 1 133 247 32 103 37 242 72 23 107 240 94 98 73 111 28 1 248 156 166 247 45 45 21 11 243 10 124 212 233 86 102 244 74 95 41 164 149 190 225 161 59 239 248 185 109 20 251 109 104 42 83 118 219 241 238 94 131 68 218 245 165 33 40 29 105 5 110 224 142 135 221 224 142 135 221 224 142 135 221 224 142 135 221 224 142 135 221 224 142 135 221 
22 20 150 225 22 20 150 225 22 20 150 225 22 20 150 225 145 181 174 183 202 162 140 86 173 115 239 164 255 18 192 255 153 140 220 72 133 113 207 154 193 1 245 90 146 58 96 189 218 215 205 171 94 146 82 34 118 186 188 110 166 154 118 221 68 6 58 26 223 42 145 179 199 82 205 103 157 233 201 249 124 64 232 158 127 101 216 120 175 58 152 126 108 46 173 59 172 212 155 87 41 152 109 69 22 20 150 225 22 20 150 225 22 20 150 225 22 20 150 225 22 20 150 225 22 20 150 225 
128 212 225 85 128 212 225 85 128 212 225 85 128 212 225 85 192 206 9 201 116 171 207 47 69 31 199 111 86 184 91 202 219 224 123 167 33 153 147 76 223 99 117 167 186 127 109 36 127 246 38 213 112 71 239 134 160 221 245 134 23 109 254 81 243 5 210 38 230 201 234 85 97 250 47 133 242 98 148 153 90 65 151 222 28 52 87 141 142 0 118 212 223 204 57 241 71 19 235 150 248 242 96 173 128 212 225 85 128 212 225 85 128 212 225 85 128 212 225 85 128 212 225 85 128 212 225 85 
160 251 100 220 160 251 100 220 160 251 100 220 160 251 100 220 29 157 27 123 182 102 162 29 174 87 150 253 245 225 130 5 47 144 250 65 91 203 143 116 60 169 179 216 53 205 168 156 153 121 110 197 21 175 104 33 52 193 37 221 5 87 163 87 37 131 231 81 15 98 113 200 26 241 123 165 203 66 19 28 202 247 65 124 187 110 146 20 170 250 30 35 18 11 155 40 211 205 21 92 73 123 71 224 160 251 100 220 160 251 100 220 160 251 100 220 160 251 100 220 160 251 100 220 160 251 100 220 
10 121 152 102 10 121 152 102 10 121 152 102 10 121 152 102 32 212 236 6 74 5 235 113 94 49 45 25 162 28 190 8 36 97 121 180 168 87 2 158 231 138 167 4 194 181 160 103 210 12 126 109 185 168 196 118 113 143 211 120 134 229 128 36 37 132 154 134 24 113 158 211 203 29 1 35 91 69 55 74 157 29 229 185 33 17 102 201 239 229 201 198 175 178 229 112 46 170 31 217 92 48 96 233 10 121 152 102 10 121 152 102 10 121 152 102 10 121 152 102 10 121 152 102 10 121 152 102 
123 73 171 222 123 73 171 222 123 73 171 222 123 73 171 222 84 214 226 83 244 33 204 41 1 114 115 58 143 10 133 190 101 151 112 22 1 161 64 86 163 157 81 35 59 61 225 162 254 236 226 97 145 151 26 200 196 80 86 48 116 100 205 249 109 228 11 65 26 93 197 139 157 195 51 171 122 114 112 190 247 137 18 153 23 240 139 60 190 46 82 126 27 182 134 251 182 235 45 6 84 188 37 249 123 73 171 222 123 73 171 222 123 73 171 222 123 73 171 222 123 73 171 222 123 73 171 222 
135 139 97 112 135 139 97 112 135 139 97 112 135 139 97 112 227 144 215 169 56 132 84 99 48 98 239 67 137 207 242 17 24 231 214 85 131 163 210 243 14 108 124 222 223 236 235 199 112 15 60 243 52 161 109 125 180 55 184 169 33 147 164 146 84 50 70 190 175 16 140 143 17 136 65 115 241 169 172 117 69 40 34 76 144 49 51 56 218 157 92 109 99 200 216 102 127 170 153 128 123 209 77 203 135 139 97 112 135 139 97 112 135 139 97 112 135 139 97 112 135 139 97 112 135 139 97 112 
91 240 110 250 91 240 110 250 91 240 110 250 91 240 110 250 11 26 240 91 28 132 200 175 7 167 10 169 130 204 200 101 215 88 42 130 100 90 192 64 180 153 55 157 27 18 61 199 199 89 133 247 233 10 215 137 12 189 43 14 224 162 191 71 149 192 253 117 186 24 112 31 235 29 153 207 33 206 59 191 15 90 226 237 10 102 37 105 15 98 237 111 173 157 224 226 31 233 211 143 69 186 56 90 91 240 110 250 91 240 110 250 91 240 110 250 91 240 110 250 91 240 110 250 91 240 110 250 
140 33 172 82 140 33 172 82 140 33 172 82 140 33 172 82 140 33 172 82 140 33 172 82 58 24 110 138 161 88 49 240 247 218 68 196 123 90 249 77 33 209 171 56 35 93 87 40 50 188 175 92 88 216 30 173 152 42 57 59 121 189 225 139 188 53 41 71 246 76 97 37 41 170 92 189 216 180 167 234 9 67 100 34 14 64 7 158 16 150 155 78 178 25 254 188 140 33 172 82 140 33 172 82 140 33 172 82 140 33 172 82 140 33 172 82 140 33 172 82 140 33 172 82 140 33 172 82 
98 117 214 81 98 117 214 81 98 117 214 81 98 117 214 81 98 117 214 81 98 117 214 81 225 95 71 141 143 247 70 67 217 184 221 225 122 125 10 221 120 235 33 208 116 90 129 89 134 241 148 134 26 84 202 100 44 129 195 40 64 38 173 91 224 155 236 237 223 51 74 129 146 165 11 143 45 255 87 157 222 172 58 149 124 150 211 148 249 114 176 223 145 180 38 73 98 117 214 81 98 117 214 81 98 117 214 81 98 117 214 81 98 117 214 81 98 117 214 81 98 117 214 81 98 117 214 81 
199 152 226 219 199 152 226 219 199 152 226 219 199 152 226 219 199 152 226 219 199 152 226 219 255 198 168 142 218 165 96 211 255 81 225 135 75 207 107 160 125 141 176 194 45 24 240 109 46 119 54 174 213 57 236 183 5 82 49 178 145 249 201 35 84 231 210 242 193 221 1 203 140 30 122 96 17 115 23 21 103 147 167 241 155 138 215 89 226 143 219 201 170 211 152 159 199 152 226 219 199 152 226 219 199 152 226 219 199 152 226 219 199 152 226 219 199 152 226 219 199 152 226 219 199 152 226 219 
13 177 215 255 13 177 215 255 13 177 215 255 13 177 215 255 13 177 215 255 13 177 215 255 33 163 105 246 131 241 232 21 58 2 203 200 19 75 88 190 83 35 190 68 214 34 21 81 71 14 114 247 16 192 254 112 12 1 186 56 236 245 93 134 63 197 96 79 224 116 192 168 155 101 145 33 151 86 251 133 201 114 229 220 54 61 155 105 4 237 56 229 253 212 133 169 13 177 215 255 13 177 215 255 13 177 215 255 13 177 215 255 13 177 215 255 13 177 215 255 13 177 215 255 13 177 215 255 
251 109 0 155 251 109 0 155 251 109 0 155 251 109 0 155 251 109 0 155 251 109 0 155 134 234 18 213 106 220 236 3 211 0 174 154 47 0 236 46 234 223 55 231 161 114 134 72 45 187 197 69 122 108 241 205 163 238 120 150 193 227 191 197 234 27 57 127 109 205 188 203 114 28 68 85 169 160 246 171 194 39 7 245 85 204 37 95 217 40 63 62 211 80 31 106 251 109 0 155 251 109 0 155 251 109 0 155 251 109 0 155 251 109 0 155 251 109 0 155 251 109 0 155 251 109 0 155 
223 200 82 84 223 200 82 84 223 200 82 84 223 200 82 84 223 200 82 84 223 200 82 84 175 198 27 189 86 94 52 114 188 125 44 254 100 178 196 53 221 46 243 2 177 210 229 116 44 0 154 142 63 220 187 41 202 229 103 136 176 38 199 8 133 57 33 194 12 1 191 250 109 153 220 102 84 194 11 48 62 185 150 213 220 141 202 90 34 155 206 194 199 195 76 151 223 200 82 84 223 200 82 84 223 200 82 84 223 200 82 84 223 200 82 84 223 200 82 84 223 200 82 84 223 200 82 84 
97 175 128 165 97 175 128 165 97 175 128 165 97 175 128 165 97 175 128 165 97 175 128 165 23 239 48 130 242 98 101 39 125 129 82 141 102 88 60 151 253 85 234 166 64 59 227 27 54 124 218 80 221 44 60 8 33 237 208 196 238 120 128 126 173 194 6 236 125 182 25 177 244 93 247 64 15 126 21 147 125 237 36 16 64 213 141 116 172 34 2 101 53 253 143 32 97 175 128 165 97 175 128 165 97 175 128 165 97 175 128 165 97 175 128 165 97 175 128 165 97 175 128 165 97 175 128 165 
21 223 37 146 21 223 37 146 21 223 37 146 21 223 37 146 21 223 37 146 21 223 37 146 19 43 255 223 190 252 13 26 116 184 246 231 126 147 241 135 31 22 227 74 147 155 14 169 201 142 91 38 216 161 65 136 234 44 248 252 249 69 153 196 151 45 78 58 76 219 78 169 156 53 184 108 90 86 127 254 12 168 73 73 255 126 162 241 103 25 228 235 118 37 3 126 21 223 37 146 21 223 37 146 21 223 37 146 21 223 37 146 21 223 37 146 21 223 37 146 21 223 37 146 21 223 37 146 
224 142 135 221 224 142 135 221 224 142 135 221 224 142 135 221 224 142 135 221 224 142 135 221 156 59 220 196 230 242 195 254 29 192 168 124 238 218 49 225 54 179 80 158 74 139 116 247 81 154 139 203 15 115 30 172 207 30 136 248 171 143 246 113 15 244 141 140 217 95 95 252 77 166 221 44 161 55 19 84 127 104 32 32 31 118 56 159 185 166 93 203 10 78 161 217 224 142 135 221 224 142 135 221 224 142 135 221 224 142 135 221 224 142 135 221 224 142 135 221 224 142 135 221 224 142 135 221 
22 20 150 225 22 20 150 225 22 20 150 225 22 20 150 225 22 20 150 225 22 20 150 225 160 88 8 154 29 200 64 229 253 70 206 217 230 78 83 14 77 192 255 183 5 154 13 239 160 99 163 52 224 123 91 201 187 83 28 141 145 30 181 103 17 182 22 152 134 98 191 185 64 188 48 158 223 68 14 198 53 167 49 200 136 88 107 65 0 170 152 81 102 171 226 103 22 20 150 225 22 20 150 225 22 20 150 225 22 20 150 225 22 20 150 225 22 20 150 225 22 20 150 225 22 20 150 225 
128 212 225 85 128 212 225 85 128 212 225 85 128 212 225 85 128 212 225 85 128 212 225 85 249 148 122 34 242 206 14 76 212 80 31 182 104 97 126 218 119 23 201 33 213 141 224 249 202 198 177 47 95 97 199 213 55 246 217 58 117 198 161 197 224 142 32 97 162 7 34 146 98 20 141 34 129 51 157 241 22 206 44 125 161 174 88 161 187 88 124 238 23 114 217 66 128 212 225 85 128 212 225 85 128 212 225 85 128 212 225 85 128 212 225 85 128 212 225 85 128 212 225 85 128 212 225 85 
160 251 100 220 160 251 100 220 160 251 100 220 160 251 100 220 160 251 100 220 160 251 100 220 102 243 189 13 211 229 183 187 17 46 46 1 165 219 4 85 128 108 42 251 60 180 1 178 122 205 144 88 187 162 53 96 131 104 10 178 207 48 146 191 233 123 84 104 195 106 142 138 56 211 55 72 45 211 199 37 90 101 153 147 177 59 115 108 66 13 23 85 122 58 151 72 160 251 100 220 160 251 100 220 160 251 100 220 160 251 100 220 160 251 100 220 160 251 100 220 160 251 100 220 160 251 100 220 
10 121 152 102 10 121 152 102 10 121 152 102 10 121 152 102 10 121 152 102 10 121 152 102 233 176 21 172 126 254 108 192 6 241 112 207 192 88 95 73 181 233 116 253 195 15 171 88 86 158 111 251 56 68 148 53 139 120 173 116 221 137 77 164 165 147 178 234 82 193 252 194 63 142 78 26 149 47 21 251 188 110 91 166 124 27 12 71 135 29 205 19 41 83 48 34 10 121 152 102 10 121 152 102 10 121 152 102 10 121 152 102 10 121 152 102 10 121 152 102 10 121 152 102 10 121 152 102 
123 73 171 222 123 73 171 222 123 73 171 222 123 73 171 222 123 73 171 222 123 73 171 222 195 46 58 161 245 122 210 132 37 208 44 104 69 207 252 236 247 215 216 113 116 225 113 41 69 93 114 26 210 79 51 10 68 49 159 80 131 229 106 175 104 133 81 248 167 239 215 19 244 93 113 177 50 246 51 241 130 226 212 163 20 27 12 202 72 192 55 233 112 132 140 54 123 73 171 222 123 73 171 222 123 73 171 222 123 73 171 222 123 73 171 222 123 73 171 222 123 73 171 222 123 73 171 222 
135 139 97 112 135 139 97 112 135 139 97 112 135 139 97 112 135 139 97 112 135 139 97 112 251 109 84 78 193 154 103 153 182 63 177 105 110 166 238 112 81 216 195 181 57 132 172 143 35 82 43 246 76 77 115 255 48 46 149 35 120 66 101 14 17 156 113 12 224 35 221 33 166 218 82 81 220 125 180 209 65 120 73 152 104 165 251 64 8 37 17 112 178 51 23 83 135 139 97 112 135 139 97 112 135 139 97 112 135 139 97 112 135 139 97 112 135 139 97 112 135 139 97 112 135 139 97 112 
91 240 110 250 91 240 110 250 91 240 110 250 91 240 110 250 91 240 110 250 91 240 110 250 228 90 226 220 43 200 221 20 231 97 100 134 116 25 108 221 146 129 78 179 151 250 217 118 168 20 6 23 135 109 240 63 249 189 48 150 186 189 186 137 223 164 119 96 108 206 219 74 46 99 100 87 99 47 10 255 174 106 193 82 46 172 174 3 147 101 27 248 180 146 23 179 91 240 110 250 91 240 110 250 91 240 110 250 91 240 110 250 91 240 110 250 91 240 110 250 91 240 110 250 91 240 110 250 
