148 148 148 148 148 148 148 148 148 148 148 148 148 148 148 148 148 148 148 148 148 148 148 148 148 148 148 148 148 148 148 148 148 148 148 148 148 148 148 148 148 148 148 148 148 148 148 148 148 148 148 148 148 148 148 148 48 133 96 86 224 101 102 37 255 128 116 98 128 47 67 158 165 16 240 187 249 247 58 149 30 120 152 79 33 88 136 226 148 148 148 148 148 148 148 148 148 148 148 148 148 148 148 148 148 148 148 148 148 148 148 148 148 148 148 148 148 148 148 148 148 148 148 148 148 148 148 148 
239 239 239 239 239 239 239 239 239 239 239 239 239 239 239 239 239 239 239 239 239 239 239 239 239 239 239 239 239 239 239 239 239 239 239 239 239 239 239 239 239 239 239 239 239 239 239 239 239 239 239 239 239 239 239 239 30 235 254 122 210 54 149 6 177 119 163 129 177 204 36 9 105 148 28 134 56 205 250 155 46 52 118 172 27 224 90 46 239 239 239 239 239 239 239 239 239 239 239 239 239 239 239 239 239 239 239 239 239 239 239 239 239 239 239 239 239 239 239 239 239 239 239 239 239 239 239 239 
137 137 137 137 137 137 137 137 137 137 137 137 137 137 137 137 137 137 137 137 137 137 137 137 137 137 137 137 137 137 137 137 137 137 137 137 137 137 137 137 137 137 137 137 137 137 137 137 137 137 137 137 137 137 137 137 86 239 197 212 230 130 167 88 19 105 179 125 8 5 67 153 170 175 118 17 95 59 94 207 153 103 74 10 80 245 90 119 137 137 137 137 137 137 137 137 137 137 137 137 137 137 137 137 137 137 137 137 137 137 137 137 137 137 137 137 137 137 137 137 137 137 137 137 137 137 137 137 
121 121 121 121 121 121 121 121 121 121 121 121 121 121 121 121 121 121 121 121 121 121 121 121 121 121 121 121 121 121 121 121 121 121 121 121 121 121 121 121 121 121 121 121 121 121 121 121 121 121 121 121 121 121 121 121 58 43 60 242 202 115 16 53 202 179 31 27 156 196 88 225 72 155 1 212 253 157 111 72 74 238 146 251 117 134 53 188 121 121 121 121 121 121 121 121 121 121 121 121 121 121 121 121 121 121 121 121 121 121 121 121 121 121 121 121 121 121 121 121 121 121 121 121 121 121 121 121 
96 96 96 96 96 96 96 96 96 96 96 96 96 96 96 96 96 96 96 96 96 96 96 96 96 96 96 96 96 96 96 96 96 96 96 96 96 96 96 96 96 96 96 96 96 96 96 96 96 96 96 96 96 96 96 96 162 241 22 91 118 14 42 214 29 165 205 228 110 171 92 193 208 91 97 71 180 19 196 145 129 75 168 68 214 210 222 29 96 96 96 96 96 96 96 96 96 96 96 96 96 96 96 96 96 96 96 96 96 96 96 96 96 96 96 96 96 96 96 96 96 96 96 96 96 96 96 96 
178 178 178 178 178 178 178 178 178 178 178 178 178 178 178 178 178 178 178 178 178 178 178 178 178 178 178 178 178 178 178 178 178 178 178 178 178 178 178 178 178 178 178 178 178 178 178 178 178 178 178 178 178 178 178 178 232 77 251 221 126 8 131 178 34 206 254 105 32 169 125 222 26 240 91 160 217 161 15 122 107 247 103 220 98 215 10 70 178 178 178 178 178 178 178 178 178 178 178 178 178 178 178 178 178 178 178 178 178 178 178 178 178 178 178 178 178 178 178 178 178 178 178 178 178 178 178 178 
91 91 91 91 91 91 91 91 91 91 91 91 91 91 91 91 91 91 91 91 91 91 91 91 91 91 91 91 91 91 91 91 91 91 91 91 91 91 91 91 91 91 91 91 91 91 91 91 91 91 91 91 91 91 91 91 20 196 118 249 121 247 70 118 137 109 140 122 49 124 82 127 1 41 176 175 88 66 248 10 36 148 33 94 22 104 89 87 91 91 91 91 91 91 91 91 91 91 91 91 91 91 91 91 91 91 91 91 91 91 91 91 91 91 91 91 91 91 91 91 91 91 91 91 91 91 91 91 
1 1 1 1 1 1 1 1 1 1 1 1 1 1 1 1 1 1 1 1 1 1 1 1 1 1 1 1 1 1 1 1 1 1 1 1 1 1 1 1 1 1 1 1 1 1 1 1 1 1 1 1 1 1 1 1 42 110 148 172 76 107 236 16 32 253 212 51 155 143 134 58 37 41 197 242 46 96 189 145 121 96 240 168 2 126 226 255 1 1 1 1 1 1 1 1 1 1 1 1 1 1 1 1 1 1 1 1 1 1 1 1 1 1 1 1 1 1 1 1 1 1 1 1 1 1 1 1 
6 6 6 6 6 6 6 6 6 6 6 6 6 6 6 6 6 6 6 6 6 6 6 6 6 6 6 6 6 6 6 6 6 6 6 6 6 6 6 6 6 6 6 6 6 6 6 6 6 6 6 6 6 6 6 6 82 225 94 29 189 185 105 74 232 238 180 115 1 156 55 20 167 96 130 88 209 221 146 70 52 129 161 101 9 107 186 181 6 6 6 6 6 6 6 6 6 6 6 6 6 6 6 6 6 6 6 6 6 6 6 6 6 6 6 6 6 6 6 6 6 6 6 6 6 6 6 6 
98 98 98 98 98 98 98 98 98 98 98 98 98 98 98 98 98 98 98 98 98 98 98 98 98 98 98 98 98 98 98 98 98 98 98 98 98 98 98 98 98 98 98 98 98 98 98 98 98 98 98 98 98 98 98 98 185 253 148 47 19 132 45 251 30 227 77 64 94 26 136 22 168 144 75 209 236 15 249 74 158 219 32 168 3 227 227 140 98 98 98 98 98 98 98 98 98 98 98 98 98 98 98 98 98 98 98 98 98 98 98 98 98 98 98 98 98 98 98 98 98 98 98 98 98 98 98 98 
219 219 219 219 219 219 219 219 219 219 219 219 219 219 219 219 219 219 219 219 219 219 219 219 219 219 219 219 219 219 219 219 219 219 219 219 219 219 219 219 219 219 219 219 219 219 219 219 219 219 219 219 219 219 219 219 219 186 25 175 202 198 85 34 109 132 253 169 120 208 191 243 110 136 164 48 237 180 1 192 84 48 155 12 83 181 239 24 219 219 219 219 219 219 219 219 219 219 219 219 219 219 219 219 219 219 219 219 219 219 219 219 219 219 219 219 219 219 219 219 219 219 219 219 219 219 219 219 
1 1 1 1 1 1 1 1 1 1 1 1 1 1 1 1 1 1 1 1 1 1 1 1 1 1 1 1 1 1 1 1 1 1 1 1 1 1 1 1 1 1 1 1 1 1 1 1 1 1 1 1 1 1 1 1 159 78 191 252 223 197 58 43 112 65 150 104 168 79 62 237 221 239 183 194 137 218 133 187 85 133 35 231 13 211 149 156 1 1 1 1 1 1 1 1 1 1 1 1 1 1 1 1 1 1 1 1 1 1 1 1 1 1 1 1 1 1 1 1 1 1 1 1 1 1 1 1 
26 26 26 26 26 26 26 26 26 26 26 26 26 26 26 26 26 26 26 26 26 26 26 26 26 26 26 26 26 26 26 26 26 26 26 26 26 26 26 26 26 26 26 26 26 26 26 26 26 26 26 26 26 26 26 26 174 0 149 186 238 251 130 127 90 4 61 104 64 74 178 5 157 176 41 80 99 127 230 161 17 249 5 159 70 33 161 3 26 26 26 26 26 26 26 26 26 26 26 26 26 26 26 26 26 26 26 26 26 26 26 26 26 26 26 26 26 26 26 26 26 26 26 26 26 26 26 26 
250 250 250 250 250 250 250 250 250 250 250 250 250 250 250 250 250 250 250 250 250 250 250 250 250 250 250 250 250 250 250 250 250 250 250 250 250 250 250 250 250 250 250 250 250 250 250 250 250 250 250 250 250 250 250 250 212 31 40 156 47 6 37 123 245 244 45 39 220 229 39 124 146 189 181 20 163 233 234 206 121 50 45 18 65 252 69 247 250 250 250 250 250 250 250 250 250 250 250 250 250 250 250 250 250 250 250 250 250 250 250 250 250 250 250 250 250 250 250 250 250 250 250 250 250 250 250 250 
74 74 74 74 74 74 74 74 74 74 74 74 74 74 74 74 74 74 74 74 74 74 74 74 74 74 74 74 74 74 74 74 74 74 74 74 74 74 74 74 74 74 74 74 74 74 74 74 74 74 74 74 74 74 74 74 139 7 216 198 14 169 212 1 211 174 136 126 211 233 108 104 211 159 208 221 68 27 248 248 203 20 129 245 63 87 199 250 74 74 74 74 74 74 74 74 74 74 74 74 74 74 74 74 74 74 74 74 74 74 74 74 74 74 74 74 74 74 74 74 74 74 74 74 74 74 74 74 
222 222 222 222 222 222 222 222 222 222 222 222 222 222 222 222 222 222 222 222 222 222 222 222 222 222 222 222 222 222 222 222 222 222 222 222 222 222 222 222 222 222 222 222 222 222 222 222 222 222 222 222 222 222 222 222 37 54 170 217 167 241 91 231 156 151 181 179 129 1 131 100 97 53 192 25 53 145 160 204 93 72 42 32 187 47 39 200 222 222 222 222 222 222 222 222 222 222 222 222 222 222 222 222 222 222 222 222 222 222 222 222 222 222 222 222 222 222 222 222 222 222 222 222 222 222 222 222 
148 148 148 148 148 148 148 148 148 148 148 148 148 148 148 148 148 148 148 148 148 148 148 148 148 148 148 148 148 148 148 148 148 148 148 148 148 148 148 148 148 148 148 148 148 148 148 148 241 98 113 185 116 151 243 137 234 139 217 206 249 200 240 239 20 119 75 107 240 48 54 216 154 240 189 252 9 187 1 119 224 141 163 150 25 70 7 200 244 123 152 131 204 124 7 61 195 122 209 113 241 59 20 212 148 148 148 148 148 148 148 148 148 148 148 148 148 148 148 148 148 148 148 148 148 148 148 148 
239 239 239 239 239 239 239 239 239 239 239 239 239 239 239 239 239 239 239 239 239 239 239 239 239 239 239 239 239 239 239 239 239 239 239 239 239 239 239 239 239 239 239 239 239 239 239 239 177 236 229 163 27 165 177 180 237 110 72 83 51 88 139 81 77 69 129 211 207 119 90 105 220 219 72 166 211 219 175 70 165 10 244 33 204 101 160 10 53 64 122 161 140 200 232 168 250 98 163 160 140 205 76 27 239 239 239 239 239 239 239 239 239 239 239 239 239 239 239 239 239 239 239 239 239 239 239 239 
137 137 137 137 137 137 137 137 137 137 137 137 137 137 137 137 137 137 137 137 137 137 137 137 137 137 137 137 137 137 137 137 137 137 137 137 137 137 137 137 137 137 137 137 137 137 137 137 72 107 241 182 10 125 208 145 20 229 216 230 54 7 242 245 24 158 193 163 40 132 122 147 174 87 4 123 118 9 185 99 155 57 230 160 228 1 144 241 0 246 2 134 236 110 185 212 211 75 236 224 217 214 185 210 137 137 137 137 137 137 137 137 137 137 137 137 137 137 137 137 137 137 137 137 137 137 137 137 
121 121 121 121 121 121 121 121 121 121 121 121 121 121 121 121 121 121 121 121 121 121 121 121 121 121 121 121 121 121 121 121 121 121 121 121 121 121 121 121 121 121 121 121 121 121 121 121 226 171 18 8 9 111 92 182 114 160 153 149 253 242 103 17 244 79 35 189 224 212 102 191 245 146 41 7 129 158 49 200 188 230 37 139 198 178 168 240 155 119 245 177 46 123 7 201 246 113 152 50 41 74 92 182 121 121 121 121 121 121 121 121 121 121 121 121 121 121 121 121 121 121 121 121 121 121 121 121 
96 96 96 96 96 96 96 96 96 96 96 96 96 96 96 96 96 96 96 96 96 96 96 96 96 96 96 96 96 96 96 96 96 96 96 96 96 96 96 96 96 96 96 96 96 96 96 96 206 238 62 15 80 151 33 86 70 159 218 176 129 37 225 250 94 147 57 48 245 208 73 189 28 77 155 216 236 197 4 36 178 5 22 63 195 233 145 57 43 153 120 111 244 72 143 0 149 40 3 182 128 148 74 51 96 96 96 96 96 96 96 96 96 96 96 96 96 96 96 96 96 96 96 96 96 96 96 96 
178 178 178 178 178 178 178 178 178 178 178 178 178 178 178 178 178 178 178 178 178 178 178 178 178 178 178 178 178 178 178 178 178 178 178 178 178 178 178 178 178 178 178 178 178 178 178 178 77 3 53 40 126 190 55 17 139 209 234 81 95 181 101 201 230 144 9 217 240 223 27 146 77 139 202 153 110 149 241 143 238 99 3 59 9 37 49 67 119 27 238 155 243 0 103 122 78 182 53 114 17 86 254 67 178 178 178 178 178 178 178 178 178 178 178 178 178 178 178 178 178 178 178 178 178 178 178 178 
91 91 91 91 91 91 91 91 91 91 91 91 91 91 91 91 91 91 91 91 91 91 91 91 91 91 91 91 91 91 91 91 91 91 91 91 91 91 91 91 91 91 91 91 91 91 91 91 63 96 52 46 114 137 89 199 137 17 61 143 215 156 118 38 97 65 15 145 112 203 81 175 251 61 199 176 214 215 228 139 70 210 200 47 179 145 85 111 90 105 129 212 255 26 63 42 121 71 93 217 17 137 178 229 91 91 91 91 91 91 91 91 91 91 91 91 91 91 91 91 91 91 91 91 91 91 91 91 
1 1 1 1 1 1 1 1 1 1 1 1 1 1 1 1 1 1 1 1 1 1 1 1 1 1 1 1 1 1 1 1 1 1 1 1 1 1 1 1 1 1 1 1 1 1 1 1 193 146 180 244 48 108 173 94 101 5 204 5 197 242 197 132 169 200 213 13 165 131 37 78 40 225 56 134 149 200 216 134 66 23 41 141 221 136 212 74 185 99 127 182 236 198 217 11 197 222 170 209 211 6 42 89 1 1 1 1 1 1 1 1 1 1 1 1 1 1 1 1 1 1 1 1 1 1 1 1 
6 6 6 6 6 6 6 6 6 6 6 6 6 6 6 6 6 6 6 6 6 6 6 6 6 6 6 6 6 6 6 6 6 6 6 6 6 6 6 6 6 6 6 6 6 6 6 6 215 105 20 222 23 59 87 72 5 101 4 134 56 234 65 239 159 227 32 203 63 52 184 210 29 239 10 207 162 58 225 94 243 149 117 234 179 136 72 64 26 107 42 142 144 140 148 83 125 122 127 9 127 222 81 237 6 6 6 6 6 6 6 6 6 6 6 6 6 6 6 6 6 6 6 6 6 6 6 6 
98 98 98 98 98 98 98 98 98 98 98 98 98 98 98 98 98 98 98 98 98 98 98 98 98 98 98 98 98 98 98 98 98 98 98 98 98 98 98 98 98 98 98 98 98 98 98 98 128 10 238 190 204 109 143 115 16 68 218 21 143 206 177 6 148 16 30 73 191 135 54 75 205 244 11 39 197 147 255 16 103 201 90 98 248 107 188 210 172 112 39 1 46 24 206 175 43 81 106 129 204 43 159 18 98 98 98 98 98 98 98 98 98 98 98 98 98 98 98 98 98 98 98 98 98 98 98 98 
219 219 219 219 219 219 219 219 219 219 219 219 219 219 219 219 219 219 219 219 219 219 219 219 219 219 219 219 219 219 219 219 219 219 219 219 219 219 219 219 219 219 219 219 219 219 219 219 72 101 153 123 206 122 68 38 73 151 95 143 210 237 58 253 91 184 184 58 73 248 86 217 198 208 30 211 204 133 139 83 166 23 32 155 142 15 245 71 51 52 143 228 235 59 196 146 157 109 102 217 98 240 19 49 219 219 219 219 219 219 219 219 219 219 219 219 219 219 219 219 219 219 219 219 219 219 219 219 
1 1 1 1 1 1 1 1 1 1 1 1 1 1 1 1 1 1 1 1 1 1 1 1 1 1 1 1 1 1 1 1 1 1 1 1 1 1 1 1 1 1 1 1 1 1 1 1 200 116 86 206 191 168 64 64 32 111 42 67 113 19 128 82 172 7 243 212 59 59 62 104 162 183 80 63 39 120 141 97 60 23 69 180 112 55 88 66 169 24 211 209 232 205 106 19 6 184 157 250 26 238 135 188 1 1 1 1 1 1 1 1 1 1 1 1 1 1 1 1 1 1 1 1 1 1 1 1 
26 26 26 26 26 26 26 26 26 26 26 26 26 26 26 26 26 26 26 26 26 26 26 26 26 26 26 26 26 26 26 26 26 26 26 26 26 26 26 26 26 26 26 26 26 26 26 26 126 101 219 161 243 191 138 69 235 192 251 100 37 166 178 219 219 12 181 123 46 54 58 236 73 29 20 106 143 150 251 158 8 239 177 68 128 8 155 28 100 93 45 131 9 117 182 128 151 30 190 120 27 97 173 24 26 26 26 26 26 26 26 26 26 26 26 26 26 26 26 26 26 26 26 26 26 26 26 26 
250 250 250 250 250 250 250 250 250 250 250 250 250 250 250 250 250 250 250 250 250 250 250 250 250 250 250 250 250 250 250 250 250 250 250 250 250 250 250 250 250 250 250 250 250 250 250 250 68 71 191 84 114 245 238 249 45 61 6 9 90 113 143 54 37 131 136 35 82 107 1 161 154 247 192 9 246 81 126 18 71 124 27 204 41 58 60 158 181 78 19 105 215 66 134 255 252 168 41 146 124 43 91 0 250 250 250 250 250 250 250 250 250 250 250 250 250 250 250 250 250 250 250 250 250 250 250 250 
74 74 74 74 74 74 74 74 74 74 74 74 74 74 74 74 74 74 74 74 74 74 74 74 74 74 74 74 74 74 74 74 74 74 74 74 74 74 74 74 74 74 74 74 74 74 74 74 113 245 17 59 126 86 79 219 111 99 150 246 66 22 238 5 71 38 228 157 186 45 187 65 56 11 85 63 84 245 231 52 13 10 62 200 96 24 66 8 114 253 2 231 234 169 110 129 110 29 11 59 45 145 35 66 74 74 74 74 74 74 74 74 74 74 74 74 74 74 74 74 74 74 74 74 74 74 74 74 
222 222 222 222 222 222 222 222 222 222 222 222 222 222 222 222 222 222 222 222 222 222 222 222 222 222 222 222 222 222 222 222 222 222 222 222 222 222 222 222 222 222 222 222 222 222 222 222 41 159 14 245 169 72 181 27 145 84 252 64 126 41 136 29 243 234 107 189 9 134 196 190 183 107 211 145 20 235 148 218 74 0 234 104 19 5 8 1 84 12 6 101 48 126 94 126 139 215 60 6 253 123 177 223 222 222 222 222 222 222 222 222 222 222 222 222 222 222 222 222 222 222 222 222 222 222 222 222 
148 148 148 148 148 148 148 148 148 148 148 148 148 148 148 148 29 29 103 69 76 255 253 49 129 88 66 230 125 118 203 204 232 253 218 112 33 172 14 192 230 132 177 161 77 211 22 191 228 207 79 3 239 180 234 163 241 14 216 226 27 72 32 155 69 104 127 101 148 31 120 91 189 81 241 215 18 105 84 55 136 211 159 145 107 93 176 128 1 105 27 72 190 81 106 7 247 27 67 129 168 97 26 115 84 26 102 121 249 11 210 148 148 148 148 148 148 148 148 148 148 148 148 148 148 148 148 148 
239 239 239 239 239 239 239 239 239 239 239 239 239 239 239 239 193 182 149 206 88 167 12 209 59 144 189 34 47 159 228 112 159 83 67 135 233 102 254 120 48 20 88 226 82 62 202 197 144 8 14 184 202 236 30 56 232 127 254 180 163 248 4 196 16 43 179 81 237 49 169 45 255 66 118 205 182 49 85 175 185 98 3 79 24 46 193 42 187 8 102 129 114 133 100 200 107 40 246 70 5 119 209 100 88 90 228 16 160 222 62 30 239 239 239 239 239 239 239 239 239 239 239 239 239 239 239 239 
137 137 137 137 137 137 137 137 137 137 137 137 137 137 137 137 116 232 169 209 136 124 183 144 77 117 121 161 205 136 148 17 108 234 199 152 148 73 252 255 185 226 102 67 15 182 6 205 164 88 108 141 104 32 233 32 222 225 196 15 35 87 167 35 147 66 64 45 64 24 63 57 182 194 24 113 117 11 169 190 9 139 67 87 189 23 71 170 53 31 19 192 129 154 239 108 136 97 143 104 117 170 25 81 154 217 236 65 123 64 3 164 137 137 137 137 137 137 137 137 137 137 137 137 137 137 137 137 
121 121 121 121 121 121 121 121 121 121 121 121 121 121 121 121 149 36 130 129 173 227 13 199 145 136 48 29 6 253 129 191 132 105 125 130 103 164 111 221 51 81 159 178 65 233 50 113 8 185 215 60 236 176 160 178 127 157 24 101 81 128 8 193 223 248 143 183 103 229 5 84 85 34 19 66 148 239 52 229 74 22 19 232 82 207 171 191 28 31 87 226 83 16 210 19 145 8 201 83 77 104 184 171 243 169 32 249 33 183 186 135 121 121 121 121 121 121 121 121 121 121 121 121 121 121 121 121 
96 96 96 96 96 96 96 96 96 96 96 96 96 96 96 96 41 127 0 182 220 57 211 63 89 190 209 220 87 77 16 28 36 252 4 131 221 15 82 113 146 90 3 88 38 223 167 197 237 248 36 150 60 249 150 90 18 36 166 4 246 213 164 195 140 192 180 79 60 175 122 80 53 69 102 197 4 216 98 39 251 57 165 177 162 66 244 231 57 59 179 102 33 222 152 87 9 19 164 126 55 51 67 146 18 14 19 67 188 214 193 17 96 96 96 96 96 96 96 96 96 96 96 96 96 96 96 96 
178 178 178 178 178 178 178 178 178 178 178 178 178 178 178 178 230 151 71 129 112 149 123 138 100 22 8 96 80 2 198 44 121 1 116 72 23 153 93 168 110 157 132 15 68 175 97 119 175 23 28 10 26 32 55 58 78 203 194 128 47 170 51 49 70 127 205 118 160 145 26 177 94 33 0 102 81 232 229 119 198 103 249 8 197 253 145 217 226 54 23 237 136 4 140 112 93 149 90 218 180 76 127 66 163 214 202 48 145 32 250 193 178 178 178 178 178 178 178 178 178 178 178 178 178 178 178 178 
91 91 91 91 91 91 91 91 91 91 91 91 91 91 91 91 58 163 230 41 65 251 14 248 134 96 150 13 40 247 101 173 28 225 202 76 21 73 24 152 220 54 56 222 208 82 107 189 87 253 199 43 159 63 134 120 220 189 249 165 86 70 153 169 205 96 79 127 48 28 205 212 9 63 11 45 195 223 146 202 144 132 81 195 182 106 238 190 235 101 188 122 242 255 225 9 165 8 197 219 183 249 205 69 76 207 37 78 94 221 229 157 91 91 91 91 91 91 91 91 91 91 91 91 91 91 91 91 
1 1 1 1 1 1 1 1 1 1 1 1 1 1 1 1 35 132 10 61 234 195 58 58 120 44 22 235 172 16 37 31 111 152 146 7 252 92 237 17 250 122 240 74 162 72 217 116 124 130 22 50 240 241 111 146 42 174 224 12 184 90 23 29 127 221 231 236 21 196 84 211 250 255 112 94 146 225 171 23 253 179 111 149 27 45 109 242 125 72 229 59 2 143 33 60 131 65 42 209 47 241 191 224 134 45 64 48 59 48 0 21 1 1 1 1 1 1 1 1 1 1 1 1 1 1 1 1 
6 6 6 6 6 6 6 6 6 6 6 6 6 6 6 6 219 43 183 241 147 231 5 143 249 138 252 150 132 221 129 144 243 198 155 66 122 195 83 121 167 136 35 252 116 139 40 56 107 26 91 88 243 43 208 65 48 176 82 122 253 14 118 131 187 166 37 0 134 71 187 6 49 169 199 180 28 110 212 145 89 155 185 69 172 111 113 159 220 1 28 147 140 26 244 165 162 192 113 155 108 159 93 80 163 146 46 77 74 73 105 15 6 6 6 6 6 6 6 6 6 6 6 6 6 6 6 6 
98 98 98 98 98 98 98 98 98 98 98 98 98 98 98 98 238 187 92 251 127 243 198 255 53 145 214 203 33 32 20 34 138 78 32 5 33 202 8 153 10 118 14 153 185 112 154 129 128 14 207 119 15 62 76 61 161 226 19 114 153 183 79 206 233 78 197 68 181 196 123 9 108 125 13 79 28 247 117 24 163 76 169 165 229 134 65 63 242 163 211 104 93 54 3 226 96 154 35 60 100 4 48 178 148 29 208 0 74 12 213 44 98 98 98 98 98 98 98 98 98 98 98 98 98 98 98 98 
219 219 219 219 219 219 219 219 219 219 219 219 219 219 219 219 82 194 16 199 233 6 32 49 87 134 233 138 32 140 168 131 154 218 26 155 140 77 101 61 167 249 238 64 242 72 209 69 98 183 152 251 49 104 83 159 7 19 216 190 222 30 40 116 194 14 122 240 43 248 203 75 5 227 248 74 187 187 33 191 233 26 176 196 166 174 41 192 111 96 216 6 68 108 238 179 152 45 36 161 58 23 107 86 5 177 183 26 19 60 112 133 219 219 219 219 219 219 219 219 219 219 219 219 219 219 219 219 
1 1 1 1 1 1 1 1 1 1 1 1 1 1 1 1 113 94 234 179 156 113 179 114 17 142 51 35 239 70 220 238 47 3 126 132 175 240 82 94 1 52 137 193 38 88 5 23 204 159 96 198 85 172 227 201 71 197 223 125 33 135 250 77 80 107 221 107 24 165 128 178 115 237 93 143 68 212 103 190 31 41 185 248 134 79 112 54 26 194 167 210 202 122 138 123 13 252 19 79 244 23 131 232 168 67 201 41 249 76 15 35 1 1 1 1 1 1 1 1 1 1 1 1 1 1 1 1 
26 26 26 26 26 26 26 26 26 26 26 26 26 26 26 26 32 189 59 67 19 23 69 60 99 52 142 193 128 50 55 15 208 8 233 69 92 175 96 163 6 21 123 241 126 245 29 19 157 191 249 93 22 221 159 10 84 46 243 134 233 146 26 107 119 182 202 27 84 205 9 174 253 168 185 247 186 243 208 192 37 119 78 23 136 170 199 34 252 99 226 97 168 36 182 60 113 56 229 122 1 163 69 108 85 126 185 219 164 35 145 79 26 26 26 26 26 26 26 26 26 26 26 26 26 26 26 26 
250 250 250 250 250 250 250 250 250 250 250 250 250 250 250 250 205 47 136 10 215 145 150 145 36 110 87 238 13 134 222 215 194 51 182 204 209 251 143 230 187 51 236 108 140 143 62 17 19 225 108 227 16 150 32 162 116 23 34 118 221 81 240 89 125 71 240 145 31 178 233 125 79 176 152 11 57 111 41 119 120 106 88 51 231 43 92 51 70 184 94 124 120 107 225 110 248 48 214 203 97 205 201 53 88 81 250 131 34 39 32 14 250 250 250 250 250 250 250 250 250 250 250 250 250 250 250 250 
74 74 74 74 74 74 74 74 74 74 74 74 74 74 74 74 51 168 117 165 62 118 130 117 69 14 218 14 137 99 61 47 82 6 102 151 4 155 12 254 156 207 85 116 177 174 126 169 176 140 60 122 112 44 83 110 126 66 161 44 125 49 181 253 82 16 185 158 121 198 21 157 115 101 160 124 104 144 43 199 31 73 217 246 243 102 25 33 51 224 172 104 252 120 124 212 39 53 205 251 31 38 200 138 9 158 24 160 68 76 147 92 74 74 74 74 74 74 74 74 74 74 74 74 74 74 74 74 
222 222 222 222 222 222 222 222 222 222 222 222 222 222 222 222 64 252 80 122 175 43 112 11 37 98 59 68 212 232 104 74 212 90 28 117 197 89 67 161 204 193 188 6 53 8 230 46 213 173 5 77 181 192 167 110 149 3 187 153 78 77 119 240 85 63 92 137 120 97 42 124 128 85 42 30 46 221 215 153 215 100 142 84 53 204 178 207 200 115 173 243 196 72 156 188 194 102 67 135 55 153 215 198 40 11 25 21 205 132 226 233 222 222 222 222 222 222 222 222 222 222 222 222 222 222 222 222 
148 148 148 148 148 148 148 148 94 72 198 26 101 107 39 221 156 197 85 76 30 75 29 143 230 155 192 49 141 89 239 217 119 97 159 229 68 195 129 142 113 222 138 132 213 143 3 97 30 82 179 231 223 161 192 116 175 203 244 34 217 101 172 63 154 244 41 60 199 140 92 75 0 215 141 140 243 120 228 147 248 157 254 229 255 176 175 98 76 122 254 29 133 48 46 86 241 60 249 132 37 109 85 29 50 82 177 102 135 99 111 127 148 148 148 148 148 148 148 148 148 148 148 148 148 148 148 148 
239 239 239 239 239 239 239 239 102 21 210 151 66 60 153 25 88 10 187 56 201 105 6 233 217 238 212 184 189 58 107 211 235 151 140 77 121 161 7 199 32 212 28 217 44 127 122 229 101 207 78 2 174 28 243 17 163 103 116 84 250 204 25 137 75 198 165 104 233 112 176 10 196 8 244 0 182 38 186 113 16 36 45 94 15 229 127 168 109 36 164 251 65 79 132 245 151 180 28 1 98 125 198 31 35 211 58 185 34 237 204 70 239 239 239 239 239 239 239 239 239 239 239 239 239 239 239 239 
137 137 137 137 137 137 137 137 62 199 159 2 0 229 109 103 58 186 173 206 50 71 58 207 101 93 23 186 162 16 182 12 235 230 98 184 205 184 82 180 234 95 246 136 33 198 163 154 137 93 83 128 36 130 241 16 180 22 91 198 23 129 220 87 61 41 70 60 239 99 245 54 145 241 85 87 225 47 81 133 8 22 41 0 232 224 150 89 129 194 167 136 67 187 187 100 54 225 237 16 139 102 241 20 159 74 134 0 96 1 192 174 137 137 137 137 137 137 137 137 137 137 137 137 137 137 137 137 
121 121 121 121 121 121 121 121 22 4 219 162 208 141 66 123 29 78 9 26 127 238 62 44 122 117 97 87 198 248 197 163 235 210 104 248 138 65 63 132 201 82 205 217 148 105 179 0 137 144 59 10 122 32 13 135 89 112 49 161 154 120 40 227 214 170 56 0 247 43 87 229 2 84 37 166 96 114 253 13 68 31 154 201 205 129 171 184 16 128 16 215 101 221 44 51 99 35 160 75 184 230 222 153 119 199 151 43 72 61 163 152 121 121 121 121 121 121 121 121 121 121 121 121 121 121 121 121 
96 96 96 96 96 96 96 96 64 11 239 23 93 75 112 138 217 114 131 128 49 176 87 13 16 253 208 5 156 198 96 24 169 55 38 105 186 5 65 164 20 30 28 131 203 2 221 216 117 78 178 185 22 176 109 165 79 166 131 13 199 158 2 1 32 154 183 105 148 8 103 47 107 94 58 76 101 80 164 85 116 190 59 207 22 142 221 146 10 32 171 230 61 209 238 46 23 245 25 146 124 145 188 51 144 56 162 171 94 86 154 232 96 96 96 96 96 96 96 96 96 96 96 96 96 96 96 96 
178 178 178 178 178 178 178 178 85 213 53 39 172 103 208 44 40 72 237 66 94 23 133 54 166 141 70 177 220 205 246 252 114 205 140 144 185 231 111 106 82 121 167 127 44 53 16 213 131 219 234 10 138 232 179 26 193 27 250 33 130 219 110 28 142 83 146 235 4 171 4 126 51 162 230 163 206 13 122 26 177 67 159 11 199 202 48 149 123 94 99 71 223 98 11 56 209 240 0 51 100 168 62 199 202 52 54 175 201 106 115 181 178 178 178 178 178 178 178 178 178 178 178 178 178 178 178 178 
91 91 91 91 91 91 91 91 33 83 130 105 175 3 128 26 78 156 114 222 134 129 126 245 100 112 57 121 205 129 168 138 97 239 184 186 67 122 179 59 8 240 69 186 189 29 66 10 109 156 55 35 79 32 176 10 64 58 154 30 248 184 252 238 125 42 171 43 145 249 128 212 247 209 85 202 136 7 57 205 85 47 97 30 3 154 195 238 31 92 212 79 176 42 88 34 193 236 25 17 138 98 94 27 83 44 190 76 232 148 30 28 91 91 91 91 91 91 91 91 91 91 91 91 91 91 91 91 
1 1 1 1 1 1 1 1 95 107 18 210 13 199 77 137 211 235 88 5 3 182 203 244 191 106 92 66 130 167 136 48 67 135 58 65 67 108 193 215 164 96 227 177 238 242 170 80 228 110 245 1 208 47 185 169 4 150 178 51 102 242 107 76 206 107 55 135 27 51 184 103 239 42 122 141 118 219 199 79 147 153 242 67 97 222 59 83 42 71 16 118 218 236 198 0 55 172 225 15 252 79 223 1 19 84 122 83 28 57 19 87 1 1 1 1 1 1 1 1 1 1 1 1 1 1 1 1 
6 6 6 6 6 6 6 6 164 144 4 235 76 221 69 8 189 180 178 104 14 125 191 29 201 95 252 235 220 34 237 72 248 226 92 21 163 167 165 77 134 246 36 56 168 71 114 36 101 65 224 224 198 238 110 179 25 14 191 253 32 88 230 254 221 170 26 31 9 35 98 42 70 140 65 12 197 212 176 135 103 106 222 218 215 204 146 232 221 72 16 110 53 74 219 202 104 218 189 91 83 126 164 77 139 109 62 97 238 146 255 102 6 6 6 6 6 6 6 6 6 6 6 6 6 6 6 6 
98 98 98 98 98 98 98 98 107 33 156 199 6 127 225 79 249 184 92 22 121 172 23 67 143 117 171 254 146 220 0 208 234 90 17 31 215 193 116 26 136 40 84 43 43 1 101 221 166 40 106 133 197 174 42 240 145 238 228 202 69 198 62 141 126 191 48 5 42 65 45 83 125 35 238 0 211 180 211 35 182 123 215 117 164 27 131 56 196 21 116 92 19 21 79 133 228 38 22 193 218 158 206 172 173 206 31 16 174 172 60 248 98 98 98 98 98 98 98 98 98 98 98 98 98 98 98 98 
219 219 219 219 219 219 219 219 53 188 121 37 226 127 60 195 240 48 185 49 84 132 94 52 223 170 10 10 108 136 70 97 213 21 198 114 172 200 239 126 228 124 219 246 66 69 90 10 140 205 249 147 108 225 112 101 212 132 88 12 251 17 187 159 102 22 0 75 215 108 18 16 205 229 110 206 187 11 25 121 116 52 73 182 191 139 122 32 156 122 196 233 52 172 179 22 159 68 19 18 76 90 30 161 183 139 94 59 251 211 34 88 219 219 219 219 219 219 219 219 219 219 219 219 219 219 219 219 
1 1 1 1 1 1 1 1 223 53 247 135 132 82 228 164 222 95 237 165 144 97 80 84 98 226 171 81 156 10 20 127 229 102 219 149 186 188 201 149 215 55 76 111 33 203 225 122 49 127 237 173 85 185 46 222 178 61 24 62 45 96 85 102 198 70 230 113 223 234 130 242 70 53 13 158 76 131 104 97 77 254 226 124 137 50 154 34 134 15 60 67 204 56 190 104 64 46 160 18 135 124 183 35 229 47 237 254 228 211 64 99 1 1 1 1 1 1 1 1 1 1 1 1 1 1 1 1 
26 26 26 26 26 26 26 26 155 101 15 10 198 12 180 40 102 157 124 92 95 45 164 62 146 77 221 179 121 222 220 226 178 20 101 184 57 191 1 178 184 44 46 22 220 67 252 86 7 75 126 164 233 221 111 42 180 156 49 229 225 25 10 171 211 22 217 36 167 28 225 151 172 161 226 101 1 152 147 58 239 34 105 214 239 4 60 52 169 48 249 15 148 205 55 190 202 24 29 35 182 17 248 110 210 20 9 30 90 130 112 129 26 26 26 26 26 26 26 26 26 26 26 26 26 26 26 26 
250 250 250 250 250 250 250 250 169 14 40 172 237 43 241 206 126 207 202 129 93 201 162 136 252 186 179 199 90 228 123 24 46 225 132 191 133 156 74 238 90 75 90 171 155 7 48 30 250 195 179 123 250 224 131 16 188 233 134 127 133 108 87 120 182 4 36 180 214 251 136 71 172 18 97 24 51 125 149 13 248 100 76 2 152 187 55 75 249 254 129 15 70 202 80 174 177 130 72 236 169 174 152 5 47 96 3 44 218 73 171 227 250 250 250 250 250 250 250 250 250 250 250 250 250 250 250 250 
74 74 74 74 74 74 74 74 71 188 15 166 82 128 85 23 245 85 253 16 39 234 98 177 0 133 236 237 147 4 83 187 165 5 220 186 220 36 77 125 229 79 238 165 21 170 52 238 235 212 235 62 132 50 224 111 52 201 114 185 240 205 191 46 243 74 143 70 179 155 6 129 229 213 230 241 161 204 106 131 114 66 177 97 193 214 75 77 214 216 206 0 109 135 52 180 59 112 124 15 230 153 151 11 126 241 0 97 62 155 52 158 74 74 74 74 74 74 74 74 74 74 74 74 74 74 74 74 
222 222 222 222 222 222 222 222 29 249 123 67 84 226 1 226 16 167 223 234 43 124 23 135 152 24 132 81 191 200 115 190 229 127 255 80 158 113 68 36 235 147 65 28 245 90 231 214 16 183 165 50 215 38 63 68 150 137 135 99 19 255 250 153 242 248 144 29 248 20 97 228 131 26 176 93 28 6 152 116 99 158 65 102 207 48 181 206 23 206 202 220 193 163 213 106 214 110 198 17 218 22 69 117 45 199 81 40 208 89 174 221 222 222 222 222 222 222 222 222 222 222 222 222 222 222 222 222 
148 148 148 148 148 148 148 148 105 26 149 229 125 161 205 51 171 163 62 126 32 245 190 22 10 38 100 35 164 240 60 71 139 120 87 168 183 202 110 219 144 18 223 21 152 102 43 103 254 102 131 25 160 185 197 165 40 179 130 10 89 30 246 101 150 136 171 125 88 255 45 38 57 41 97 75 69 71 33 123 162 70 126 38 218 101 101 239 209 94 90 207 255 105 190 211 206 252 170 179 34 37 120 128 205 19 29 64 193 75 153 159 146 255 93 119 179 191 80 137 148 239 156 87 4 148 148 148 
239 239 239 239 239 239 239 239 122 192 7 172 80 123 184 61 237 22 201 43 101 91 163 150 106 94 146 174 220 60 182 100 185 242 69 53 186 5 35 39 141 120 148 244 207 37 198 19 148 213 193 55 20 50 150 141 79 32 122 254 28 80 149 123 59 169 74 110 77 55 8 61 251 125 104 223 131 104 105 60 136 161 239 249 170 63 16 45 226 230 8 234 244 208 202 71 91 195 163 152 221 76 86 135 84 243 52 181 71 254 234 182 139 248 127 185 142 121 48 126 239 52 112 141 197 239 239 239 
137 137 137 137 137 137 137 137 162 3 98 8 130 245 253 14 24 87 248 162 32 243 163 235 83 151 95 95 71 7 77 116 46 155 78 40 67 146 188 41 39 239 98 70 102 170 238 204 149 254 55 215 2 44 233 244 75 115 200 148 52 251 31 39 71 160 203 81 128 189 189 73 152 36 86 209 70 245 81 222 177 60 12 241 190 109 243 48 253 170 22 75 156 51 237 28 77 94 200 49 236 246 37 83 128 228 176 176 219 183 58 79 204 216 23 87 67 44 247 228 137 0 213 126 126 137 137 137 
121 121 121 121 121 121 121 121 61 17 139 70 228 80 63 244 28 252 230 40 123 157 221 194 130 170 211 9 183 52 37 78 57 141 5 244 212 141 205 189 164 118 90 254 126 58 233 160 88 7 27 179 134 2 180 177 14 33 137 31 194 12 101 68 42 149 131 200 191 131 50 96 80 99 214 199 137 181 236 220 250 225 67 12 180 96 13 4 223 98 169 23 109 23 29 213 182 82 182 106 8 9 73 193 167 138 125 221 36 74 173 201 7 93 215 240 66 91 107 108 121 230 109 16 205 121 121 121 
96 96 96 96 96 96 96 96 11 189 243 183 74 204 217 148 81 98 253 136 198 22 112 67 254 111 153 36 168 211 68 149 255 133 32 131 243 80 68 239 251 66 137 70 140 163 96 128 233 81 20 245 112 32 41 198 95 120 233 14 226 43 9 202 44 186 193 62 245 123 215 14 188 169 73 208 138 134 142 48 169 56 250 5 215 69 69 218 7 50 255 103 115 143 64 84 4 90 194 87 140 229 3 4 6 19 27 76 102 190 62 33 6 82 24 207 242 161 104 153 96 66 8 87 30 96 96 96 
178 178 178 178 178 178 178 178 254 212 11 208 144 184 124 68 13 225 105 145 157 67 66 115 6 75 183 185 0 62 250 36 131 57 195 83 179 188 241 187 45 172 71 75 170 58 198 230 247 102 49 44 100 181 71 171 26 86 180 139 185 173 7 0 110 40 107 255 229 79 207 20 21 25 179 194 67 173 57 200 31 136 254 42 52 43 162 146 63 212 9 120 24 253 49 60 153 156 138 185 176 109 214 30 88 77 207 61 102 67 140 116 175 183 90 245 155 123 203 76 178 34 193 53 8 178 178 178 
91 91 91 91 91 91 91 91 231 58 117 128 252 180 198 173 237 114 220 186 110 244 97 66 85 41 46 17 187 160 203 120 150 105 227 217 18 15 129 107 235 99 192 209 146 141 144 68 63 121 207 218 188 37 127 106 6 158 98 184 161 207 185 148 212 123 25 70 185 249 187 202 39 129 174 34 176 35 107 155 197 175 128 223 61 148 253 243 208 0 10 144 122 25 222 148 234 45 130 229 137 39 40 35 229 215 209 116 28 208 114 110 218 104 123 249 47 46 206 38 91 169 100 250 243 91 91 91 
1 1 1 1 1 1 1 1 189 112 54 132 12 223 212 129 35 198 255 210 174 32 215 92 52 65 244 234 52 30 165 175 55 200 100 217 240 213 255 111 215 141 39 148 107 56 98 101 127 201 124 249 247 20 109 243 75 196 10 143 179 0 29 148 115 90 29 49 189 196 129 13 121 108 81 69 196 55 215 61 135 183 58 239 109 135 152 12 56 67 128 177 193 4 230 174 120 210 239 56 203 202 147 199 178 130 180 118 191 0 54 248 35 129 193 145 39 95 150 100 1 89 52 179 239 1 1 1 
6 6 6 6 6 6 6 6 176 110 83 104 150 172 137 46 102 200 250 137 224 12 36 246 215 146 8 158 217 158 18 109 36 218 82 89 35 160 182 245 195 189 200 154 45 46 171 7 132 104 203 108 216 243 228 159 99 74 212 111 86 163 122 87 144 54 97 229 254 2 145 176 32 61 183 190 189 119 171 213 27 160 24 131 192 72 43 245 30 108 105 72 212 154 90 249 139 94 25 201 109 129 126 38 51 207 237 32 176 120 69 160 142 58 95 253 19 114 251 5 6 189 95 60 88 6 6 6 
98 98 98 98 98 98 98 98 116 138 246 248 144 44 205 176 133 99 237 9 124 87 183 23 179 169 178 223 249 85 24 65 89 152 75 119 148 48 225 100 74 106 222 6 50 90 137 235 212 32 82 185 143 100 201 244 48 7 62 60 40 112 92 91 65 131 192 55 222 107 71 86 171 27 18 72 200 111 101 191 160 242 159 18 237 7 213 187 231 16 7 187 199 161 172 230 78 212 51 245 169 64 97 242 9 187 232 53 27 216 7 5 52 20 212 20 26 102 235 15 98 169 17 170 232 98 98 98 
219 219 219 219 219 219 219 219 118 59 8 97 79 216 185 165 16 155 45 146 220 98 138 3 249 255 157 35 30 87 253 89 224 76 82 110 89 87 246 3 250 149 103 119 5 15 121 196 49 114 4 228 0 86 127 170 139 40 223 68 139 124 53 228 169 36 162 27 88 160 138 2 142 130 83 250 124 48 191 20 77 248 18 241 4 2 119 82 179 191 20 245 48 196 126 127 195 171 44 157 173 154 128 109 13 154 21 183 226 46 95 199 107 80 96 188 100 71 152 168 219 227 51 190 242 219 219 219 
1 1 1 1 1 1 1 1 225 152 209 15 174 101 52 250 48 249 56 222 138 35 15 215 14 163 168 216 160 34 61 192 203 251 88 168 24 128 11 66 82 99 207 65 50 55 22 141 128 223 83 30 35 175 204 206 54 4 213 17 118 155 100 96 15 29 127 119 187 67 40 253 180 190 30 68 9 210 99 221 18 94 128 161 242 154 254 117 3 234 115 255 218 24 47 36 176 109 252 171 30 140 225 230 151 171 238 2 161 165 9 65 123 226 63 85 91 120 41 201 1 222 251 19 51 1 1 1 
26 26 26 26 26 26 26 26 174 20 245 19 21 20 191 120 241 172 138 59 132 250 67 209 205 223 245 60 83 159 9 126 200 92 96 67 250 204 154 129 74 129 101 102 8 160 125 116 170 169 16 184 119 170 147 254 156 53 159 81 95 246 252 44 120 186 26 88 199 51 230 77 192 6 22 244 105 143 214 118 126 108 195 199 44 30 242 19 187 170 238 162 253 65 194 79 45 149 112 173 76 149 107 159 56 197 93 84 144 206 180 115 247 228 199 32 164 11 0 89 26 5 75 199 43 26 26 26 
250 250 250 250 250 250 250 250 142 119 123 121 232 139 80 112 55 220 161 187 249 207 122 248 91 44 137 58 193 158 44 40 14 183 25 151 140 59 152 246 117 208 136 225 177 22 153 108 116 209 67 15 15 226 34 156 42 46 160 234 105 51 197 157 163 217 91 130 114 168 0 107 175 208 67 81 229 202 155 161 193 255 36 100 46 240 237 99 27 251 12 40 118 71 24 8 60 160 28 21 69 20 73 124 21 62 219 76 0 171 25 102 28 166 35 155 147 68 248 217 250 96 90 7 91 250 250 250 
74 74 74 74 74 74 74 74 33 237 111 7 67 116 32 161 4 231 76 182 80 138 88 166 173 140 93 81 55 211 160 32 235 12 16 189 44 113 177 186 215 204 61 127 204 237 133 23 146 122 59 43 6 253 223 195 122 232 63 179 83 57 190 247 73 131 26 115 140 6 171 49 118 197 7 10 245 20 145 97 233 121 42 202 206 225 179 88 226 63 241 247 50 198 45 33 143 99 114 67 44 76 76 82 94 81 122 108 182 47 26 168 198 95 214 193 26 134 149 120 74 124 98 108 87 74 74 74 
222 222 222 222 222 222 222 222 23 12 34 168 133 211 220 115 121 241 253 79 189 143 94 109 153 83 22 59 105 251 72 26 238 117 28 114 112 126 237 23 161 17 78 248 110 49 184 59 223 2 214 246 124 58 244 51 160 200 209 42 91 56 55 140 138 41 244 210 192 157 33 240 56 165 96 32 19 69 21 57 142 72 223 71 4 176 166 41 74 100 211 90 21 123 142 161 57 36 85 252 97 16 10 29 122 39 76 233 201 196 108 111 26 92 221 93 186 98 171 2 222 149 111 198 210 222 222 222 
148 148 148 148 148 148 148 148 148 148 148 148 148 148 148 148 148 148 148 148 148 148 148 148 244 78 17 172 215 61 157 89 91 135 247 68 179 35 177 38 250 120 95 250 149 78 142 170 180 108 232 29 212 240 95 94 22 192 157 143 66 133 99 207 236 193 38 201 84 205 225 112 138 196 91 199 125 180 244 53 191 247 85 56 191 202 50 111 148 148 148 148 148 148 148 148 148 148 148 148 148 148 148 148 148 148 148 148 148 148 148 148 148 148 148 148 148 148 148 148 148 148 148 148 148 148 148 148 
239 239 239 239 239 239 239 239 239 239 239 239 239 239 239 239 239 239 239 239 239 239 239 239 78 213 54 39 51 166 5 84 87 202 147 134 204 77 64 15 0 236 156 147 208 24 33 44 241 176 9 105 69 191 234 142 63 57 245 58 95 174 56 151 59 254 39 44 193 145 200 149 106 35 34 135 134 199 135 190 226 69 2 182 218 67 146 169 239 239 239 239 239 239 239 239 239 239 239 239 239 239 239 239 239 239 239 239 239 239 239 239 239 239 239 239 239 239 239 239 239 239 239 239 239 239 239 239 
137 137 137 137 137 137 137 137 137 137 137 137 137 137 137 137 137 137 137 137 137 137 137 137 245 71 172 12 125 210 219 23 108 188 83 85 233 189 40 172 74 47 107 214 204 150 180 56 60 8 153 134 42 202 42 147 160 0 185 60 166 94 107 198 209 87 203 132 47 96 16 247 218 246 223 244 30 112 173 15 151 137 35 205 152 158 60 233 137 137 137 137 137 137 137 137 137 137 137 137 137 137 137 137 137 137 137 137 137 137 137 137 137 137 137 137 137 137 137 137 137 137 137 137 137 137 137 137 
121 121 121 121 121 121 121 121 121 121 121 121 121 121 121 121 121 121 121 121 121 121 121 121 94 255 226 158 98 210 11 210 112 136 152 106 240 194 42 251 212 162 229 145 197 210 241 222 54 196 167 134 156 33 60 226 175 159 38 57 225 200 13 167 169 6 111 219 139 119 203 2 215 245 4 44 7 64 66 136 111 2 55 253 31 152 126 88 121 121 121 121 121 121 121 121 121 121 121 121 121 121 121 121 121 121 121 121 121 121 121 121 121 121 121 121 121 121 121 121 121 121 121 121 121 121 121 121 
96 96 96 96 96 96 96 96 96 96 96 96 96 96 96 96 96 96 96 96 96 96 96 96 105 40 212 5 177 113 86 162 71 116 100 90 104 73 115 166 36 3 91 253 194 253 160 8 213 234 128 39 225 58 61 154 167 237 172 162 196 200 68 235 158 76 250 121 78 170 161 149 12 164 233 24 161 19 104 145 60 110 144 148 117 73 13 47 96 96 96 96 96 96 96 96 96 96 96 96 96 96 96 96 96 96 96 96 96 96 96 96 96 96 96 96 96 96 96 96 96 96 96 96 96 96 96 96 
178 178 178 178 178 178 178 178 178 178 178 178 178 178 178 178 178 178 178 178 178 178 178 178 128 4 245 197 253 81 76 210 246 197 78 221 88 167 184 131 231 70 171 166 57 64 39 58 70 20 77 36 111 128 116 243 239 208 82 107 84 61 82 35 115 45 124 233 135 147 19 109 35 52 186 237 182 225 62 179 7 230 96 112 34 138 156 186 178 178 178 178 178 178 178 178 178 178 178 178 178 178 178 178 178 178 178 178 178 178 178 178 178 178 178 178 178 178 178 178 178 178 178 178 178 178 178 178 
91 91 91 91 91 91 91 91 91 91 91 91 91 91 91 91 91 91 91 91 91 91 91 91 242 255 190 139 88 226 217 133 116 81 97 85 158 163 148 211 36 62 242 24 129 116 241 95 153 191 216 150 130 7 148 81 36 201 38 243 157 12 127 120 214 116 131 242 128 109 22 122 95 68 163 123 73 223 190 156 96 2 211 155 132 228 138 117 91 91 91 91 91 91 91 91 91 91 91 91 91 91 91 91 91 91 91 91 91 91 91 91 91 91 91 91 91 91 91 91 91 91 91 91 91 91 91 91 
1 1 1 1 1 1 1 1 1 1 1 1 1 1 1 1 1 1 1 1 1 1 1 1 129 112 1 251 242 231 84 168 136 164 78 205 247 147 211 22 160 239 239 219 126 71 190 21 157 192 57 211 70 40 134 49 249 174 135 55 15 105 136 85 220 3 209 171 34 36 131 231 155 88 26 133 144 47 176 202 128 35 201 41 91 13 223 220 1 1 1 1 1 1 1 1 1 1 1 1 1 1 1 1 1 1 1 1 1 1 1 1 1 1 1 1 1 1 1 1 1 1 1 1 1 1 1 1 
6 6 6 6 6 6 6 6 6 6 6 6 6 6 6 6 6 6 6 6 6 6 6 6 241 122 70 195 213 200 112 184 183 198 23 180 198 34 114 41 44 33 187 127 34 148 68 58 242 152 184 131 116 162 69 76 128 47 88 202 7 140 188 110 40 238 185 71 100 35 220 25 113 33 45 225 104 252 240 53 228 151 142 14 114 49 8 137 6 6 6 6 6 6 6 6 6 6 6 6 6 6 6 6 6 6 6 6 6 6 6 6 6 6 6 6 6 6 6 6 6 6 6 6 6 6 6 6 
98 98 98 98 98 98 98 98 98 98 98 98 98 98 98 98 98 98 98 98 98 98 98 98 166 13 219 105 118 86 215 227 41 127 80 94 194 179 78 81 76 61 92 134 217 227 97 128 241 71 201 104 185 29 73 20 52 19 157 91 127 207 161 19 81 115 10 35 245 35 126 158 213 179 102 136 32 108 207 123 106 96 196 126 176 118 73 14 98 98 98 98 98 98 98 98 98 98 98 98 98 98 98 98 98 98 98 98 98 98 98 98 98 98 98 98 98 98 98 98 98 98 98 98 98 98 98 98 
219 219 219 219 219 219 219 219 219 219 219 219 219 219 219 219 219 219 219 219 219 219 219 219 106 213 38 230 23 88 229 202 139 54 227 47 116 125 146 246 237 50 27 208 119 68 62 102 73 2 180 82 100 212 238 239 244 80 218 230 107 63 140 19 104 222 110 117 3 158 154 69 104 151 202 14 133 4 27 147 104 47 186 214 145 27 59 7 219 219 219 219 219 219 219 219 219 219 219 219 219 219 219 219 219 219 219 219 219 219 219 219 219 219 219 219 219 219 219 219 219 219 219 219 219 219 219 219 
1 1 1 1 1 1 1 1 1 1 1 1 1 1 1 1 1 1 1 1 1 1 1 1 4 14 238 1 98 226 150 237 191 137 103 161 123 205 27 206 207 47 115 225 29 119 87 111 93 73 198 48 245 164 74 69 58 188 128 247 207 180 83 13 149 61 21 32 14 252 148 152 135 242 54 250 116 111 8 204 131 45 113 245 47 67 223 241 1 1 1 1 1 1 1 1 1 1 1 1 1 1 1 1 1 1 1 1 1 1 1 1 1 1 1 1 1 1 1 1 1 1 1 1 1 1 1 1 
26 26 26 26 26 26 26 26 26 26 26 26 26 26 26 26 26 26 26 26 26 26 26 26 231 114 211 127 236 42 171 228 50 88 193 134 39 129 206 47 6 155 225 225 70 196 100 16 154 178 253 140 132 133 225 20 209 171 180 202 77 38 99 47 201 42 251 154 103 63 128 104 68 172 229 9 98 139 112 0 52 213 42 153 124 176 4 141 26 26 26 26 26 26 26 26 26 26 26 26 26 26 26 26 26 26 26 26 26 26 26 26 26 26 26 26 26 26 26 26 26 26 26 26 26 26 26 26 
250 250 250 250 250 250 250 250 250 250 250 250 250 250 250 250 250 250 250 250 250 250 250 250 135 198 96 235 89 171 255 38 41 26 169 75 225 118 223 5 108 24 92 84 109 192 231 71 75 145 173 214 93 85 123 221 244 160 234 46 204 113 53 139 79 86 55 242 193 178 7 86 42 6 194 116 246 133 135 100 166 25 107 171 19 80 110 81 250 250 250 250 250 250 250 250 250 250 250 250 250 250 250 250 250 250 250 250 250 250 250 250 250 250 250 250 250 250 250 250 250 250 250 250 250 250 250 250 
74 74 74 74 74 74 74 74 74 74 74 74 74 74 74 74 74 74 74 74 74 74 74 74 10 142 126 167 29 75 232 119 203 249 70 197 96 92 117 240 90 72 93 232 214 220 24 130 251 244 142 163 103 211 144 27 115 185 104 209 244 80 179 85 46 139 221 202 54 247 109 14 58 195 190 240 208 14 110 95 4 40 203 193 184 199 117 240 74 74 74 74 74 74 74 74 74 74 74 74 74 74 74 74 74 74 74 74 74 74 74 74 74 74 74 74 74 74 74 74 74 74 74 74 74 74 74 74 
222 222 222 222 222 222 222 222 222 222 222 222 222 222 222 222 222 222 222 222 222 222 222 222 71 158 61 171 111 139 77 30 169 225 15 26 62 200 22 210 127 202 192 215 251 97 102 186 123 224 211 204 102 212 43 8 180 244 40 216 45 9 56 32 95 165 121 162 253 133 136 196 232 96 235 235 207 255 188 134 7 29 167 220 0 90 38 200 222 222 222 222 222 222 222 222 222 222 222 222 222 222 222 222 222 222 222 222 222 222 222 222 222 222 222 222 222 222 222 222 222 222 222 222 222 222 222 222 
148 148 148 148 148 148 148 148 148 148 148 148 148 148 148 148 237 141 55 124 172 194 117 129 206 79 177 205 237 62 112 86 199 5 33 42 250 128 148 226 11 184 189 221 178 245 159 219 217 140 123 153 191 244 116 37 195 84 238 235 148 246 96 1 94 33 216 78 212 32 189 178 166 101 143 188 177 143 192 190 163 81 243 196 244 113 154 95 35 237 5 69 32 84 31 209 179 251 119 161 22 60 99 25 148 148 148 148 148 148 148 148 148 148 148 148 148 148 148 148 148 148 148 148 148 148 148 148 
239 239 239 239 239 239 239 239 239 239 239 239 239 239 239 239 186 214 203 64 21 84 240 76 124 94 241 148 157 98 116 226 83 6 68 43 104 176 154 61 237 184 189 121 53 7 141 178 111 118 7 252 153 201 149 226 154 71 192 37 74 19 175 87 178 46 191 59 193 109 148 92 35 223 138 4 154 231 126 111 68 104 64 154 195 141 79 196 101 37 74 199 139 58 162 248 206 229 66 7 70 202 207 26 239 239 239 239 239 239 239 239 239 239 239 239 239 239 239 239 239 239 239 239 239 239 239 239 
137 137 137 137 137 137 137 137 137 137 137 137 137 137 137 137 72 111 105 206 86 116 39 119 59 208 158 201 207 166 228 237 158 249 189 157 180 255 112 181 17 229 193 191 103 10 49 143 19 67 238 74 16 17 112 205 109 255 179 198 220 244 122 144 126 146 166 218 160 172 1 249 224 240 247 145 46 20 253 23 207 189 132 20 123 226 41 160 99 163 71 139 18 135 18 47 88 228 188 237 1 221 237 79 137 137 137 137 137 137 137 137 137 137 137 137 137 137 137 137 137 137 137 137 137 137 137 137 
121 121 121 121 121 121 121 121 121 121 121 121 121 121 121 121 72 45 255 170 5 68 64 209 99 206 165 31 161 54 207 0 48 245 87 0 93 133 100 86 174 68 24 179 76 189 40 142 14 220 201 216 79 158 41 194 23 136 239 130 185 235 164 212 203 25 204 180 183 13 10 113 103 115 60 175 80 56 11 38 27 90 93 20 52 153 155 4 95 168 132 63 196 210 47 250 144 18 81 149 47 120 87 182 121 121 121 121 121 121 121 121 121 121 121 121 121 121 121 121 121 121 121 121 121 121 121 121 
96 96 96 96 96 96 96 96 96 96 96 96 96 96 96 96 232 62 52 240 156 255 12 43 224 51 18 18 27 145 143 174 159 236 63 163 119 9 96 233 165 160 134 125 25 88 179 5 176 238 245 32 158 108 137 14 201 201 188 73 112 217 60 40 189 187 26 192 99 217 227 61 133 139 255 54 172 45 174 230 238 29 87 34 48 249 22 125 44 183 93 129 225 209 211 10 97 177 74 236 51 63 211 148 96 96 96 96 96 96 96 96 96 96 96 96 96 96 96 96 96 96 96 96 96 96 96 96 
178 178 178 178 178 178 178 178 178 178 178 178 178 178 178 178 11 53 5 213 66 4 198 224 43 184 124 190 128 122 222 49 163 120 222 238 190 95 55 70 204 140 84 176 72 56 38 172 160 123 255 215 27 43 243 95 42 191 229 95 238 111 22 113 253 41 184 52 65 196 109 86 234 136 81 13 251 128 104 186 125 144 169 188 147 128 56 98 43 157 176 48 228 59 104 165 231 209 4 133 222 82 11 103 178 178 178 178 178 178 178 178 178 178 178 178 178 178 178 178 178 178 178 178 178 178 178 178 
91 91 91 91 91 91 91 91 91 91 91 91 91 91 91 91 122 132 27 203 13 173 62 29 52 4 158 143 24 240 240 16 4 88 208 182 11 134 115 238 94 58 217 3 2 89 85 14 162 147 211 11 115 16 216 76 168 28 153 37 122 255 75 30 87 88 233 118 164 75 226 159 193 72 62 225 72 3 5 106 109 156 240 41 89 103 224 69 209 192 186 206 7 1 66 76 218 124 82 0 161 98 203 137 91 91 91 91 91 91 91 91 91 91 91 91 91 91 91 91 91 91 91 91 91 91 91 91 
1 1 1 1 1 1 1 1 1 1 1 1 1 1 1 1 173 1 197 86 186 200 143 164 42 29 220 9 48 231 137 15 227 37 22 243 52 221 232 96 100 32 6 57 222 45 22 183 172 189 243 242 144 109 225 227 113 215 217 164 169 74 41 171 54 96 63 164 70 167 122 44 96 143 234 246 18 194 64 245 136 99 161 240 40 192 238 233 207 155 79 192 251 139 193 240 113 134 55 221 111 99 253 119 1 1 1 1 1 1 1 1 1 1 1 1 1 1 1 1 1 1 1 1 1 1 1 1 
6 6 6 6 6 6 6 6 6 6 6 6 6 6 6 6 146 193 33 199 48 68 54 82 34 98 213 124 157 48 147 33 169 42 113 61 138 245 247 21 241 230 58 104 83 213 201 255 155 59 36 180 156 35 73 170 14 184 96 102 14 67 213 126 7 227 41 69 134 44 94 147 50 96 101 157 104 104 166 222 129 178 218 239 59 164 14 5 26 253 213 122 181 10 10 154 247 21 51 70 141 75 89 45 6 6 6 6 6 6 6 6 6 6 6 6 6 6 6 6 6 6 6 6 6 6 6 6 
98 98 98 98 98 98 98 98 98 98 98 98 98 98 98 98 95 247 35 57 23 46 4 195 24 10 18 67 57 44 47 36 5 58 45 74 68 0 46 166 75 92 65 199 221 157 124 61 49 176 130 185 82 109 214 127 205 105 128 62 21 131 17 225 4 123 56 100 194 52 169 114 131 154 117 65 214 226 220 251 18 208 8 108 10 104 141 242 242 241 1 1 17 156 214 70 135 80 151 61 17 187 67 108 98 98 98 98 98 98 98 98 98 98 98 98 98 98 98 98 98 98 98 98 98 98 98 98 
219 219 219 219 219 219 219 219 219 219 219 219 219 219 219 219 67 204 166 206 46 138 238 224 202 112 183 49 12 90 11 97 238 161 103 100 12 230 236 62 126 101 66 214 51 196 90 141 75 193 6 84 38 205 126 230 56 101 28 197 254 10 178 113 121 28 65 86 227 80 107 231 3 66 116 151 158 229 197 42 200 23 139 158 62 217 189 183 60 47 183 31 96 5 150 230 178 93 95 118 6 204 192 63 219 219 219 219 219 219 219 219 219 219 219 219 219 219 219 219 219 219 219 219 219 219 219 219 
1 1 1 1 1 1 1 1 1 1 1 1 1 1 1 1 145 195 22 225 79 168 3 63 40 34 14 236 75 72 19 186 114 47 178 222 18 101 40 117 233 153 21 98 217 77 248 3 201 213 177 210 197 97 135 33 243 142 106 30 70 9 206 240 116 42 223 51 168 91 181 251 30 4 246 19 207 88 64 24 14 194 140 84 70 175 241 68 34 106 135 106 240 100 168 20 77 229 238 193 162 146 120 113 1 1 1 1 1 1 1 1 1 1 1 1 1 1 1 1 1 1 1 1 1 1 1 1 
26 26 26 26 26 26 26 26 26 26 26 26 26 26 26 26 15 90 212 81 228 70 4 64 48 55 221 54 41 6 193 186 84 175 54 37 24 35 96 188 196 156 156 60 114 131 110 9 37 164 242 113 135 211 225 73 1 154 69 149 149 29 101 226 65 165 217 222 190 154 120 56 134 237 217 169 72 54 53 76 65 77 254 190 211 59 133 246 122 115 89 45 63 64 248 53 46 214 231 52 210 213 45 14 26 26 26 26 26 26 26 26 26 26 26 26 26 26 26 26 26 26 26 26 26 26 26 26 
250 250 250 250 250 250 250 250 250 250 250 250 250 250 250 250 143 97 75 80 204 246 119 92 89 206 16 51 6 32 54 193 207 25 234 76 238 132 193 130 4 76 255 181 130 201 1 118 78 135 153 65 128 1 233 217 154 233 204 177 129 237 82 254 40 36 212 85 104 1 147 227 46 196 247 157 80 49 208 130 133 155 85 202 98 173 115 91 231 16 141 89 227 120 13 239 84 231 193 240 72 197 121 220 250 250 250 250 250 250 250 250 250 250 250 250 250 250 250 250 250 250 250 250 250 250 250 250 
74 74 74 74 74 74 74 74 74 74 74 74 74 74 74 74 210 102 112 93 30 245 158 74 141 106 135 73 136 191 117 115 236 186 254 17 162 4 242 147 87 17 207 152 222 35 28 204 64 32 55 102 153 96 250 113 174 69 158 63 113 186 120 29 18 90 34 58 93 139 247 161 226 75 11 146 26 66 211 191 234 89 29 189 91 5 107 97 62 238 209 4 92 185 127 94 228 91 213 171 236 160 174 170 74 74 74 74 74 74 74 74 74 74 74 74 74 74 74 74 74 74 74 74 74 74 74 74 
222 222 222 222 222 222 222 222 222 222 222 222 222 222 222 222 6 68 84 200 33 195 74 83 144 85 41 33 6 211 195 106 82 224 130 55 139 46 194 223 228 231 132 213 11 55 104 89 181 245 137 64 93 255 9 198 41 167 227 9 100 122 214 95 93 215 53 218 191 144 69 112 120 44 82 16 116 56 65 177 140 31 24 129 170 225 224 10 125 54 16 175 112 141 85 159 131 235 192 232 20 201 137 224 222 222 222 222 222 222 222 222 222 222 222 222 222 222 222 222 222 222 222 222 222 222 222 222 
148 148 148 148 148 148 148 148 148 148 148 148 148 148 148 148 148 148 148 148 148 148 148 148 76 122 129 99 70 27 66 205 86 21 193 134 68 139 178 142 109 90 198 69 154 99 85 73 170 161 214 222 204 240 43 236 89 164 156 143 75 145 206 40 143 202 214 57 71 45 125 136 132 55 119 153 216 186 141 83 245 183 157 117 152 194 61 207 170 229 204 82 228 15 10 71 148 148 148 148 148 148 148 148 148 148 148 148 148 148 148 148 148 148 148 148 148 148 148 148 148 148 148 148 148 148 148 148 
239 239 239 239 239 239 239 239 239 239 239 239 239 239 239 239 239 239 239 239 239 239 239 239 248 14 50 163 42 201 135 68 110 255 119 99 250 209 153 159 111 116 199 189 178 202 25 150 52 108 163 233 143 114 95 92 227 128 128 14 7 83 49 144 228 88 36 148 166 221 238 37 252 15 160 195 229 199 133 123 206 4 129 234 98 193 183 244 244 117 176 116 32 42 76 148 239 239 239 239 239 239 239 239 239 239 239 239 239 239 239 239 239 239 239 239 239 239 239 239 239 239 239 239 239 239 239 239 
137 137 137 137 137 137 137 137 137 137 137 137 137 137 137 137 137 137 137 137 137 137 137 137 51 74 18 26 250 217 249 176 222 81 111 232 239 119 38 225 193 23 147 51 60 90 245 218 95 220 167 246 210 93 106 206 139 50 150 134 229 47 136 238 210 139 8 208 1 249 176 245 44 38 181 155 8 217 41 212 117 118 169 43 245 196 107 158 22 254 251 81 168 174 170 107 137 137 137 137 137 137 137 137 137 137 137 137 137 137 137 137 137 137 137 137 137 137 137 137 137 137 137 137 137 137 137 137 
121 121 121 121 121 121 121 121 121 121 121 121 121 121 121 121 121 121 121 121 121 121 121 121 51 126 215 97 30 32 98 114 117 126 252 244 187 67 224 30 2 165 39 96 200 112 70 253 78 8 135 123 234 240 135 137 58 158 167 186 100 241 19 16 61 93 137 237 103 126 1 6 89 58 120 200 14 239 238 29 217 96 101 82 108 159 81 216 117 45 9 37 239 79 106 18 121 121 121 121 121 121 121 121 121 121 121 121 121 121 121 121 121 121 121 121 121 121 121 121 121 121 121 121 121 121 121 121 
96 96 96 96 96 96 96 96 96 96 96 96 96 96 96 96 96 96 96 96 96 96 96 96 244 240 232 118 236 149 174 255 232 125 124 198 187 214 156 31 234 144 85 132 183 156 232 130 107 15 135 15 248 236 148 246 105 206 222 37 8 74 102 118 150 176 193 239 2 217 97 102 118 210 221 230 194 148 221 32 216 13 253 236 201 88 150 165 231 245 35 16 116 208 65 240 96 96 96 96 96 96 96 96 96 96 96 96 96 96 96 96 96 96 96 96 96 96 96 96 96 96 96 96 96 96 96 96 
178 178 178 178 178 178 178 178 178 178 178 178 178 178 178 178 178 178 178 178 178 178 178 178 214 209 128 253 231 251 101 238 212 92 29 78 79 24 218 62 173 68 185 46 101 76 251 99 26 218 185 228 12 254 238 218 84 245 142 28 18 44 56 66 124 138 167 139 50 61 166 168 52 127 116 124 3 238 245 82 29 49 102 195 127 56 186 41 214 170 211 88 64 214 244 174 178 178 178 178 178 178 178 178 178 178 178 178 178 178 178 178 178 178 178 178 178 178 178 178 178 178 178 178 178 178 178 178 
91 91 91 91 91 91 91 91 91 91 91 91 91 91 91 91 91 91 91 91 91 91 91 91 218 114 73 72 41 139 14 224 140 118 253 138 149 234 223 34 34 236 99 109 51 179 38 252 154 203 99 34 148 202 6 226 25 179 176 173 78 65 75 177 40 99 140 64 2 204 104 73 15 253 246 127 60 244 26 136 54 40 180 88 130 200 87 23 168 24 51 79 218 165 177 83 91 91 91 91 91 91 91 91 91 91 91 91 91 91 91 91 91 91 91 91 91 91 91 91 91 91 91 91 91 91 91 91 
1 1 1 1 1 1 1 1 1 1 1 1 1 1 1 1 1 1 1 1 1 1 1 1 7 145 86 158 231 172 205 15 77 10 92 248 210 246 240 235 34 171 72 10 12 51 234 226 157 97 233 102 145 121 71 122 176 159 84 229 140 54 50 190 223 202 155 248 74 30 162 222 208 90 70 118 162 98 42 65 51 130 43 170 176 148 50 8 92 250 248 242 65 118 27 243 1 1 1 1 1 1 1 1 1 1 1 1 1 1 1 1 1 1 1 1 1 1 1 1 1 1 1 1 1 1 1 1 
6 6 6 6 6 6 6 6 6 6 6 6 6 6 6 6 6 6 6 6 6 6 6 6 122 129 131 12 186 143 13 232 207 86 59 70 189 229 89 188 110 6 44 45 235 237 19 110 223 253 72 215 94 164 74 38 131 151 169 185 235 7 170 4 170 126 55 215 219 245 244 158 91 131 226 18 141 81 142 109 209 74 5 94 22 179 28 134 106 88 46 17 249 219 58 245 6 6 6 6 6 6 6 6 6 6 6 6 6 6 6 6 6 6 6 6 6 6 6 6 6 6 6 6 6 6 6 6 
98 98 98 98 98 98 98 98 98 98 98 98 98 98 98 98 98 98 98 98 98 98 98 98 81 155 187 234 248 22 69 169 108 98 225 201 219 122 105 106 34 57 254 239 196 53 131 192 186 223 229 106 3 68 181 224 123 62 99 73 244 135 28 38 114 133 82 250 182 37 229 205 141 143 78 16 114 13 235 237 122 39 183 123 189 78 76 28 210 86 228 152 92 245 155 14 98 98 98 98 98 98 98 98 98 98 98 98 98 98 98 98 98 98 98 98 98 98 98 98 98 98 98 98 98 98 98 98 
219 219 219 219 219 219 219 219 219 219 219 219 219 219 219 219 219 219 219 219 219 219 219 219 199 188 60 150 53 62 37 76 73 45 241 85 200 205 150 27 94 104 131 209 242 70 113 159 15 69 26 195 231 74 27 207 236 43 191 249 116 108 207 225 80 75 81 150 91 64 188 224 234 114 145 68 179 156 21 241 243 76 118 58 17 68 22 242 222 105 190 234 102 5 225 87 219 219 219 219 219 219 219 219 219 219 219 219 219 219 219 219 219 219 219 219 219 219 219 219 219 219 219 219 219 219 219 219 
1 1 1 1 1 1 1 1 1 1 1 1 1 1 1 1 1 1 1 1 1 1 1 1 117 15 58 145 229 143 205 7 30 249 195 164 202 106 126 74 49 112 208 144 246 173 120 141 29 237 201 32 235 164 129 193 72 213 228 243 8 230 221 12 170 55 86 213 255 158 41 8 250 111 94 172 81 253 106 97 180 19 26 30 206 53 250 130 217 6 118 133 222 239 22 66 1 1 1 1 1 1 1 1 1 1 1 1 1 1 1 1 1 1 1 1 1 1 1 1 1 1 1 1 1 1 1 1 
26 26 26 26 26 26 26 26 26 26 26 26 26 26 26 26 26 26 26 26 26 26 26 26 225 109 77 3 80 65 122 7 101 187 32 208 80 195 229 164 171 42 9 216 213 225 49 236 222 110 210 35 253 195 9 27 144 81 74 24 246 109 184 47 255 62 50 53 111 143 128 148 177 238 217 91 253 63 189 79 154 149 224 248 208 239 245 92 61 66 198 73 18 91 152 81 26 26 26 26 26 26 26 26 26 26 26 26 26 26 26 26 26 26 26 26 26 26 26 26 26 26 26 26 26 26 26 26 
250 250 250 250 250 250 250 250 250 250 250 250 250 250 250 250 250 250 250 250 250 250 250 250 194 148 120 81 85 33 39 204 94 203 246 239 69 87 109 150 153 215 95 255 113 51 157 79 16 225 156 120 207 122 114 8 218 13 81 173 153 254 25 31 80 23 139 48 244 11 224 213 1 179 149 14 168 205 4 21 57 225 108 192 171 5 12 243 167 213 18 233 11 249 63 143 250 250 250 250 250 250 250 250 250 250 250 250 250 250 250 250 250 250 250 250 250 250 250 250 250 250 250 250 250 250 250 250 
74 74 74 74 74 74 74 74 74 74 74 74 74 74 74 74 74 74 74 74 74 74 74 74 196 214 13 152 185 233 82 53 91 97 94 211 253 165 226 118 207 12 197 29 79 164 101 80 22 28 80 170 246 29 110 118 14 202 233 166 89 100 4 181 138 153 119 207 163 80 179 235 205 121 214 16 58 132 90 116 214 70 30 61 4 166 186 247 180 217 128 148 182 145 16 35 74 74 74 74 74 74 74 74 74 74 74 74 74 74 74 74 74 74 74 74 74 74 74 74 74 74 74 74 74 74 74 74 
222 222 222 222 222 222 222 222 222 222 222 222 222 222 222 222 222 222 222 222 222 222 222 222 67 153 160 243 114 126 76 191 74 187 129 201 106 227 164 3 190 49 247 9 59 127 96 253 62 9 138 95 141 159 105 123 254 155 224 224 214 208 163 231 246 156 37 123 117 230 96 18 104 41 166 251 230 66 64 104 196 82 90 17 34 211 194 92 80 153 104 126 91 151 17 7 222 222 222 222 222 222 222 222 222 222 222 222 222 222 222 222 222 222 222 222 222 222 222 222 222 222 222 222 222 222 222 222 
