48 204 29 29 48 204 29 29 48 204 29 29 48 204 29 29 48 204 29 29 48 204 29 29 48 204 29 29 48 204 29 29 48 204 29 29 48 204 29 29 48 204 29 29 48 204 29 29 48 204 29 29 48 204 29 29 48 204 29 29 48 204 29 29 112 196 94 173 150 92 197 128 188 177 29 15 108 79 179 241 48 204 29 29 48 204 29 29 48 204 29 29 48 204 29 29 48 204 29 29 48 204 29 29 48 204 29 29 48 204 29 29 48 204 29 29 48 204 29 29 48 204 29 29 48 204 29 29 
40 152 130 203 40 152 130 203 40 152 130 203 40 152 130 203 40 152 130 203 40 152 130 203 40 152 130 203 40 152 130 203 40 152 130 203 40 152 130 203 40 152 130 203 40 152 130 203 40 152 130 203 40 152 130 203 40 152 130 203 40 152 130 203 75 71 105 149 255 37 63 104 141 238 84 236 60 215 133 104 40 152 130 203 40 152 130 203 40 152 130 203 40 152 130 203 40 152 130 203 40 152 130 203 40 152 130 203 40 152 130 203 40 152 130 203 40 152 130 203 40 152 130 203 40 152 130 203 
171 163 28 62 171 163 28 62 171 163 28 62 171 163 28 62 171 163 28 62 171 163 28 62 171 163 28 62 171 163 28 62 171 163 28 62 171 163 28 62 171 163 28 62 171 163 28 62 171 163 28 62 171 163 28 62 171 163 28 62 171 163 28 62 235 120 32 7 139 227 220 168 232 168 43 82 30 183 55 13 171 163 28 62 171 163 28 62 171 163 28 62 171 163 28 62 171 163 28 62 171 163 28 62 171 163 28 62 171 163 28 62 171 163 28 62 171 163 28 62 171 163 28 62 171 163 28 62 
77 205 184 25 77 205 184 25 77 205 184 25 77 205 184 25 77 205 184 25 77 205 184 25 77 205 184 25 77 205 184 25 77 205 184 25 77 205 184 25 77 205 184 25 77 205 184 25 77 205 184 25 77 205 184 25 77 205 184 25 77 205 184 25 184 33 27 153 80 168 112 93 250 215 174 79 218 24 28 26 77 205 184 25 77 205 184 25 77 205 184 25 77 205 184 25 77 205 184 25 77 205 184 25 77 205 184 25 77 205 184 25 77 205 184 25 77 205 184 25 77 205 184 25 77 205 184 25 
48 204 29 29 48 204 29 29 48 204 29 29 48 204 29 29 48 204 29 29 48 204 29 29 48 204 29 29 48 204 29 29 48 204 29 29 48 204 29 29 48 204 29 29 48 204 29 29 48 204 29 29 48 204 29 29 48 204 29 29 48 204 29 29 152 246 88 115 51 136 113 135 163 238 117 202 175 217 72 77 48 204 29 29 48 204 29 29 48 204 29 29 48 204 29 29 48 204 29 29 48 204 29 29 48 204 29 29 48 204 29 29 48 204 29 29 48 204 29 29 48 204 29 29 48 204 29 29 
40 152 130 203 40 152 130 203 40 152 130 203 40 152 130 203 40 152 130 203 40 152 130 203 40 152 130 203 40 152 130 203 40 152 130 203 40 152 130 203 40 152 130 203 40 152 130 203 40 152 130 203 40 152 130 203 40 152 130 203 40 152 130 203 149 97 140 1 255 210 182 69 183 201 99 94 119 65 170 24 40 152 130 203 40 152 130 203 40 152 130 203 40 152 130 203 40 152 130 203 40 152 130 203 40 152 130 203 40 152 130 203 40 152 130 203 40 152 130 203 40 152 130 203 40 152 130 203 
171 163 28 62 171 163 28 62 171 163 28 62 171 163 28 62 171 163 28 62 171 163 28 62 171 163 28 62 171 163 28 62 171 163 28 62 171 163 28 62 171 163 28 62 171 163 28 62 171 163 28 62 171 163 28 62 171 163 28 62 171 163 28 62 251 49 171 145 139 194 114 232 240 52 155 113 192 87 155 166 171 163 28 62 171 163 28 62 171 163 28 62 171 163 28 62 171 163 28 62 171 163 28 62 171 163 28 62 171 163 28 62 171 163 28 62 171 163 28 62 171 163 28 62 171 163 28 62 
77 205 184 25 77 205 184 25 77 205 184 25 77 205 184 25 77 205 184 25 77 205 184 25 77 205 184 25 77 205 184 25 77 205 184 25 77 205 184 25 77 205 184 25 77 205 184 25 77 205 184 25 77 205 184 25 77 205 184 25 77 205 184 25 16 84 43 202 48 71 103 227 228 145 171 90 240 65 103 206 77 205 184 25 77 205 184 25 77 205 184 25 77 205 184 25 77 205 184 25 77 205 184 25 77 205 184 25 77 205 184 25 77 205 184 25 77 205 184 25 77 205 184 25 77 205 184 25 
48 204 29 29 48 204 29 29 48 204 29 29 48 204 29 29 48 204 29 29 48 204 29 29 48 204 29 29 48 204 29 29 48 204 29 29 48 204 29 29 48 204 29 29 48 204 29 29 48 204 29 29 48 204 29 29 85 119 245 255 3 133 89 232 150 197 166 154 54 232 63 144 145 249 209 71 38 171 8 129 206 135 244 159 61 211 36 203 48 204 29 29 48 204 29 29 48 204 29 29 48 204 29 29 48 204 29 29 48 204 29 29 48 204 29 29 48 204 29 29 48 204 29 29 48 204 29 29 
40 152 130 203 40 152 130 203 40 152 130 203 40 152 130 203 40 152 130 203 40 152 130 203 40 152 130 203 40 152 130 203 40 152 130 203 40 152 130 203 40 152 130 203 40 152 130 203 40 152 130 203 40 152 130 203 111 99 50 153 138 241 126 168 139 175 199 254 127 144 122 85 98 151 151 239 125 62 252 68 217 137 187 124 102 200 178 160 40 152 130 203 40 152 130 203 40 152 130 203 40 152 130 203 40 152 130 203 40 152 130 203 40 152 130 203 40 152 130 203 40 152 130 203 40 152 130 203 
171 163 28 62 171 163 28 62 171 163 28 62 171 163 28 62 171 163 28 62 171 163 28 62 171 163 28 62 171 163 28 62 171 163 28 62 171 163 28 62 171 163 28 62 171 163 28 62 171 163 28 62 171 163 28 62 202 98 113 140 94 60 203 250 25 175 75 134 140 215 149 89 218 68 8 232 225 218 220 179 59 176 187 105 81 3 213 29 171 163 28 62 171 163 28 62 171 163 28 62 171 163 28 62 171 163 28 62 171 163 28 62 171 163 28 62 171 163 28 62 171 163 28 62 171 163 28 62 
77 205 184 25 77 205 184 25 77 205 184 25 77 205 184 25 77 205 184 25 77 205 184 25 77 205 184 25 77 205 184 25 77 205 184 25 77 205 184 25 77 205 184 25 77 205 184 25 77 205 184 25 77 205 184 25 1 131 113 79 117 151 55 238 156 129 121 250 69 87 103 33 36 187 214 150 47 192 163 239 1 172 253 45 75 142 134 41 77 205 184 25 77 205 184 25 77 205 184 25 77 205 184 25 77 205 184 25 77 205 184 25 77 205 184 25 77 205 184 25 77 205 184 25 77 205 184 25 
48 204 29 29 48 204 29 29 48 204 29 29 48 204 29 29 48 204 29 29 48 204 29 29 48 204 29 29 48 204 29 29 48 204 29 29 48 204 29 29 48 204 29 29 48 204 29 29 48 204 29 29 48 204 29 29 10 248 22 144 87 233 121 17 93 22 239 219 135 2 121 147 164 231 76 70 217 156 189 158 172 197 200 208 20 199 173 61 48 204 29 29 48 204 29 29 48 204 29 29 48 204 29 29 48 204 29 29 48 204 29 29 48 204 29 29 48 204 29 29 48 204 29 29 48 204 29 29 
40 152 130 203 40 152 130 203 40 152 130 203 40 152 130 203 40 152 130 203 40 152 130 203 40 152 130 203 40 152 130 203 40 152 130 203 40 152 130 203 40 152 130 203 40 152 130 203 40 152 130 203 40 152 130 203 101 151 11 165 151 226 208 53 92 130 48 158 127 60 127 207 91 195 137 240 162 27 231 68 208 222 181 46 147 212 83 178 40 152 130 203 40 152 130 203 40 152 130 203 40 152 130 203 40 152 130 203 40 152 130 203 40 152 130 203 40 152 130 203 40 152 130 203 40 152 130 203 
171 163 28 62 171 163 28 62 171 163 28 62 171 163 28 62 171 163 28 62 171 163 28 62 171 163 28 62 171 163 28 62 171 163 28 62 171 163 28 62 171 163 28 62 171 163 28 62 171 163 28 62 171 163 28 62 214 59 255 93 228 231 229 57 120 114 47 241 146 98 102 244 23 107 112 76 217 51 62 175 140 34 81 50 14 222 206 47 171 163 28 62 171 163 28 62 171 163 28 62 171 163 28 62 171 163 28 62 171 163 28 62 171 163 28 62 171 163 28 62 171 163 28 62 171 163 28 62 
77 205 184 25 77 205 184 25 77 205 184 25 77 205 184 25 77 205 184 25 77 205 184 25 77 205 184 25 77 205 184 25 77 205 184 25 77 205 184 25 77 205 184 25 77 205 184 25 77 205 184 25 77 205 184 25 184 38 78 70 78 60 62 101 178 86 164 116 127 16 138 157 39 207 91 126 82 160 112 140 3 30 63 7 12 147 198 228 77 205 184 25 77 205 184 25 77 205 184 25 77 205 184 25 77 205 184 25 77 205 184 25 77 205 184 25 77 205 184 25 77 205 184 25 77 205 184 25 
48 204 29 29 48 204 29 29 48 204 29 29 48 204 29 29 48 204 29 29 48 204 29 29 48 204 29 29 48 204 29 29 48 204 29 29 48 204 29 29 48 204 29 29 48 204 29 29 227 160 110 48 237 70 123 62 205 172 181 96 42 90 151 54 108 44 65 41 25 136 49 157 239 67 170 239 55 49 30 203 80 215 243 168 153 31 195 102 48 204 29 29 48 204 29 29 48 204 29 29 48 204 29 29 48 204 29 29 48 204 29 29 48 204 29 29 48 204 29 29 48 204 29 29 48 204 29 29 
40 152 130 203 40 152 130 203 40 152 130 203 40 152 130 203 40 152 130 203 40 152 130 203 40 152 130 203 40 152 130 203 40 152 130 203 40 152 130 203 40 152 130 203 40 152 130 203 28 198 138 201 152 212 203 190 192 93 8 217 17 75 78 174 22 197 15 74 177 41 245 102 150 199 159 231 252 165 108 115 237 10 12 136 22 132 212 92 40 152 130 203 40 152 130 203 40 152 130 203 40 152 130 203 40 152 130 203 40 152 130 203 40 152 130 203 40 152 130 203 40 152 130 203 40 152 130 203 
171 163 28 62 171 163 28 62 171 163 28 62 171 163 28 62 171 163 28 62 171 163 28 62 171 163 28 62 171 163 28 62 171 163 28 62 171 163 28 62 171 163 28 62 171 163 28 62 153 114 164 110 115 76 230 182 128 2 170 99 67 71 176 188 53 230 107 254 155 230 107 160 91 66 191 241 227 22 4 181 98 128 54 247 189 214 200 219 171 163 28 62 171 163 28 62 171 163 28 62 171 163 28 62 171 163 28 62 171 163 28 62 171 163 28 62 171 163 28 62 171 163 28 62 171 163 28 62 
77 205 184 25 77 205 184 25 77 205 184 25 77 205 184 25 77 205 184 25 77 205 184 25 77 205 184 25 77 205 184 25 77 205 184 25 77 205 184 25 77 205 184 25 77 205 184 25 141 55 43 67 34 251 252 116 58 31 136 205 201 50 196 86 209 75 246 159 142 133 106 248 16 65 89 94 0 50 152 255 231 212 162 28 67 90 202 168 77 205 184 25 77 205 184 25 77 205 184 25 77 205 184 25 77 205 184 25 77 205 184 25 77 205 184 25 77 205 184 25 77 205 184 25 77 205 184 25 
48 204 29 29 48 204 29 29 48 204 29 29 48 204 29 29 48 204 29 29 48 204 29 29 48 204 29 29 48 204 29 29 48 204 29 29 48 204 29 29 48 204 29 29 48 204 29 29 161 129 250 252 76 96 173 135 30 180 24 75 106 33 25 169 210 60 108 24 96 121 122 148 231 233 166 137 139 146 237 164 12 191 221 97 37 172 170 164 89 210 214 19 89 210 214 19 48 204 29 29 48 204 29 29 48 204 29 29 48 204 29 29 48 204 29 29 48 204 29 29 48 204 29 29 48 204 29 29 
40 152 130 203 40 152 130 203 40 152 130 203 40 152 130 203 40 152 130 203 40 152 130 203 40 152 130 203 40 152 130 203 40 152 130 203 40 152 130 203 40 152 130 203 40 152 130 203 131 181 13 84 76 54 169 192 52 228 75 79 227 29 40 111 180 226 2 22 134 123 63 81 15 216 197 227 167 204 41 205 32 62 123 166 108 179 113 123 135 162 133 39 135 162 133 39 40 152 130 203 40 152 130 203 40 152 130 203 40 152 130 203 40 152 130 203 40 152 130 203 40 152 130 203 40 152 130 203 
171 163 28 62 171 163 28 62 171 163 28 62 171 163 28 62 171 163 28 62 171 163 28 62 171 163 28 62 171 163 28 62 171 163 28 62 171 163 28 62 171 163 28 62 171 163 28 62 234 157 125 83 23 63 157 247 209 151 183 225 136 193 191 108 125 155 14 245 165 71 176 189 165 168 176 182 103 173 250 44 8 47 182 7 103 195 125 236 17 204 20 133 17 204 20 133 171 163 28 62 171 163 28 62 171 163 28 62 171 163 28 62 171 163 28 62 171 163 28 62 171 163 28 62 171 163 28 62 
77 205 184 25 77 205 184 25 77 205 184 25 77 205 184 25 77 205 184 25 77 205 184 25 77 205 184 25 77 205 184 25 77 205 184 25 77 205 184 25 77 205 184 25 77 205 184 25 75 175 119 101 205 195 132 75 243 3 151 136 48 210 81 29 255 198 33 106 191 10 146 16 95 17 81 134 213 90 205 138 72 89 25 81 189 237 217 227 241 204 169 251 241 204 169 251 77 205 184 25 77 205 184 25 77 205 184 25 77 205 184 25 77 205 184 25 77 205 184 25 77 205 184 25 77 205 184 25 
48 204 29 29 48 204 29 29 48 204 29 29 48 204 29 29 48 204 29 29 48 204 29 29 48 204 29 29 48 204 29 29 48 204 29 29 48 204 29 29 48 204 29 29 48 204 29 29 97 169 170 255 109 144 116 2 65 103 175 151 3 139 36 21 179 213 160 186 144 13 34 222 7 179 155 15 191 154 171 76 79 102 10 95 85 5 109 56 255 212 6 164 61 237 86 129 96 22 214 47 53 46 170 120 48 204 29 29 48 204 29 29 48 204 29 29 48 204 29 29 48 204 29 29 48 204 29 29 
40 152 130 203 40 152 130 203 40 152 130 203 40 152 130 203 40 152 130 203 40 152 130 203 40 152 130 203 40 152 130 203 40 152 130 203 40 152 130 203 40 152 130 203 40 152 130 203 153 159 9 57 76 211 26 62 38 35 54 204 56 208 89 215 38 172 232 36 235 123 153 202 58 189 183 175 86 8 198 107 92 28 53 173 111 108 27 206 136 250 128 50 73 211 104 20 62 60 58 29 54 27 239 101 40 152 130 203 40 152 130 203 40 152 130 203 40 152 130 203 40 152 130 203 40 152 130 203 
171 163 28 62 171 163 28 62 171 163 28 62 171 163 28 62 171 163 28 62 171 163 28 62 171 163 28 62 171 163 28 62 171 163 28 62 171 163 28 62 171 163 28 62 171 163 28 62 216 24 98 176 37 41 186 192 12 161 168 28 38 212 177 161 241 174 84 79 91 222 95 16 168 180 139 67 242 91 75 71 225 180 242 97 99 179 158 41 72 86 129 4 227 229 65 55 2 146 65 88 126 23 102 20 171 163 28 62 171 163 28 62 171 163 28 62 171 163 28 62 171 163 28 62 171 163 28 62 
77 205 184 25 77 205 184 25 77 205 184 25 77 205 184 25 77 205 184 25 77 205 184 25 77 205 184 25 77 205 184 25 77 205 184 25 77 205 184 25 77 205 184 25 77 205 184 25 194 237 244 124 126 25 74 39 180 247 118 124 1 151 138 184 249 199 150 71 165 230 30 114 219 146 16 113 42 198 48 0 105 219 133 170 57 235 50 86 60 41 216 141 97 158 239 157 175 158 130 91 62 228 148 64 77 205 184 25 77 205 184 25 77 205 184 25 77 205 184 25 77 205 184 25 77 205 184 25 
48 204 29 29 48 204 29 29 48 204 29 29 48 204 29 29 48 204 29 29 48 204 29 29 48 204 29 29 48 204 29 29 48 204 29 29 48 204 29 29 48 204 29 29 48 204 29 29 227 217 43 2 224 247 223 53 145 205 95 146 207 104 69 39 214 203 46 101 83 33 65 76 215 136 132 10 176 126 10 161 147 97 247 53 26 172 215 201 141 125 222 228 87 247 243 173 195 107 194 6 33 65 0 5 48 204 29 29 48 204 29 29 48 204 29 29 48 204 29 29 48 204 29 29 48 204 29 29 
40 152 130 203 40 152 130 203 40 152 130 203 40 152 130 203 40 152 130 203 40 152 130 203 40 152 130 203 40 152 130 203 40 152 130 203 40 152 130 203 40 152 130 203 40 152 130 203 6 6 103 6 214 149 73 227 210 41 69 209 102 215 180 165 250 254 150 81 242 224 249 176 12 76 215 223 209 163 21 125 177 238 195 41 250 94 28 204 65 41 134 8 77 155 104 109 50 10 136 241 105 250 206 85 40 152 130 203 40 152 130 203 40 152 130 203 40 152 130 203 40 152 130 203 40 152 130 203 
171 163 28 62 171 163 28 62 171 163 28 62 171 163 28 62 171 163 28 62 171 163 28 62 171 163 28 62 171 163 28 62 171 163 28 62 171 163 28 62 171 163 28 62 171 163 28 62 247 24 178 239 138 187 250 41 128 135 243 63 49 59 9 223 193 176 185 132 125 37 101 118 103 205 75 103 78 66 174 123 211 192 58 137 168 250 200 191 105 66 152 90 95 86 248 18 31 134 51 60 1 138 175 247 171 163 28 62 171 163 28 62 171 163 28 62 171 163 28 62 171 163 28 62 171 163 28 62 
77 205 184 25 77 205 184 25 77 205 184 25 77 205 184 25 77 205 184 25 77 205 184 25 77 205 184 25 77 205 184 25 77 205 184 25 77 205 184 25 77 205 184 25 77 205 184 25 130 67 161 86 88 15 213 83 234 71 199 43 199 47 59 48 166 130 81 162 31 175 166 93 116 1 132 139 33 42 9 202 201 134 2 9 0 255 194 7 17 157 5 171 189 170 53 203 54 175 122 131 188 242 61 218 77 205 184 25 77 205 184 25 77 205 184 25 77 205 184 25 77 205 184 25 77 205 184 25 
48 204 29 29 48 204 29 29 48 204 29 29 48 204 29 29 22 180 67 3 195 252 117 197 49 134 84 237 162 206 17 20 47 79 126 153 48 204 29 29 147 69 158 186 164 50 45 133 8 255 64 164 118 38 6 224 191 195 55 210 217 16 219 110 49 33 117 213 148 247 161 114 216 15 53 49 145 250 168 252 188 23 222 88 163 131 232 2 145 115 92 242 194 149 22 124 53 158 206 102 4 47 250 5 154 182 184 57 108 155 166 157 48 204 29 29 48 204 29 29 48 204 29 29 48 204 29 29 
40 152 130 203 40 152 130 203 40 152 130 203 40 152 130 203 203 207 114 94 118 32 15 23 181 70 201 110 184 16 225 195 158 125 253 217 40 152 130 203 169 113 124 192 12 241 134 70 53 30 239 68 168 134 143 220 138 12 153 28 3 250 243 155 14 78 88 202 255 79 62 202 191 57 78 109 242 182 128 169 81 103 189 85 240 14 56 181 58 82 28 103 79 94 48 99 163 137 20 33 74 237 61 92 18 189 64 57 82 248 228 43 40 152 130 203 40 152 130 203 40 152 130 203 40 152 130 203 
171 163 28 62 171 163 28 62 171 163 28 62 171 163 28 62 25 131 184 38 148 78 58 231 15 113 214 12 61 236 135 82 183 16 11 135 171 163 28 62 81 6 133 70 230 62 58 156 206 122 168 7 24 174 58 72 88 165 45 181 240 190 1 108 139 124 191 91 139 192 56 60 57 57 87 119 115 226 148 95 13 45 124 145 52 119 134 252 73 243 144 79 167 160 150 161 30 87 158 6 74 172 212 246 201 172 30 159 162 188 233 180 171 163 28 62 171 163 28 62 171 163 28 62 171 163 28 62 
77 205 184 25 77 205 184 25 77 205 184 25 77 205 184 25 83 41 172 134 126 57 131 178 33 117 90 223 106 15 15 211 114 192 204 151 77 205 184 25 6 117 237 187 213 164 6 176 237 106 126 11 96 124 178 19 189 92 90 57 79 98 55 138 184 105 21 66 2 172 8 37 247 35 222 149 52 233 213 40 227 112 39 228 7 242 6 220 205 120 43 179 45 168 176 212 8 147 179 99 137 242 153 30 132 99 126 192 87 174 10 1 77 205 184 25 77 205 184 25 77 205 184 25 77 205 184 25 
48 204 29 29 48 204 29 29 48 204 29 29 48 204 29 29 210 117 127 213 138 246 174 251 115 226 248 151 181 121 156 192 241 181 182 63 36 109 132 96 148 150 177 123 163 32 252 96 11 178 202 166 195 105 226 253 224 27 163 87 168 237 224 167 78 20 31 8 174 233 51 88 177 189 224 236 34 237 213 187 52 186 169 202 162 25 127 160 43 30 0 76 137 84 230 235 110 3 226 6 252 12 111 127 157 84 74 151 64 196 67 136 48 204 29 29 48 204 29 29 48 204 29 29 48 204 29 29 
40 152 130 203 40 152 130 203 40 152 130 203 40 152 130 203 160 110 89 147 223 153 241 134 2 114 160 235 90 12 151 151 85 53 18 19 50 110 247 231 48 145 189 9 134 94 111 0 255 203 186 147 219 224 229 249 67 122 86 151 220 228 138 220 127 240 63 56 22 64 65 76 207 84 223 124 3 162 194 26 97 2 52 185 70 148 76 223 215 149 2 5 98 167 79 110 59 104 162 21 165 54 99 74 165 173 90 243 21 27 253 89 40 152 130 203 40 152 130 203 40 152 130 203 40 152 130 203 
171 163 28 62 171 163 28 62 171 163 28 62 171 163 28 62 77 176 0 235 247 252 128 49 177 57 15 84 162 151 165 244 159 217 68 84 19 143 159 27 72 224 213 55 52 152 239 106 26 184 246 221 90 82 100 142 207 244 31 227 182 249 9 171 8 44 172 152 159 18 123 184 163 150 107 232 233 183 177 213 143 213 255 177 95 13 95 70 212 114 140 45 219 149 183 249 175 204 38 158 213 218 239 2 206 152 177 79 38 168 95 109 171 163 28 62 171 163 28 62 171 163 28 62 171 163 28 62 
77 205 184 25 77 205 184 25 77 205 184 25 77 205 184 25 31 132 55 37 219 131 159 229 244 100 239 107 244 124 15 32 72 38 95 232 206 145 187 203 39 49 173 86 42 253 248 127 182 68 174 244 72 2 175 240 10 9 153 42 53 89 1 107 205 114 108 163 131 191 247 32 189 214 189 80 21 83 246 29 183 107 133 47 198 234 208 183 151 60 104 24 18 169 22 16 223 151 171 53 11 160 2 116 138 196 136 125 64 101 146 171 77 205 184 25 77 205 184 25 77 205 184 25 77 205 184 25 
48 204 29 29 48 204 29 29 48 204 29 29 48 204 29 29 9 243 222 83 248 217 96 68 90 19 43 158 47 234 73 54 118 244 128 109 18 251 3 233 95 169 177 126 2 19 224 54 150 105 199 205 251 56 67 51 1 239 139 132 190 69 60 47 196 98 75 31 91 27 151 69 252 232 141 186 107 97 166 87 78 198 178 201 14 149 75 0 22 239 19 67 135 66 202 29 91 158 171 58 160 64 193 226 119 116 40 82 200 20 226 44 48 204 29 29 48 204 29 29 48 204 29 29 48 204 29 29 
40 152 130 203 40 152 130 203 40 152 130 203 40 152 130 203 13 82 72 236 122 177 201 238 98 220 113 86 210 90 141 100 223 200 79 35 35 102 127 68 9 31 170 41 22 22 12 32 0 146 239 153 45 16 88 244 154 119 208 104 219 86 226 67 186 189 228 200 140 105 194 217 24 206 180 243 194 44 99 99 113 111 233 168 102 221 208 221 6 29 121 139 82 47 58 246 248 219 202 203 157 195 129 223 41 159 184 9 88 42 239 109 40 152 130 203 40 152 130 203 40 152 130 203 40 152 130 203 
171 163 28 62 171 163 28 62 171 163 28 62 171 163 28 62 16 55 175 24 109 91 46 183 225 122 142 2 168 226 25 20 240 76 25 65 127 57 75 131 177 134 31 243 88 13 157 29 203 24 193 22 246 255 253 174 35 180 29 93 194 175 119 4 5 163 86 185 11 201 134 44 181 95 242 131 36 35 171 43 162 250 11 186 187 140 94 199 37 194 175 131 147 95 79 186 223 118 242 66 245 105 201 62 114 76 64 26 181 9 95 165 171 163 28 62 171 163 28 62 171 163 28 62 171 163 28 62 
77 205 184 25 77 205 184 25 77 205 184 25 77 205 184 25 56 62 240 140 236 165 115 60 127 118 243 232 96 87 66 239 181 254 136 103 117 193 49 214 12 19 99 70 11 104 12 225 226 69 187 250 21 74 196 59 108 202 138 222 42 231 244 214 0 228 15 58 19 86 59 112 54 166 3 176 238 91 69 220 176 187 227 233 140 192 113 1 171 66 185 177 211 128 249 151 180 168 148 26 167 221 150 237 178 74 72 145 249 0 133 173 77 205 184 25 77 205 184 25 77 205 184 25 77 205 184 25 
48 204 29 29 48 204 29 29 48 204 29 29 48 204 29 29 103 227 63 132 162 177 7 62 47 110 192 230 181 131 166 157 182 159 141 203 208 64 230 107 248 34 233 39 124 249 233 243 56 98 143 254 210 206 173 3 146 153 132 247 177 163 102 215 160 154 81 232 109 71 209 185 146 231 209 159 14 207 88 41 13 143 9 32 20 180 190 118 232 205 113 255 19 179 190 194 152 212 59 102 213 74 11 235 232 235 16 202 210 206 196 153 48 204 29 29 48 204 29 29 48 204 29 29 48 204 29 29 
40 152 130 203 40 152 130 203 40 152 130 203 40 152 130 203 23 63 154 24 185 148 220 180 171 59 252 62 83 84 128 236 57 235 111 81 233 221 178 37 94 135 202 174 45 160 89 59 80 98 58 46 116 48 137 127 216 99 29 65 96 240 31 70 2 187 31 25 130 146 125 215 235 202 30 17 129 25 31 126 113 71 210 147 252 0 71 16 198 62 114 114 159 23 75 251 137 243 87 226 158 20 72 13 83 145 224 243 5 85 188 126 40 152 130 203 40 152 130 203 40 152 130 203 40 152 130 203 
171 163 28 62 171 163 28 62 171 163 28 62 171 163 28 62 78 190 12 2 198 51 124 225 101 194 129 201 160 175 239 118 182 92 3 1 202 232 5 79 67 162 208 11 107 24 233 147 214 252 115 89 191 200 195 177 177 180 142 157 232 206 69 224 38 163 164 35 38 11 225 172 42 181 64 7 85 21 40 159 81 151 29 87 94 72 235 161 239 37 131 32 24 223 160 114 141 241 53 162 48 167 49 72 251 224 34 200 69 167 54 214 171 163 28 62 171 163 28 62 171 163 28 62 171 163 28 62 
77 205 184 25 77 205 184 25 77 205 184 25 77 205 184 25 194 9 213 215 0 169 229 186 0 137 136 11 147 170 40 167 152 78 25 168 49 92 251 15 170 134 95 160 70 4 134 222 155 199 243 27 247 108 143 214 153 7 136 36 64 136 131 13 108 178 97 67 148 146 35 158 71 87 134 236 128 195 244 79 138 112 184 157 177 222 101 119 102 225 169 246 248 73 216 28 12 38 90 19 245 226 114 150 246 129 219 5 34 63 176 49 77 205 184 25 77 205 184 25 77 205 184 25 77 205 184 25 
48 204 29 29 48 204 29 29 155 14 56 208 189 27 47 107 248 238 14 122 178 50 220 235 40 179 35 202 147 237 250 153 178 167 231 161 124 155 175 152 65 66 212 235 24 126 88 131 151 27 71 52 111 90 111 110 67 92 168 6 242 218 225 248 7 247 255 40 9 110 218 49 60 39 75 28 237 111 202 152 176 163 73 126 171 119 220 217 29 10 215 234 161 23 95 247 236 100 10 222 27 239 125 207 223 133 69 241 33 63 220 152 48 204 29 29 48 204 29 29 48 204 29 29 48 204 29 29 
40 152 130 203 40 152 130 203 16 96 3 205 247 130 127 98 218 109 211 48 186 143 186 74 171 179 66 183 71 184 195 55 18 124 195 188 27 210 40 179 34 29 74 244 80 196 69 109 188 170 249 5 200 104 27 39 0 56 251 73 69 12 253 112 78 25 120 32 104 224 153 24 237 38 201 86 81 136 54 36 115 19 102 230 108 212 135 32 9 18 37 254 239 178 231 84 208 207 147 37 224 141 160 62 180 137 50 51 17 155 203 152 40 152 130 203 40 152 130 203 40 152 130 203 40 152 130 203 
171 163 28 62 171 163 28 62 125 39 252 164 72 224 218 45 239 70 251 82 103 207 8 107 251 218 44 96 194 164 150 213 250 226 243 86 234 87 74 252 254 40 5 167 65 112 152 143 136 104 206 40 83 129 252 57 56 39 210 60 11 38 10 236 99 253 53 237 238 147 57 83 28 10 60 108 109 250 208 50 196 133 184 16 61 135 214 124 121 208 184 35 70 255 214 248 171 214 16 35 75 41 106 155 154 9 145 232 41 94 76 196 171 163 28 62 171 163 28 62 171 163 28 62 171 163 28 62 
77 205 184 25 77 205 184 25 191 51 48 171 213 178 79 210 213 106 110 228 173 135 35 89 213 161 167 233 196 137 115 211 44 222 194 122 232 217 111 206 78 111 43 223 11 196 144 125 48 200 129 143 244 237 209 143 55 157 101 3 85 24 17 18 170 170 41 2 29 239 102 100 112 233 122 9 227 193 208 93 160 29 197 169 116 130 28 161 51 19 126 17 174 176 70 111 89 15 131 178 39 225 60 160 202 136 148 93 222 203 52 13 77 205 184 25 77 205 184 25 77 205 184 25 77 205 184 25 
48 204 29 29 48 204 29 29 112 97 60 171 133 141 100 85 211 173 116 12 109 69 25 211 170 75 243 155 239 130 109 225 232 25 67 82 112 115 155 205 5 127 225 65 155 80 149 29 77 232 62 231 73 48 33 148 222 224 78 155 205 101 80 83 115 109 46 56 36 238 176 122 108 90 168 19 66 45 34 92 170 215 3 137 73 117 68 227 77 100 64 141 74 83 59 62 237 157 87 243 3 10 212 2 246 96 140 24 86 65 244 160 48 204 29 29 48 204 29 29 48 204 29 29 48 204 29 29 
40 152 130 203 40 152 130 203 206 120 163 227 77 155 152 18 90 31 115 24 156 148 0 8 154 87 177 189 196 228 157 178 86 29 254 50 120 242 254 243 102 189 190 88 0 12 62 241 161 54 252 33 102 107 69 105 194 240 86 194 108 70 103 22 148 67 3 125 218 240 76 52 129 136 133 142 96 165 150 80 48 12 218 103 23 73 132 50 197 58 218 198 199 7 192 194 97 94 119 244 7 119 99 107 7 225 80 187 198 7 23 239 40 152 130 203 40 152 130 203 40 152 130 203 40 152 130 203 
171 163 28 62 171 163 28 62 149 156 106 219 1 43 159 42 160 80 177 39 2 192 105 211 174 13 98 190 47 15 122 141 159 85 40 36 249 172 220 155 164 35 112 223 191 130 60 254 110 170 211 63 64 248 149 50 242 179 233 173 241 250 218 196 137 6 152 78 119 20 68 121 101 7 191 177 6 187 250 202 194 174 17 211 66 57 106 166 123 252 1 145 213 248 206 26 116 98 44 133 208 1 239 160 42 66 69 125 63 140 223 1 171 163 28 62 171 163 28 62 171 163 28 62 171 163 28 62 
77 205 184 25 77 205 184 25 24 89 214 85 94 46 146 12 4 42 160 189 83 62 146 234 104 107 137 179 170 70 51 82 5 207 78 0 5 162 96 233 230 241 243 220 194 158 40 126 17 196 192 251 76 201 60 76 39 72 82 92 218 179 115 128 254 21 173 130 115 14 215 97 47 180 115 54 18 138 49 225 56 242 98 171 144 142 226 184 166 65 158 17 56 110 190 168 12 16 136 6 194 190 110 35 85 183 228 140 163 194 61 81 77 205 184 25 77 205 184 25 77 205 184 25 77 205 184 25 
48 204 29 29 48 204 29 29 154 116 101 232 143 222 222 55 6 203 221 200 27 60 229 132 52 117 184 35 10 88 246 228 45 64 1 22 139 168 66 2 227 46 152 206 55 125 207 140 135 79 115 111 165 57 145 169 54 52 127 154 173 103 244 82 34 56 37 10 3 73 92 204 10 44 113 129 33 55 8 236 227 151 91 78 120 234 255 47 166 105 219 211 146 132 225 252 100 244 223 8 176 255 156 235 203 49 242 2 200 190 239 29 48 204 29 29 48 204 29 29 48 204 29 29 48 204 29 29 
40 152 130 203 40 152 130 203 206 163 12 3 166 109 235 10 98 163 110 95 4 156 112 118 161 175 154 136 4 58 118 91 136 221 35 143 63 44 194 141 63 109 51 136 171 34 85 27 101 203 98 150 107 87 15 97 161 116 163 224 49 195 229 23 135 238 23 103 130 219 126 139 250 240 3 39 30 9 165 144 42 59 237 169 84 83 123 170 133 156 92 20 115 248 158 239 87 212 101 160 158 92 92 99 58 216 64 153 251 242 111 102 40 152 130 203 40 152 130 203 40 152 130 203 40 152 130 203 
171 163 28 62 171 163 28 62 250 228 216 248 189 203 204 23 207 145 3 131 68 21 210 252 107 206 139 26 12 217 93 32 9 137 216 168 85 183 27 241 73 214 19 196 5 219 88 220 195 113 217 134 77 18 167 81 252 125 95 130 131 82 124 216 70 174 66 74 172 61 21 193 103 47 131 7 193 75 36 15 78 126 46 143 38 74 250 46 105 210 221 64 152 48 6 106 71 66 64 124 220 131 220 71 216 163 54 250 161 48 246 0 171 163 28 62 171 163 28 62 171 163 28 62 171 163 28 62 
77 205 184 25 77 205 184 25 123 86 170 43 178 92 132 7 196 109 184 216 43 45 93 19 105 190 100 204 132 232 106 209 117 76 108 122 243 202 155 161 169 78 202 229 198 103 159 133 134 93 45 56 212 59 116 170 241 108 29 54 247 53 214 75 171 186 174 183 237 39 66 235 107 214 205 18 211 14 63 12 65 69 172 195 214 99 180 123 25 1 119 224 233 193 178 148 121 234 170 161 154 233 169 185 77 199 42 186 237 186 18 6 77 205 184 25 77 205 184 25 77 205 184 25 77 205 184 25 
48 204 29 29 48 204 29 29 122 107 154 146 235 120 250 154 82 96 149 80 165 168 84 79 23 232 123 71 140 102 229 243 22 117 86 116 134 249 66 183 96 78 215 79 12 117 56 18 223 142 196 96 156 245 17 3 87 102 154 158 75 34 220 53 135 245 189 72 222 11 189 91 89 132 73 150 190 48 41 11 169 56 107 176 7 85 132 5 234 231 94 168 202 74 162 27 44 70 194 41 122 139 38 50 87 248 99 82 169 218 189 88 48 204 29 29 48 204 29 29 48 204 29 29 48 204 29 29 
40 152 130 203 40 152 130 203 123 155 72 125 152 247 243 102 184 73 126 189 19 11 42 219 6 13 95 8 95 65 105 47 37 75 58 122 223 62 55 122 70 69 195 20 169 234 52 207 159 76 238 3 232 147 166 234 29 234 74 152 236 105 106 205 232 127 123 235 157 85 45 250 215 219 151 142 125 21 214 100 230 58 254 116 85 76 104 9 126 9 205 149 210 179 52 135 246 105 12 199 9 120 243 46 145 118 211 180 226 27 32 100 40 152 130 203 40 152 130 203 40 152 130 203 40 152 130 203 
171 163 28 62 171 163 28 62 150 144 74 234 251 100 35 101 147 1 155 45 240 7 50 230 48 57 9 207 74 91 2 107 184 145 26 145 39 80 13 173 36 21 106 55 79 32 165 158 229 207 138 195 21 43 238 33 49 218 53 33 170 189 102 66 129 89 14 96 56 64 24 213 31 248 222 66 46 87 111 107 208 219 9 9 79 80 252 199 254 130 122 62 87 1 136 9 18 154 6 234 57 174 87 4 136 2 218 73 248 61 181 53 171 163 28 62 171 163 28 62 171 163 28 62 171 163 28 62 
77 205 184 25 77 205 184 25 28 140 108 47 171 221 230 70 132 29 246 160 255 109 218 50 147 248 154 218 16 212 250 35 203 87 152 53 231 217 219 114 233 241 194 233 255 92 121 15 102 124 26 2 255 35 22 154 39 185 5 166 141 158 91 31 132 9 63 23 164 192 185 197 134 235 239 18 79 243 27 204 195 12 60 178 32 171 38 30 65 231 202 63 58 19 150 162 54 101 47 96 4 123 156 36 254 5 138 225 165 120 195 237 77 205 184 25 77 205 184 25 77 205 184 25 77 205 184 25 
48 204 29 29 48 204 29 29 47 168 147 151 128 130 16 11 140 219 17 237 102 91 49 67 138 160 36 31 181 109 149 140 244 103 32 168 82 206 213 168 58 247 37 86 240 139 224 49 255 121 135 2 137 143 75 164 54 38 70 39 210 225 144 135 134 170 53 124 79 106 170 55 185 247 50 167 38 34 180 208 82 249 143 155 190 117 190 113 251 161 142 59 25 204 158 248 101 60 147 162 255 240 214 215 68 214 235 132 104 186 195 1 193 71 42 31 19 220 26 154 42 127 189 248 148 90 116 39 
40 152 130 203 40 152 130 203 243 37 254 218 112 141 34 251 216 70 187 139 94 126 77 3 13 128 30 1 96 199 141 14 15 99 11 105 73 227 221 67 41 252 12 44 27 56 186 141 74 239 100 185 1 148 116 112 73 221 123 71 187 232 63 57 231 142 239 211 22 124 196 91 116 172 7 191 193 56 63 76 30 38 153 86 80 150 250 107 211 54 172 229 52 101 240 213 68 249 165 41 10 193 94 254 69 117 10 100 42 33 191 253 183 248 6 246 213 142 52 144 132 130 86 115 200 71 229 121 
171 163 28 62 171 163 28 62 72 78 116 117 190 236 214 88 194 105 109 66 5 43 197 216 22 24 132 243 16 166 238 153 22 238 219 224 236 144 155 228 130 207 234 74 94 84 2 190 24 88 222 92 37 146 72 54 49 142 0 39 128 23 5 222 22 160 172 107 223 237 241 217 54 208 103 249 50 173 127 20 105 85 167 113 166 7 156 127 70 121 110 118 70 244 49 127 81 32 246 45 186 8 3 17 189 243 109 219 199 36 75 245 166 108 143 166 216 195 41 141 86 44 203 156 150 184 119 185 
77 205 184 25 77 205 184 25 65 199 191 7 204 206 243 138 202 207 107 231 9 199 177 80 147 76 206 173 84 39 87 56 237 183 160 204 116 197 104 20 210 98 110 115 20 126 12 219 93 9 63 82 12 224 100 211 147 80 80 183 171 235 85 241 170 39 185 237 231 14 194 227 249 70 135 133 16 103 178 50 241 110 114 184 124 184 204 171 3 55 222 16 253 203 162 236 200 204 152 81 162 35 222 245 254 153 207 36 150 252 59 123 118 36 191 164 138 179 2 154 142 226 188 3 32 197 218 42 
48 204 29 29 48 204 29 29 54 252 25 203 57 150 190 144 228 228 251 155 41 116 90 160 123 146 80 164 84 157 156 245 51 57 92 119 107 135 120 13 239 190 69 99 36 143 81 95 104 168 185 137 152 29 224 188 162 146 56 196 210 28 116 55 62 2 72 236 141 242 161 240 103 126 151 95 9 146 43 67 87 47 108 150 47 195 173 111 73 91 68 97 143 104 116 37 157 0 48 169 114 203 76 131 191 19 201 66 215 64 141 138 204 208 254 76 108 251 247 212 212 14 13 26 148 90 116 39 
40 152 130 203 40 152 130 203 107 249 24 106 216 10 134 234 127 1 161 221 136 8 166 98 112 249 193 213 183 145 59 8 69 212 108 140 186 133 191 11 175 188 77 134 172 24 239 92 229 196 191 36 226 73 33 102 161 151 120 199 233 80 46 152 214 126 186 1 163 27 1 58 57 137 52 72 67 66 117 212 28 139 139 196 109 39 235 139 70 255 79 165 138 36 249 144 147 216 213 228 54 193 219 79 118 103 195 253 39 152 25 111 34 245 16 112 144 68 32 163 103 179 175 191 200 71 229 121 
171 163 28 62 171 163 28 62 94 213 211 15 60 167 137 108 76 133 85 120 6 60 153 87 200 12 33 181 147 65 8 7 152 89 170 132 20 137 183 85 208 192 180 88 39 63 24 16 191 10 70 10 214 86 168 138 254 250 12 16 142 56 59 99 214 139 157 130 39 196 244 250 112 202 194 18 177 226 143 177 100 94 247 35 239 24 231 174 41 210 152 139 13 90 132 11 164 14 236 179 67 124 161 171 215 64 113 159 231 30 31 164 65 135 183 223 62 105 148 75 246 14 186 87 150 184 119 185 
77 205 184 25 77 205 184 25 132 8 76 75 54 57 170 100 245 65 2 140 153 129 116 3 105 228 247 43 160 161 129 117 174 196 65 80 129 87 110 38 147 120 146 12 52 151 60 5 187 127 74 127 8 180 67 198 55 102 120 26 100 97 45 71 76 153 170 214 131 153 78 124 130 173 42 224 47 183 4 237 90 157 29 123 229 163 173 95 71 52 2 129 112 60 208 111 137 124 190 120 176 18 41 101 138 131 92 71 89 36 129 181 80 17 7 109 62 227 149 8 233 20 164 142 32 197 218 42 
48 204 29 29 48 204 29 29 48 204 29 29 48 204 29 29 48 204 29 29 48 204 29 29 48 204 29 29 48 204 29 29 46 136 60 88 60 195 226 178 23 16 25 129 88 166 229 44 252 201 98 68 81 188 102 73 27 133 169 83 63 180 244 67 150 189 139 240 175 230 120 130 48 204 29 29 48 204 29 29 48 204 29 29 48 204 29 29 48 204 29 29 48 204 29 29 232 15 42 13 220 149 130 170 128 196 165 62 123 24 71 30 210 188 171 109 71 72 238 205 212 14 13 26 148 90 116 39 
40 152 130 203 40 152 130 203 40 152 130 203 40 152 130 203 40 152 130 203 40 152 130 203 40 152 130 203 40 152 130 203 78 216 128 255 33 121 6 61 31 130 225 78 10 134 26 237 164 42 207 56 102 242 135 65 163 199 102 178 42 95 92 182 137 127 192 65 177 65 175 232 40 152 130 203 40 152 130 203 40 152 130 203 40 152 130 203 40 152 130 203 40 152 130 203 189 250 96 71 234 187 188 154 234 189 12 69 12 135 44 99 18 165 190 198 110 71 246 240 103 179 175 191 200 71 229 121 
171 163 28 62 171 163 28 62 171 163 28 62 171 163 28 62 171 163 28 62 171 163 28 62 171 163 28 62 171 163 28 62 90 108 167 59 50 250 225 24 61 44 95 171 180 166 130 0 92 65 206 94 193 248 186 187 188 102 222 152 167 115 205 53 119 212 51 26 151 244 203 213 171 163 28 62 171 163 28 62 171 163 28 62 171 163 28 62 171 163 28 62 171 163 28 62 1 234 195 156 179 30 184 251 177 167 179 17 126 124 87 102 125 199 90 255 137 11 128 222 246 14 186 87 150 184 119 185 
77 205 184 25 77 205 184 25 77 205 184 25 77 205 184 25 77 205 184 25 77 205 184 25 77 205 184 25 77 205 184 25 41 110 128 122 223 211 158 101 137 203 76 106 45 133 186 206 77 146 74 0 37 1 28 219 74 163 28 212 83 77 109 106 127 48 189 194 135 199 76 118 77 205 184 25 77 205 184 25 77 205 184 25 77 205 184 25 77 205 184 25 77 205 184 25 67 155 71 215 144 237 210 153 16 222 155 116 49 171 231 64 70 163 110 99 213 61 231 77 233 20 164 142 32 197 218 42 
48 204 29 29 48 204 29 29 48 204 29 29 48 204 29 29 48 204 29 29 48 204 29 29 48 204 29 29 48 204 29 29 141 121 116 137 59 221 202 166 70 150 168 225 5 219 65 240 100 252 103 146 110 156 251 98 221 95 10 81 106 214 255 81 51 122 227 200 221 69 116 55 48 204 29 29 48 204 29 29 48 204 29 29 48 204 29 29 48 204 29 29 48 204 29 29 191 46 237 61 107 30 106 103 142 18 110 18 37 207 173 124 127 243 64 206 219 73 169 208 64 127 179 54 148 90 116 39 
40 152 130 203 40 152 130 203 40 152 130 203 40 152 130 203 40 152 130 203 40 152 130 203 40 152 130 203 40 152 130 203 202 47 216 233 178 198 49 183 36 50 221 82 218 131 15 116 166 193 43 206 252 13 149 185 127 226 2 204 61 122 49 127 167 218 203 5 112 162 122 79 40 152 130 203 40 152 130 203 40 152 130 203 40 152 130 203 40 152 130 203 40 152 130 203 187 214 12 110 206 207 170 215 122 130 73 28 197 43 149 14 107 249 3 50 14 8 44 98 185 199 139 18 200 71 229 121 
171 163 28 62 171 163 28 62 171 163 28 62 171 163 28 62 171 163 28 62 171 163 28 62 171 163 28 62 171 163 28 62 30 118 91 244 10 101 250 147 118 98 169 140 113 58 79 6 181 167 85 126 19 128 3 208 129 50 111 139 146 165 49 187 160 95 56 123 180 45 71 113 171 163 28 62 171 163 28 62 171 163 28 62 171 163 28 62 171 163 28 62 171 163 28 62 59 213 117 231 128 53 66 85 30 152 229 147 41 140 144 14 104 6 48 244 137 220 133 173 237 12 191 207 150 184 119 185 
77 205 184 25 77 205 184 25 77 205 184 25 77 205 184 25 77 205 184 25 77 205 184 25 77 205 184 25 77 205 184 25 93 195 222 15 197 9 197 235 246 66 96 141 52 198 158 244 211 63 110 240 61 173 36 202 41 124 169 84 104 9 196 249 239 105 48 202 19 224 87 248 77 205 184 25 77 205 184 25 77 205 184 25 77 205 184 25 77 205 184 25 77 205 184 25 199 102 211 13 250 95 136 16 94 132 168 22 228 172 125 45 36 199 173 245 240 251 47 173 36 108 241 232 32 197 218 42 
48 204 29 29 48 204 29 29 48 204 29 29 48 204 29 29 48 204 29 29 48 204 29 29 48 204 29 29 48 204 29 29 90 83 121 189 113 228 94 74 242 236 123 209 187 151 62 119 24 40 35 26 10 213 119 234 66 66 226 213 114 52 36 129 125 50 201 205 179 46 245 28 67 176 239 66 234 126 148 224 48 204 29 29 48 204 29 29 48 204 29 29 48 204 29 29 48 204 29 29 48 204 29 29 48 204 29 29 48 204 29 29 48 204 29 29 48 204 29 29 48 204 29 29 48 204 29 29 
40 152 130 203 40 152 130 203 40 152 130 203 40 152 130 203 40 152 130 203 40 152 130 203 40 152 130 203 40 152 130 203 43 97 198 180 168 146 216 226 231 238 4 14 158 65 133 94 25 19 238 12 145 62 213 57 226 39 8 23 194 225 26 102 14 66 29 226 172 91 68 111 168 132 168 187 60 255 142 125 40 152 130 203 40 152 130 203 40 152 130 203 40 152 130 203 40 152 130 203 40 152 130 203 40 152 130 203 40 152 130 203 40 152 130 203 40 152 130 203 40 152 130 203 40 152 130 203 
171 163 28 62 171 163 28 62 171 163 28 62 171 163 28 62 171 163 28 62 171 163 28 62 171 163 28 62 171 163 28 62 75 104 221 214 22 24 229 132 46 14 190 121 112 87 179 127 241 4 42 56 14 252 230 66 20 143 209 187 187 137 92 184 211 123 247 119 208 131 246 210 41 55 124 101 226 98 73 122 171 163 28 62 171 163 28 62 171 163 28 62 171 163 28 62 171 163 28 62 171 163 28 62 171 163 28 62 171 163 28 62 171 163 28 62 171 163 28 62 171 163 28 62 171 163 28 62 
77 205 184 25 77 205 184 25 77 205 184 25 77 205 184 25 77 205 184 25 77 205 184 25 77 205 184 25 77 205 184 25 74 17 57 240 209 167 45 94 146 209 20 64 18 208 161 198 33 160 71 247 170 202 102 184 191 63 220 45 83 217 153 207 229 87 7 243 16 235 35 62 242 187 35 96 40 204 20 229 77 205 184 25 77 205 184 25 77 205 184 25 77 205 184 25 77 205 184 25 77 205 184 25 77 205 184 25 77 205 184 25 77 205 184 25 77 205 184 25 77 205 184 25 77 205 184 25 
48 204 29 29 48 204 29 29 48 204 29 29 48 204 29 29 48 204 29 29 48 204 29 29 48 204 29 29 48 204 29 29 143 155 7 161 98 66 8 21 40 33 70 214 59 176 220 150 65 102 173 96 80 164 87 178 87 6 226 113 111 44 55 183 56 159 36 207 59 53 221 173 162 111 249 241 155 109 182 89 48 204 29 29 48 204 29 29 48 204 29 29 48 204 29 29 48 204 29 29 48 204 29 29 48 204 29 29 48 204 29 29 48 204 29 29 48 204 29 29 48 204 29 29 48 204 29 29 
40 152 130 203 40 152 130 203 40 152 130 203 40 152 130 203 40 152 130 203 40 152 130 203 40 152 130 203 40 152 130 203 29 145 17 245 138 16 176 97 238 242 218 164 11 59 99 245 55 101 98 244 81 49 7 93 189 11 68 51 152 76 222 17 29 45 41 0 201 39 41 107 91 68 185 38 234 190 190 217 40 152 130 203 40 152 130 203 40 152 130 203 40 152 130 203 40 152 130 203 40 152 130 203 40 152 130 203 40 152 130 203 40 152 130 203 40 152 130 203 40 152 130 203 40 152 130 203 
171 163 28 62 171 163 28 62 171 163 28 62 171 163 28 62 171 163 28 62 171 163 28 62 171 163 28 62 171 163 28 62 206 241 94 250 95 64 131 73 227 108 54 202 37 6 225 163 125 197 208 250 3 184 177 241 99 63 154 23 14 141 65 109 234 53 98 230 171 164 75 193 62 11 4 21 74 119 111 182 171 163 28 62 171 163 28 62 171 163 28 62 171 163 28 62 171 163 28 62 171 163 28 62 171 163 28 62 171 163 28 62 171 163 28 62 171 163 28 62 171 163 28 62 171 163 28 62 
77 205 184 25 77 205 184 25 77 205 184 25 77 205 184 25 77 205 184 25 77 205 184 25 77 205 184 25 77 205 184 25 101 243 32 117 20 81 170 89 102 133 83 136 244 46 7 59 62 125 128 202 204 214 119 163 40 246 115 230 250 175 254 244 61 162 199 77 201 192 69 156 142 188 211 113 69 27 42 55 77 205 184 25 77 205 184 25 77 205 184 25 77 205 184 25 77 205 184 25 77 205 184 25 77 205 184 25 77 205 184 25 77 205 184 25 77 205 184 25 77 205 184 25 77 205 184 25 
48 204 29 29 48 204 29 29 48 204 29 29 48 204 29 29 48 204 29 29 48 204 29 29 146 137 61 149 134 248 60 223 109 46 164 14 250 55 210 107 6 20 187 61 210 195 170 247 184 150 195 146 236 88 225 94 201 38 209 28 95 147 16 110 216 130 84 126 170 151 12 126 187 93 144 116 230 159 226 158 80 136 194 29 52 154 1 70 48 204 29 29 48 204 29 29 48 204 29 29 48 204 29 29 48 204 29 29 48 204 29 29 48 204 29 29 48 204 29 29 48 204 29 29 48 204 29 29 
40 152 130 203 40 152 130 203 40 152 130 203 40 152 130 203 40 152 130 203 40 152 130 203 111 39 178 220 105 191 230 85 176 81 232 184 133 172 182 160 70 211 209 169 40 40 251 220 89 247 85 247 10 196 92 216 252 46 90 51 23 64 14 9 96 199 165 26 230 200 199 220 36 160 178 140 231 213 201 90 199 206 75 41 239 87 101 165 40 152 130 203 40 152 130 203 40 152 130 203 40 152 130 203 40 152 130 203 40 152 130 203 40 152 130 203 40 152 130 203 40 152 130 203 40 152 130 203 
171 163 28 62 171 163 28 62 171 163 28 62 171 163 28 62 171 163 28 62 171 163 28 62 184 159 241 22 167 186 22 131 128 191 144 143 143 119 210 236 36 233 166 233 186 80 59 146 83 138 139 54 135 56 225 67 160 2 138 189 181 3 62 19 248 40 122 106 41 192 22 212 99 61 203 229 197 25 73 143 223 202 128 117 104 58 138 140 171 163 28 62 171 163 28 62 171 163 28 62 171 163 28 62 171 163 28 62 171 163 28 62 171 163 28 62 171 163 28 62 171 163 28 62 171 163 28 62 
77 205 184 25 77 205 184 25 77 205 184 25 77 205 184 25 77 205 184 25 77 205 184 25 28 70 24 104 252 144 230 95 199 25 45 20 141 115 160 12 43 115 27 187 20 101 33 232 190 217 51 239 71 162 116 31 173 219 71 1 2 166 249 133 241 86 8 177 89 43 125 177 147 163 29 120 200 38 21 65 144 78 42 65 86 97 233 86 77 205 184 25 77 205 184 25 77 205 184 25 77 205 184 25 77 205 184 25 77 205 184 25 77 205 184 25 77 205 184 25 77 205 184 25 77 205 184 25 
48 204 29 29 48 204 29 29 48 204 29 29 48 204 29 29 48 204 29 29 48 204 29 29 204 183 89 206 67 217 38 200 239 229 165 224 156 202 192 12 178 253 123 186 252 119 203 101 182 199 109 226 26 67 119 67 148 139 201 98 0 56 225 16 176 182 147 215 23 112 57 95 134 27 213 29 247 102 187 28 43 44 184 17 154 10 168 234 48 204 29 29 48 204 29 29 48 204 29 29 48 204 29 29 48 204 29 29 48 204 29 29 48 204 29 29 48 204 29 29 48 204 29 29 48 204 29 29 
40 152 130 203 40 152 130 203 40 152 130 203 40 152 130 203 40 152 130 203 40 152 130 203 66 215 25 135 192 5 168 201 20 0 14 222 154 57 167 180 219 194 82 111 171 66 47 252 254 85 157 249 127 150 3 241 207 219 143 119 35 137 55 165 122 166 251 86 86 175 8 246 144 215 200 124 16 155 16 182 1 253 183 113 144 131 117 199 40 152 130 203 40 152 130 203 40 152 130 203 40 152 130 203 40 152 130 203 40 152 130 203 40 152 130 203 40 152 130 203 40 152 130 203 40 152 130 203 
171 163 28 62 171 163 28 62 171 163 28 62 171 163 28 62 171 163 28 62 171 163 28 62 241 230 83 7 248 155 41 236 120 108 221 77 55 126 184 171 227 13 160 91 49 192 42 111 100 166 11 178 72 235 127 139 93 107 119 35 111 11 211 176 205 99 61 108 77 145 227 174 152 203 91 70 127 71 252 100 186 26 60 59 196 4 39 87 171 163 28 62 171 163 28 62 171 163 28 62 171 163 28 62 171 163 28 62 171 163 28 62 171 163 28 62 171 163 28 62 171 163 28 62 171 163 28 62 
77 205 184 25 77 205 184 25 77 205 184 25 77 205 184 25 77 205 184 25 77 205 184 25 24 15 246 26 253 11 216 0 33 7 153 153 96 96 43 182 77 170 5 44 188 121 25 150 179 187 89 148 207 102 18 67 92 242 57 127 4 137 0 113 1 153 178 184 203 2 86 76 8 46 216 133 20 98 94 45 251 227 166 49 12 200 200 133 77 205 184 25 77 205 184 25 77 205 184 25 77 205 184 25 77 205 184 25 77 205 184 25 77 205 184 25 77 205 184 25 77 205 184 25 77 205 184 25 
48 204 29 29 48 204 29 29 48 204 29 29 48 204 29 29 216 65 105 217 138 148 99 216 108 40 104 28 69 44 215 136 29 26 165 25 140 21 182 70 136 72 42 222 140 211 165 82 193 64 28 107 85 111 4 139 221 53 11 10 185 38 137 8 7 193 106 128 194 231 18 142 35 75 191 248 3 130 92 140 42 187 113 29 232 98 123 11 128 112 17 139 131 224 181 248 39 141 140 135 163 227 111 56 48 204 29 29 48 204 29 29 48 204 29 29 48 204 29 29 48 204 29 29 48 204 29 29 
40 152 130 203 40 152 130 203 40 152 130 203 40 152 130 203 118 138 151 202 31 222 41 253 26 72 16 173 160 25 158 165 206 153 227 126 16 146 201 67 232 102 11 74 89 203 174 127 116 143 201 38 244 30 166 123 25 237 17 224 227 107 139 253 219 30 68 161 95 105 165 57 193 73 1 176 147 24 34 128 32 171 229 43 209 123 168 112 86 201 193 112 61 159 205 228 245 6 6 254 140 12 0 248 40 152 130 203 40 152 130 203 40 152 130 203 40 152 130 203 40 152 130 203 40 152 130 203 
171 163 28 62 171 163 28 62 171 163 28 62 171 163 28 62 207 93 76 154 185 236 189 77 231 138 26 157 59 198 156 194 22 121 38 138 97 150 210 70 100 99 250 213 64 215 230 114 47 252 38 173 21 63 105 92 236 122 17 44 124 7 69 150 224 240 89 255 58 193 237 255 46 66 192 76 1 226 151 196 64 239 98 45 0 225 42 230 167 71 48 78 31 5 212 24 200 58 8 159 251 43 103 130 171 163 28 62 171 163 28 62 171 163 28 62 171 163 28 62 171 163 28 62 171 163 28 62 
77 205 184 25 77 205 184 25 77 205 184 25 77 205 184 25 32 252 11 218 19 77 245 16 73 214 36 203 247 122 45 109 251 115 47 147 149 40 168 248 103 131 229 16 164 22 29 23 102 5 102 42 20 252 65 117 153 31 155 174 57 170 34 102 60 241 90 183 80 135 20 191 153 206 84 87 228 169 68 112 160 140 8 122 30 33 173 3 9 164 217 169 148 35 130 189 233 16 180 47 92 118 188 233 77 205 184 25 77 205 184 25 77 205 184 25 77 205 184 25 77 205 184 25 77 205 184 25 
48 204 29 29 48 204 29 29 48 204 29 29 48 204 29 29 67 127 173 134 82 206 38 196 120 120 223 130 212 202 63 118 22 6 255 141 72 124 14 239 205 200 180 124 39 168 250 4 163 214 217 221 163 30 146 104 212 212 225 98 29 119 212 177 39 12 95 77 163 76 2 20 98 149 200 87 121 166 23 130 61 145 112 91 128 84 176 30 213 202 53 219 160 51 63 112 8 14 154 241 149 43 183 86 48 204 29 29 48 204 29 29 48 204 29 29 48 204 29 29 48 204 29 29 48 204 29 29 
40 152 130 203 40 152 130 203 40 152 130 203 40 152 130 203 246 248 157 182 227 62 191 10 169 144 23 155 100 151 156 252 130 134 226 188 18 165 105 12 158 249 210 22 169 116 255 42 183 200 81 47 184 120 219 73 85 108 36 178 172 136 99 60 214 169 247 195 167 161 152 160 138 11 171 32 86 17 124 191 50 192 19 210 151 167 6 35 127 226 57 40 173 25 1 127 143 224 43 241 29 44 99 26 40 152 130 203 40 152 130 203 40 152 130 203 40 152 130 203 40 152 130 203 40 152 130 203 
171 163 28 62 171 163 28 62 171 163 28 62 171 163 28 62 134 165 16 64 244 226 105 255 92 18 142 99 46 203 193 98 124 117 245 177 51 55 44 64 86 134 101 24 175 109 54 95 29 117 166 185 12 138 132 200 162 222 29 230 143 123 172 221 142 0 159 81 48 194 75 174 10 150 178 2 131 178 227 109 38 223 126 144 84 54 94 156 208 112 21 19 115 164 105 234 210 45 196 233 187 142 198 6 171 163 28 62 171 163 28 62 171 163 28 62 171 163 28 62 171 163 28 62 171 163 28 62 
77 205 184 25 77 205 184 25 77 205 184 25 77 205 184 25 250 8 51 173 152 124 86 20 112 16 163 0 87 199 240 87 197 6 75 168 209 221 48 224 153 134 155 45 107 221 39 54 107 247 237 167 81 58 109 104 33 249 215 34 94 243 89 57 135 23 75 58 117 149 18 160 125 231 136 173 244 69 2 46 71 147 177 234 70 21 143 186 165 144 234 108 216 76 238 77 191 69 166 164 197 16 67 208 77 205 184 25 77 205 184 25 77 205 184 25 77 205 184 25 77 205 184 25 77 205 184 25 
48 204 29 29 48 204 29 29 48 204 29 29 48 204 29 29 249 80 191 216 186 79 59 134 7 39 227 61 194 61 200 194 30 219 88 91 1 157 236 25 28 102 221 91 178 205 198 178 93 162 50 203 96 162 1 86 161 82 153 118 152 33 68 228 68 30 158 19 185 242 220 89 35 55 150 91 35 61 245 197 89 251 87 124 229 202 60 113 234 232 62 61 236 197 184 227 48 204 29 29 48 204 29 29 48 204 29 29 48 204 29 29 48 204 29 29 48 204 29 29 48 204 29 29 48 204 29 29 
40 152 130 203 40 152 130 203 40 152 130 203 40 152 130 203 145 212 21 251 239 120 217 146 57 50 128 60 98 230 103 207 136 66 253 183 46 71 132 243 147 8 95 134 123 17 144 148 152 228 219 186 104 29 79 46 147 165 205 230 121 24 86 28 170 251 94 58 234 166 254 18 240 23 30 237 184 225 192 120 126 30 31 26 114 129 91 225 120 83 46 16 189 239 214 196 40 152 130 203 40 152 130 203 40 152 130 203 40 152 130 203 40 152 130 203 40 152 130 203 40 152 130 203 40 152 130 203 
171 163 28 62 171 163 28 62 171 163 28 62 171 163 28 62 97 86 102 112 182 98 81 75 122 236 10 103 32 137 36 148 95 83 223 172 208 107 196 160 74 5 30 28 17 212 123 114 44 9 125 198 197 250 116 47 81 130 192 58 185 33 118 71 178 197 90 190 48 248 53 211 249 226 30 77 12 33 88 146 61 155 180 15 174 31 156 115 130 11 206 83 28 69 18 28 171 163 28 62 171 163 28 62 171 163 28 62 171 163 28 62 171 163 28 62 171 163 28 62 171 163 28 62 171 163 28 62 
77 205 184 25 77 205 184 25 77 205 184 25 77 205 184 25 6 159 152 230 78 246 247 185 24 160 244 233 82 69 221 166 16 224 129 202 135 90 224 143 143 73 176 180 65 162 238 85 192 234 55 27 196 77 182 108 182 166 45 165 96 185 107 226 59 53 217 51 188 1 20 188 173 219 165 15 126 148 104 109 66 187 144 30 38 127 55 3 162 29 124 68 219 20 149 148 77 205 184 25 77 205 184 25 77 205 184 25 77 205 184 25 77 205 184 25 77 205 184 25 77 205 184 25 77 205 184 25 
48 204 29 29 48 204 29 29 48 204 29 29 48 204 29 29 234 155 92 69 213 251 10 245 177 26 159 88 133 220 100 161 19 16 224 199 84 135 50 35 124 26 63 133 162 21 60 8 14 161 155 188 52 73 238 119 148 232 28 20 200 28 131 7 183 3 103 154 90 142 169 140 217 156 101 185 203 229 208 156 69 200 167 52 36 239 101 95 130 248 44 128 69 13 232 161 48 204 29 29 48 204 29 29 48 204 29 29 48 204 29 29 48 204 29 29 48 204 29 29 48 204 29 29 48 204 29 29 
40 152 130 203 40 152 130 203 40 152 130 203 40 152 130 203 159 12 81 113 210 171 53 150 142 17 19 113 43 3 127 225 60 217 182 255 61 172 253 22 152 16 95 2 254 99 192 185 60 171 166 181 69 180 219 53 46 191 14 255 38 203 11 112 222 247 183 62 176 8 34 211 29 19 80 255 171 141 129 75 145 38 189 164 186 231 174 154 18 169 138 11 26 214 127 103 40 152 130 203 40 152 130 203 40 152 130 203 40 152 130 203 40 152 130 203 40 152 130 203 40 152 130 203 40 152 130 203 
171 163 28 62 171 163 28 62 171 163 28 62 171 163 28 62 13 243 36 239 222 86 99 155 51 82 240 249 215 43 140 229 51 191 196 151 69 48 218 172 188 24 90 3 6 216 108 97 250 189 61 233 81 63 47 215 37 187 203 34 9 165 35 141 96 80 186 226 159 194 211 111 66 66 28 174 220 60 113 47 177 10 178 204 174 68 81 70 244 65 193 186 175 7 205 38 171 163 28 62 171 163 28 62 171 163 28 62 171 163 28 62 171 163 28 62 171 163 28 62 171 163 28 62 171 163 28 62 
77 205 184 25 77 205 184 25 77 205 184 25 77 205 184 25 72 56 151 60 246 170 72 254 12 114 81 221 11 235 133 105 249 244 153 169 127 131 231 65 32 88 5 184 21 41 97 131 142 184 155 71 187 150 4 154 173 198 118 12 183 215 143 107 113 16 204 86 104 250 105 103 150 19 93 253 178 148 132 104 48 40 126 56 25 106 101 232 40 28 129 228 232 124 146 12 77 205 184 25 77 205 184 25 77 205 184 25 77 205 184 25 77 205 184 25 77 205 184 25 77 205 184 25 77 205 184 25 
48 204 29 29 48 204 29 29 48 204 29 29 48 204 29 29 48 204 29 29 48 204 29 29 129 198 147 162 212 253 88 150 145 165 21 38 113 68 174 15 190 70 213 181 87 98 225 163 6 191 28 231 235 180 1 169 40 15 50 23 238 88 147 196 108 13 165 97 247 166 218 103 69 183 161 88 227 232 1 28 254 130 13 196 86 15 16 35 2 210 151 247 30 150 209 37 48 204 29 29 48 204 29 29 48 204 29 29 48 204 29 29 48 204 29 29 48 204 29 29 48 204 29 29 48 204 29 29 
40 152 130 203 40 152 130 203 40 152 130 203 40 152 130 203 40 152 130 203 40 152 130 203 83 47 217 20 239 194 171 243 60 200 93 81 87 126 206 183 186 30 218 205 118 78 218 197 189 188 72 127 155 133 202 10 1 134 121 43 83 241 199 163 185 104 170 68 127 228 147 125 9 65 43 13 114 100 236 86 130 124 149 223 12 185 10 18 125 90 101 4 21 123 154 93 40 152 130 203 40 152 130 203 40 152 130 203 40 152 130 203 40 152 130 203 40 152 130 203 40 152 130 203 40 152 130 203 
171 163 28 62 171 163 28 62 171 163 28 62 171 163 28 62 171 163 28 62 171 163 28 62 105 152 252 230 42 188 179 60 35 167 117 59 17 40 55 217 50 81 14 226 134 179 165 95 86 149 58 176 240 93 57 157 170 206 149 184 96 114 241 228 27 194 132 151 225 138 252 173 74 194 75 186 30 251 28 199 235 137 190 243 184 241 154 10 117 200 48 63 112 238 50 217 171 163 28 62 171 163 28 62 171 163 28 62 171 163 28 62 171 163 28 62 171 163 28 62 171 163 28 62 171 163 28 62 
77 205 184 25 77 205 184 25 77 205 184 25 77 205 184 25 77 205 184 25 77 205 184 25 19 253 234 141 92 53 189 183 246 202 230 160 71 237 141 124 234 155 125 160 190 74 125 172 175 140 255 27 37 172 119 218 39 85 182 199 135 79 2 34 255 123 15 173 181 20 193 22 209 123 56 248 54 9 207 166 102 82 174 19 243 164 191 56 176 12 125 238 139 68 79 20 77 205 184 25 77 205 184 25 77 205 184 25 77 205 184 25 77 205 184 25 77 205 184 25 77 205 184 25 77 205 184 25 
48 204 29 29 48 204 29 29 48 204 29 29 48 204 29 29 48 204 29 29 48 204 29 29 162 202 11 63 47 12 252 66 211 73 23 190 34 145 8 185 231 207 138 4 82 95 177 156 42 7 165 123 108 102 56 85 148 35 250 229 170 205 39 232 247 174 74 66 220 29 231 110 121 234 132 241 219 37 208 49 74 57 88 34 215 203 196 15 153 136 77 83 103 253 17 163 48 204 29 29 48 204 29 29 48 204 29 29 48 204 29 29 48 204 29 29 48 204 29 29 48 204 29 29 48 204 29 29 
40 152 130 203 40 152 130 203 40 152 130 203 40 152 130 203 40 152 130 203 40 152 130 203 232 36 218 83 132 179 223 116 123 237 30 172 10 204 54 113 254 91 254 170 154 221 107 239 133 110 159 50 16 62 167 48 185 10 114 36 251 156 1 91 139 221 113 251 64 71 73 54 178 144 188 236 196 241 167 3 203 213 121 198 248 122 11 64 5 241 143 45 253 222 152 39 40 152 130 203 40 152 130 203 40 152 130 203 40 152 130 203 40 152 130 203 40 152 130 203 40 152 130 203 40 152 130 203 
171 163 28 62 171 163 28 62 171 163 28 62 171 163 28 62 171 163 28 62 171 163 28 62 164 26 4 220 30 192 50 202 170 99 24 17 45 59 16 77 251 79 36 109 2 235 25 33 6 180 94 201 39 229 102 118 152 30 208 24 65 54 107 243 157 97 133 227 148 86 225 98 85 212 233 236 63 217 209 207 227 95 221 123 146 118 168 48 117 98 67 103 187 90 175 93 171 163 28 62 171 163 28 62 171 163 28 62 171 163 28 62 171 163 28 62 171 163 28 62 171 163 28 62 171 163 28 62 
77 205 184 25 77 205 184 25 77 205 184 25 77 205 184 25 77 205 184 25 77 205 184 25 88 157 16 84 12 253 90 157 249 22 104 87 213 144 103 176 218 7 198 132 13 204 226 98 175 8 251 203 91 31 162 194 202 8 40 194 15 222 237 57 26 16 97 240 152 146 61 0 23 99 224 198 163 69 41 131 55 129 126 211 23 86 217 217 20 4 53 188 78 78 0 164 77 205 184 25 77 205 184 25 77 205 184 25 77 205 184 25 77 205 184 25 77 205 184 25 77 205 184 25 77 205 184 25 
48 204 29 29 48 204 29 29 48 204 29 29 48 204 29 29 48 204 29 29 48 204 29 29 48 204 29 29 48 204 29 29 125 235 219 169 116 126 239 94 71 178 222 96 255 182 0 62 214 241 98 125 39 78 69 162 72 170 67 44 115 185 88 172 118 43 108 167 137 60 70 93 236 57 24 107 161 89 196 254 189 28 185 193 179 178 192 50 20 233 217 220 205 63 44 172 48 204 29 29 48 204 29 29 48 204 29 29 48 204 29 29 48 204 29 29 48 204 29 29 48 204 29 29 48 204 29 29 
40 152 130 203 40 152 130 203 40 152 130 203 40 152 130 203 40 152 130 203 40 152 130 203 40 152 130 203 40 152 130 203 149 246 97 25 61 98 22 116 110 220 183 26 191 122 132 240 12 227 90 152 159 150 234 53 239 182 34 46 150 66 127 122 208 10 122 145 220 208 87 181 114 179 216 41 219 124 67 82 51 33 81 185 84 249 116 184 2 36 70 114 115 168 195 56 40 152 130 203 40 152 130 203 40 152 130 203 40 152 130 203 40 152 130 203 40 152 130 203 40 152 130 203 40 152 130 203 
171 163 28 62 171 163 28 62 171 163 28 62 171 163 28 62 171 163 28 62 171 163 28 62 171 163 28 62 171 163 28 62 80 203 130 152 206 99 156 248 231 120 206 91 115 45 119 80 189 116 173 113 178 10 245 55 16 195 189 56 71 138 95 173 38 255 251 97 75 59 213 202 71 68 143 32 98 76 36 16 190 131 249 204 119 224 51 180 151 161 2 89 45 98 37 185 171 163 28 62 171 163 28 62 171 163 28 62 171 163 28 62 171 163 28 62 171 163 28 62 171 163 28 62 171 163 28 62 
77 205 184 25 77 205 184 25 77 205 184 25 77 205 184 25 77 205 184 25 77 205 184 25 77 205 184 25 77 205 184 25 220 234 68 235 250 103 23 214 111 146 141 208 116 246 102 126 88 237 66 200 170 189 106 26 56 38 110 147 107 229 22 45 48 96 47 35 21 131 170 228 131 8 134 243 13 43 104 87 241 160 103 193 143 202 107 138 11 203 216 195 95 18 212 80 77 205 184 25 77 205 184 25 77 205 184 25 77 205 184 25 77 205 184 25 77 205 184 25 77 205 184 25 77 205 184 25 
48 204 29 29 48 204 29 29 48 204 29 29 48 204 29 29 48 204 29 29 48 204 29 29 48 204 29 29 48 204 29 29 128 53 76 92 147 157 135 147 25 69 162 127 35 39 22 18 192 178 72 91 52 218 237 131 255 216 171 110 117 69 239 148 227 35 31 64 80 213 135 133 95 55 185 217 40 135 150 223 174 76 174 160 77 219 231 13 95 193 169 233 157 42 165 27 48 204 29 29 48 204 29 29 48 204 29 29 48 204 29 29 48 204 29 29 48 204 29 29 48 204 29 29 48 204 29 29 
40 152 130 203 40 152 130 203 40 152 130 203 40 152 130 203 40 152 130 203 40 152 130 203 40 152 130 203 40 152 130 203 108 79 168 195 4 29 211 146 255 21 136 107 36 84 211 83 92 177 6 117 179 36 12 87 107 7 86 178 172 43 251 139 166 39 31 55 239 66 3 210 13 234 227 163 179 82 91 104 159 79 87 17 19 21 221 25 100 200 164 100 113 200 148 243 40 152 130 203 40 152 130 203 40 152 130 203 40 152 130 203 40 152 130 203 40 152 130 203 40 152 130 203 40 152 130 203 
171 163 28 62 171 163 28 62 171 163 28 62 171 163 28 62 171 163 28 62 171 163 28 62 171 163 28 62 171 163 28 62 122 36 152 231 198 19 127 222 128 82 248 14 74 66 88 202 32 37 93 203 239 219 140 125 85 14 235 242 218 17 32 89 190 59 183 82 120 215 230 187 169 94 69 137 122 140 201 123 3 116 187 219 117 102 46 23 92 84 113 183 46 118 35 166 171 163 28 62 171 163 28 62 171 163 28 62 171 163 28 62 171 163 28 62 171 163 28 62 171 163 28 62 171 163 28 62 
77 205 184 25 77 205 184 25 77 205 184 25 77 205 184 25 77 205 184 25 77 205 184 25 77 205 184 25 77 205 184 25 176 132 63 157 146 4 93 0 9 166 133 50 109 83 211 58 107 34 179 232 131 67 130 54 9 122 77 103 114 234 22 165 249 158 215 197 232 110 93 204 215 232 90 118 239 239 51 241 180 160 172 129 22 201 228 102 61 163 232 128 24 25 207 166 77 205 184 25 77 205 184 25 77 205 184 25 77 205 184 25 77 205 184 25 77 205 184 25 77 205 184 25 77 205 184 25 
