148 148 148 148 148 148 148 148 148 148 148 148 148 148 148 148 148 148 148 148 148 148 148 148 148 148 148 148 148 148 148 148 148 148 148 148 148 148 148 148 148 148 148 148 148 148 148 148 148 148 148 148 148 148 148 148 48 133 96 86 224 101 102 37 221 241 101 181 196 149 225 148 220 166 208 251 227 36 16 125 30 120 152 79 33 88 136 226 148 148 148 148 148 148 148 148 148 148 148 148 148 148 148 148 148 148 148 148 148 148 148 148 148 148 148 148 148 148 148 148 148 148 148 148 148 148 148 148 
239 239 239 239 239 239 239 239 239 239 239 239 239 239 239 239 239 239 239 239 239 239 239 239 239 239 239 239 239 239 239 239 239 239 239 239 239 239 239 239 239 239 239 239 239 239 239 239 239 239 239 239 239 239 239 239 30 235 254 122 210 54 149 6 234 108 110 153 16 58 147 166 183 105 220 194 81 128 146 109 46 52 118 172 27 224 90 46 239 239 239 239 239 239 239 239 239 239 239 239 239 239 239 239 239 239 239 239 239 239 239 239 239 239 239 239 239 239 239 239 239 239 239 239 239 239 239 239 
137 137 137 137 137 137 137 137 137 137 137 137 137 137 137 137 137 137 137 137 137 137 137 137 137 137 137 137 137 137 137 137 137 137 137 137 137 137 137 137 137 137 137 137 137 137 137 137 137 137 137 137 137 137 137 137 86 239 197 212 230 130 167 88 98 12 165 250 107 141 233 241 166 224 180 101 38 112 94 211 153 103 74 10 80 245 90 119 137 137 137 137 137 137 137 137 137 137 137 137 137 137 137 137 137 137 137 137 137 137 137 137 137 137 137 137 137 137 137 137 137 137 137 137 137 137 137 137 
121 121 121 121 121 121 121 121 121 121 121 121 121 121 121 121 121 121 121 121 121 121 121 121 121 121 121 121 121 121 121 121 121 121 121 121 121 121 121 121 121 121 121 121 121 121 121 121 121 121 121 121 121 121 121 121 58 43 60 242 202 115 16 53 7 126 226 1 241 9 19 28 108 179 228 234 254 228 97 141 74 238 146 251 117 134 53 188 121 121 121 121 121 121 121 121 121 121 121 121 121 121 121 121 121 121 121 121 121 121 121 121 121 121 121 121 121 121 121 121 121 121 121 121 121 121 121 121 
96 96 96 96 96 96 96 96 96 96 96 96 96 96 96 96 96 96 96 96 96 96 96 96 96 96 96 96 96 96 96 96 96 96 96 96 96 96 96 96 96 96 96 96 96 96 96 96 96 96 96 96 96 96 96 96 162 241 22 91 118 14 42 214 83 139 255 149 108 14 64 79 219 157 94 52 89 248 98 204 129 75 168 68 214 210 222 29 96 96 96 96 96 96 96 96 96 96 96 96 96 96 96 96 96 96 96 96 96 96 96 96 96 96 96 96 96 96 96 96 96 96 96 96 96 96 96 96 
178 178 178 178 178 178 178 178 178 178 178 178 178 178 178 178 178 178 178 178 178 178 178 178 178 178 178 178 178 178 178 178 178 178 178 178 178 178 178 178 178 178 178 178 178 178 178 178 178 178 178 178 178 178 178 178 232 77 251 221 126 8 131 178 185 23 164 48 61 228 110 218 150 114 241 180 77 203 184 188 107 247 103 220 98 215 10 70 178 178 178 178 178 178 178 178 178 178 178 178 178 178 178 178 178 178 178 178 178 178 178 178 178 178 178 178 178 178 178 178 178 178 178 178 178 178 178 178 
91 91 91 91 91 91 91 91 91 91 91 91 91 91 91 91 91 91 91 91 91 91 91 91 91 91 91 91 91 91 91 91 91 91 91 91 91 91 91 91 91 91 91 91 91 91 91 91 91 91 91 91 91 91 91 91 20 196 118 249 121 247 70 118 55 33 135 10 167 60 149 245 180 91 11 246 59 43 236 206 36 148 33 94 22 104 89 87 91 91 91 91 91 91 91 91 91 91 91 91 91 91 91 91 91 91 91 91 91 91 91 91 91 91 91 91 91 91 91 91 91 91 91 91 91 91 91 91 
1 1 1 1 1 1 1 1 1 1 1 1 1 1 1 1 1 1 1 1 1 1 1 1 1 1 1 1 1 1 1 1 1 1 1 1 1 1 1 1 1 1 1 1 1 1 1 1 1 1 1 1 1 1 1 1 42 110 148 172 76 107 236 16 101 156 3 116 113 155 174 102 187 186 2 44 2 43 255 221 121 96 240 168 2 126 226 255 1 1 1 1 1 1 1 1 1 1 1 1 1 1 1 1 1 1 1 1 1 1 1 1 1 1 1 1 1 1 1 1 1 1 1 1 1 1 1 1 
6 6 6 6 6 6 6 6 6 6 6 6 6 6 6 6 6 6 6 6 6 6 6 6 6 6 6 6 6 6 6 6 6 6 6 6 6 6 6 6 6 6 6 6 6 6 6 6 6 6 6 6 6 6 6 6 82 225 94 29 189 185 105 74 37 171 220 167 7 245 45 235 193 218 23 164 206 73 125 248 52 129 161 101 9 107 186 181 6 6 6 6 6 6 6 6 6 6 6 6 6 6 6 6 6 6 6 6 6 6 6 6 6 6 6 6 6 6 6 6 6 6 6 6 6 6 6 6 
98 98 98 98 98 98 98 98 98 98 98 98 98 98 98 98 98 98 98 98 98 98 98 98 98 98 98 98 98 98 98 98 98 98 98 98 98 98 98 98 98 98 98 98 98 98 98 98 98 98 98 98 98 98 98 98 185 253 148 47 19 132 45 251 210 239 122 187 198 222 192 193 164 57 37 214 168 17 135 232 158 219 32 168 3 227 227 140 98 98 98 98 98 98 98 98 98 98 98 98 98 98 98 98 98 98 98 98 98 98 98 98 98 98 98 98 98 98 98 98 98 98 98 98 98 98 98 98 
219 219 219 219 219 219 219 219 219 219 219 219 219 219 219 219 219 219 219 219 219 219 219 219 219 219 219 219 219 219 219 219 219 219 219 219 219 219 219 219 219 219 219 219 219 219 219 219 219 219 219 219 219 219 219 219 219 186 25 175 202 198 85 34 138 182 145 226 103 5 121 142 88 111 121 125 84 71 33 175 84 48 155 12 83 181 239 24 219 219 219 219 219 219 219 219 219 219 219 219 219 219 219 219 219 219 219 219 219 219 219 219 219 219 219 219 219 219 219 219 219 219 219 219 219 219 219 219 
1 1 1 1 1 1 1 1 1 1 1 1 1 1 1 1 1 1 1 1 1 1 1 1 1 1 1 1 1 1 1 1 1 1 1 1 1 1 1 1 1 1 1 1 1 1 1 1 1 1 1 1 1 1 1 1 159 78 191 252 223 197 58 43 20 221 251 83 116 20 232 74 155 159 208 9 55 103 86 60 85 133 35 231 13 211 149 156 1 1 1 1 1 1 1 1 1 1 1 1 1 1 1 1 1 1 1 1 1 1 1 1 1 1 1 1 1 1 1 1 1 1 1 1 1 1 1 1 
26 26 26 26 26 26 26 26 26 26 26 26 26 26 26 26 26 26 26 26 26 26 26 26 26 26 26 26 26 26 26 26 26 26 26 26 26 26 26 26 26 26 26 26 26 26 26 26 26 26 26 26 26 26 26 26 174 0 149 186 238 251 130 127 245 83 67 150 122 187 113 197 186 102 144 193 243 201 15 95 17 249 5 159 70 33 161 3 26 26 26 26 26 26 26 26 26 26 26 26 26 26 26 26 26 26 26 26 26 26 26 26 26 26 26 26 26 26 26 26 26 26 26 26 26 26 26 26 
250 250 250 250 250 250 250 250 250 250 250 250 250 250 250 250 250 250 250 250 250 250 250 250 250 250 250 250 250 250 250 250 250 250 250 250 250 250 250 250 250 250 250 250 250 250 250 250 250 250 250 250 250 250 250 250 212 31 40 156 47 6 37 123 206 84 61 174 133 215 20 177 86 182 220 14 143 19 35 245 121 50 45 18 65 252 69 247 250 250 250 250 250 250 250 250 250 250 250 250 250 250 250 250 250 250 250 250 250 250 250 250 250 250 250 250 250 250 250 250 250 250 250 250 250 250 250 250 
74 74 74 74 74 74 74 74 74 74 74 74 74 74 74 74 74 74 74 74 74 74 74 74 74 74 74 74 74 74 74 74 74 74 74 74 74 74 74 74 74 74 74 74 74 74 74 74 74 74 74 74 74 74 74 74 139 7 216 198 14 169 212 1 94 221 73 113 134 1 152 64 129 239 34 234 150 183 55 100 203 20 129 245 63 87 199 250 74 74 74 74 74 74 74 74 74 74 74 74 74 74 74 74 74 74 74 74 74 74 74 74 74 74 74 74 74 74 74 74 74 74 74 74 74 74 74 74 
222 222 222 222 222 222 222 222 222 222 222 222 222 222 222 222 222 222 222 222 222 222 222 222 222 222 222 222 222 222 222 222 222 222 222 222 222 222 222 222 222 222 222 222 222 222 222 222 222 222 222 222 222 222 222 222 37 54 170 217 167 241 91 231 42 122 77 243 137 99 167 189 23 27 115 213 182 28 121 201 93 72 42 32 187 47 39 200 222 222 222 222 222 222 222 222 222 222 222 222 222 222 222 222 222 222 222 222 222 222 222 222 222 222 222 222 222 222 222 222 222 222 222 222 222 222 222 222 
148 148 148 148 148 148 148 148 148 148 148 148 148 148 148 148 148 148 148 148 148 148 148 148 148 148 148 148 148 148 148 148 148 148 148 148 148 148 148 148 148 148 148 148 148 148 148 148 117 225 215 56 210 189 50 148 177 212 97 84 252 79 92 113 92 238 202 233 235 253 220 150 141 7 153 252 157 118 45 12 221 80 143 156 158 99 22 43 197 138 228 69 126 214 96 215 195 122 209 113 241 59 20 212 148 148 148 148 148 148 148 148 148 148 148 148 148 148 148 148 148 148 148 148 148 148 148 148 
239 239 239 239 239 239 239 239 239 239 239 239 239 239 239 239 239 239 239 239 239 239 239 239 239 239 239 239 239 239 239 239 239 239 239 239 239 239 239 239 239 239 239 239 239 239 239 239 213 17 20 250 119 179 96 43 223 110 142 18 229 219 98 9 146 99 132 224 44 91 46 73 66 8 228 24 214 118 108 211 5 255 177 207 117 116 197 161 74 173 129 58 105 207 161 24 250 98 163 160 140 205 76 27 239 239 239 239 239 239 239 239 239 239 239 239 239 239 239 239 239 239 239 239 239 239 239 239 
137 137 137 137 137 137 137 137 137 137 137 137 137 137 137 137 137 137 137 137 137 137 137 137 137 137 137 137 137 137 137 137 137 137 137 137 137 137 137 137 137 137 137 137 137 137 137 137 172 254 139 36 90 190 185 210 178 11 77 88 50 190 147 68 103 87 173 161 53 250 114 237 75 167 79 117 171 237 53 90 12 198 206 138 236 9 225 56 137 246 183 237 162 117 1 63 211 75 236 224 217 214 185 210 137 137 137 137 137 137 137 137 137 137 137 137 137 137 137 137 137 137 137 137 137 137 137 137 
121 121 121 121 121 121 121 121 121 121 121 121 121 121 121 121 121 121 121 121 121 121 121 121 121 121 121 121 121 121 121 121 121 121 121 121 121 121 121 121 121 121 121 121 121 121 121 121 48 21 32 151 177 78 34 44 239 82 36 135 224 132 153 241 252 102 114 35 117 8 229 241 191 224 17 38 60 2 19 28 151 20 139 8 139 192 64 93 215 130 46 143 92 133 18 144 246 113 152 50 41 74 92 182 121 121 121 121 121 121 121 121 121 121 121 121 121 121 121 121 121 121 121 121 121 121 121 121 
96 96 96 96 96 96 96 96 96 96 96 96 96 96 96 96 96 96 96 96 96 96 96 96 96 96 96 96 96 96 96 96 96 96 96 96 96 96 96 96 96 96 96 96 96 96 96 96 198 244 96 151 72 26 222 139 235 247 1 224 100 111 53 36 89 241 146 179 5 138 146 227 6 20 167 200 34 195 244 21 164 26 9 46 47 223 220 4 8 116 83 177 60 10 219 218 149 40 3 182 128 148 74 51 96 96 96 96 96 96 96 96 96 96 96 96 96 96 96 96 96 96 96 96 96 96 96 96 
178 178 178 178 178 178 178 178 178 178 178 178 178 178 178 178 178 178 178 178 178 178 178 178 178 178 178 178 178 178 178 178 178 178 178 178 178 178 178 178 178 178 178 178 178 178 178 178 139 213 21 84 112 158 241 70 112 16 249 164 119 74 242 67 62 219 237 215 69 220 23 139 217 139 83 93 144 64 245 161 28 88 192 109 213 32 210 135 208 127 50 65 178 82 81 20 78 182 53 114 17 86 254 67 178 178 178 178 178 178 178 178 178 178 178 178 178 178 178 178 178 178 178 178 178 178 178 178 
91 91 91 91 91 91 91 91 91 91 91 91 91 91 91 91 91 91 91 91 91 91 91 91 91 91 91 91 91 91 91 91 91 91 91 91 91 91 91 91 91 91 91 91 91 91 91 91 236 42 110 159 149 202 247 128 101 96 123 86 36 149 157 241 177 5 105 102 180 155 163 193 29 214 139 131 104 142 19 111 146 173 27 102 22 50 186 84 250 168 161 251 6 39 194 157 121 71 93 217 17 137 178 229 91 91 91 91 91 91 91 91 91 91 91 91 91 91 91 91 91 91 91 91 91 91 91 91 
1 1 1 1 1 1 1 1 1 1 1 1 1 1 1 1 1 1 1 1 1 1 1 1 1 1 1 1 1 1 1 1 1 1 1 1 1 1 1 1 1 1 1 1 1 1 1 1 164 140 188 128 34 196 3 116 180 51 0 27 249 184 111 206 16 33 162 129 198 146 156 174 95 73 88 31 81 38 199 229 223 199 165 245 16 127 109 110 63 197 203 160 38 84 29 109 197 222 170 209 211 6 42 89 1 1 1 1 1 1 1 1 1 1 1 1 1 1 1 1 1 1 1 1 1 1 1 1 
6 6 6 6 6 6 6 6 6 6 6 6 6 6 6 6 6 6 6 6 6 6 6 6 6 6 6 6 6 6 6 6 6 6 6 6 6 6 6 6 6 6 6 6 6 6 6 6 179 106 227 157 146 134 63 168 37 39 155 149 138 99 151 22 82 6 175 230 133 247 157 60 30 102 85 186 81 144 243 130 168 170 188 65 76 222 93 100 241 109 31 156 130 135 249 68 125 122 127 9 127 222 81 237 6 6 6 6 6 6 6 6 6 6 6 6 6 6 6 6 6 6 6 6 6 6 6 6 
98 98 98 98 98 98 98 98 98 98 98 98 98 98 98 98 98 98 98 98 98 98 98 98 98 98 98 98 98 98 98 98 98 98 98 98 98 98 98 98 98 98 98 98 98 98 98 98 96 242 178 148 214 230 65 154 246 121 202 149 210 0 147 119 175 23 194 204 139 8 39 145 22 215 166 24 30 73 169 253 63 230 94 82 123 241 209 29 237 10 144 39 37 75 33 7 43 81 106 129 204 43 159 18 98 98 98 98 98 98 98 98 98 98 98 98 98 98 98 98 98 98 98 98 98 98 98 98 
219 219 219 219 219 219 219 219 219 219 219 219 219 219 219 219 219 219 219 219 219 219 219 219 219 219 219 219 219 219 219 219 219 219 219 219 219 219 219 219 219 219 219 219 219 219 219 219 215 247 117 242 80 174 15 246 4 48 86 177 111 69 45 166 6 53 35 137 179 102 200 167 13 242 62 160 118 182 195 14 177 166 166 80 102 250 41 140 0 112 85 170 101 110 86 231 157 109 102 217 98 240 19 49 219 219 219 219 219 219 219 219 219 219 219 219 219 219 219 219 219 219 219 219 219 219 219 219 
1 1 1 1 1 1 1 1 1 1 1 1 1 1 1 1 1 1 1 1 1 1 1 1 1 1 1 1 1 1 1 1 1 1 1 1 1 1 1 1 1 1 1 1 1 1 1 1 90 5 247 46 97 66 126 230 245 252 21 208 168 130 1 255 216 174 105 32 17 56 101 240 202 155 110 11 201 73 67 197 200 164 238 45 17 218 176 179 39 226 226 114 61 92 99 166 6 184 157 250 26 238 135 188 1 1 1 1 1 1 1 1 1 1 1 1 1 1 1 1 1 1 1 1 1 1 1 1 
26 26 26 26 26 26 26 26 26 26 26 26 26 26 26 26 26 26 26 26 26 26 26 26 26 26 26 26 26 26 26 26 26 26 26 26 26 26 26 26 26 26 26 26 26 26 26 26 141 99 172 175 232 238 183 135 16 223 211 251 13 148 26 167 64 124 3 101 127 81 251 204 189 94 52 235 32 209 243 99 198 24 48 232 106 165 63 22 146 177 29 210 121 26 169 121 151 30 190 120 27 97 173 24 26 26 26 26 26 26 26 26 26 26 26 26 26 26 26 26 26 26 26 26 26 26 26 26 
250 250 250 250 250 250 250 250 250 250 250 250 250 250 250 250 250 250 250 250 250 250 250 250 250 250 250 250 250 250 250 250 250 250 250 250 250 250 250 250 250 250 250 250 250 250 250 250 91 71 240 180 73 21 125 51 57 182 15 109 50 185 15 249 209 189 153 186 206 125 177 249 124 49 244 12 49 139 247 126 73 132 97 114 220 94 102 76 250 49 3 177 27 129 56 71 252 168 41 146 124 43 91 0 250 250 250 250 250 250 250 250 250 250 250 250 250 250 250 250 250 250 250 250 250 250 250 250 
74 74 74 74 74 74 74 74 74 74 74 74 74 74 74 74 74 74 74 74 74 74 74 74 74 74 74 74 74 74 74 74 74 74 74 74 74 74 74 74 74 74 74 74 74 74 74 74 56 179 51 60 242 84 216 220 147 167 127 169 42 169 71 188 92 68 211 245 142 163 177 9 90 174 255 82 186 26 80 4 213 100 178 247 33 96 11 98 232 52 168 143 27 166 245 123 110 29 11 59 45 145 35 66 74 74 74 74 74 74 74 74 74 74 74 74 74 74 74 74 74 74 74 74 74 74 74 74 
222 222 222 222 222 222 222 222 222 222 222 222 222 222 222 222 222 222 222 222 222 222 222 222 222 222 222 222 222 222 222 222 222 222 222 222 222 222 222 222 222 222 222 222 222 222 222 222 97 219 240 70 48 209 20 216 147 90 125 204 125 57 1 38 209 112 15 33 60 120 7 182 59 52 237 39 171 231 215 48 71 223 129 192 216 222 165 210 97 52 97 166 231 182 111 212 139 215 60 6 253 123 177 223 222 222 222 222 222 222 222 222 222 222 222 222 222 222 222 222 222 222 222 222 222 222 222 222 
148 148 148 148 148 148 148 148 148 148 148 148 148 148 148 148 227 16 103 141 93 238 178 202 228 130 20 0 14 118 171 87 0 154 153 156 119 248 194 195 208 127 221 91 174 55 223 242 148 218 62 223 249 44 221 151 114 29 176 98 158 69 236 242 132 72 136 67 188 183 119 25 148 6 12 11 22 180 85 9 94 176 226 26 150 132 80 41 153 139 227 71 128 218 27 125 166 60 189 242 238 113 116 37 209 47 106 224 134 54 115 95 148 148 148 148 148 148 148 148 148 148 148 148 148 148 148 148 
239 239 239 239 239 239 239 239 239 239 239 239 239 239 239 239 125 199 149 1 115 13 37 72 0 117 6 140 230 159 218 21 21 243 16 128 205 149 125 2 87 125 178 130 236 144 46 241 139 113 83 9 210 243 174 12 15 182 86 187 137 147 6 101 153 199 35 121 37 197 15 45 162 129 26 107 48 221 145 105 63 149 157 79 142 13 242 104 156 85 47 218 178 105 215 211 163 100 172 72 26 158 242 163 62 53 79 161 197 187 37 253 239 239 239 239 239 239 239 239 239 239 239 239 239 239 239 239 
137 137 137 137 137 137 137 137 137 137 137 137 137 137 137 137 149 28 169 110 175 19 9 18 68 43 113 220 243 136 37 71 99 154 51 11 157 157 175 100 32 36 125 166 241 73 21 229 145 211 87 133 208 125 119 221 16 161 30 178 182 248 4 237 17 231 224 105 222 122 116 242 2 99 21 64 133 245 34 187 67 27 241 216 211 104 68 205 71 97 248 243 237 200 126 165 186 17 81 74 176 76 253 146 229 12 1 88 177 75 193 252 137 137 137 137 137 137 137 137 137 137 137 137 137 137 137 137 
121 121 121 121 121 121 121 121 121 121 121 121 121 121 121 121 39 2 130 104 179 177 76 234 71 146 57 229 40 253 188 117 186 99 240 180 47 122 206 101 25 82 188 75 240 143 126 18 41 153 209 102 69 184 115 2 252 29 16 147 51 36 218 108 157 163 245 134 137 195 214 180 120 121 134 198 155 78 254 237 18 5 90 128 47 167 197 235 18 112 59 175 115 132 195 44 117 141 19 151 181 45 146 44 80 120 24 214 71 248 77 133 121 121 121 121 121 121 121 121 121 121 121 121 121 121 121 121 
96 96 96 96 96 96 96 96 96 96 96 96 96 96 96 96 168 29 0 89 59 11 96 5 215 35 59 5 149 77 147 42 197 239 16 21 132 117 75 35 218 102 97 98 230 14 1 125 58 218 100 110 78 185 27 182 116 93 168 216 234 21 154 113 105 20 205 228 183 209 252 106 140 107 129 225 28 155 236 177 205 151 127 32 112 241 107 238 221 4 178 4 96 172 225 167 138 233 234 149 216 163 151 104 50 47 130 239 128 178 101 71 96 96 96 96 96 96 96 96 96 96 96 96 96 96 96 96 
178 178 178 178 178 178 178 178 178 178 178 178 178 178 178 178 33 40 71 196 90 158 193 87 87 85 71 135 132 2 139 44 95 91 204 102 23 139 232 187 241 221 225 38 45 68 109 29 230 179 57 157 207 198 75 97 8 157 93 86 64 79 51 96 164 117 118 41 230 127 7 88 55 93 231 172 165 187 156 19 204 225 71 152 1 184 84 163 39 236 0 203 76 222 132 248 203 35 181 100 185 214 46 134 136 247 19 138 48 41 43 80 178 178 178 178 178 178 178 178 178 178 178 178 178 178 178 178 
91 91 91 91 91 91 91 91 91 91 91 91 91 91 91 91 180 108 230 21 94 44 152 206 190 204 36 125 191 247 252 216 69 177 247 126 175 85 15 165 22 103 7 167 197 237 94 214 73 110 166 144 216 132 13 110 104 66 37 181 64 172 118 152 233 143 207 53 78 233 150 239 118 211 108 98 109 205 75 47 226 133 42 15 161 10 193 78 197 164 56 238 189 52 14 221 228 213 27 39 21 205 8 222 239 159 78 174 16 45 114 218 91 91 91 91 91 91 91 91 91 91 91 91 91 91 91 91 
1 1 1 1 1 1 1 1 1 1 1 1 1 1 1 1 151 112 10 123 137 19 118 98 99 15 70 227 247 16 113 61 159 82 224 3 44 115 221 190 169 73 165 83 125 44 5 175 60 63 73 68 4 168 8 17 66 150 51 11 161 228 102 139 227 232 68 244 239 115 115 237 158 1 212 116 100 249 199 230 110 228 190 195 186 181 58 123 109 147 134 239 64 47 69 204 186 235 0 61 83 151 206 77 91 96 62 143 46 22 64 8 1 1 1 1 1 1 1 1 1 1 1 1 1 1 1 1 
6 6 6 6 6 6 6 6 6 6 6 6 6 6 6 6 209 42 183 145 240 50 74 254 218 75 33 143 56 221 200 141 228 40 94 102 223 47 0 49 12 42 182 73 64 74 104 41 93 87 171 232 95 47 109 255 255 108 82 181 85 0 205 249 245 40 67 90 18 113 240 154 177 7 226 77 187 49 93 129 130 231 238 222 88 205 82 120 119 243 142 248 60 50 102 63 108 110 86 146 243 69 31 62 251 184 25 10 150 233 239 177 6 6 6 6 6 6 6 6 6 6 6 6 6 6 6 6 
98 98 98 98 98 98 98 98 98 98 98 98 98 98 98 98 175 119 92 17 62 204 88 105 46 163 204 41 12 32 86 120 162 224 87 8 148 85 207 21 122 220 193 218 95 55 76 233 185 90 201 30 227 155 67 182 71 233 56 117 78 139 187 227 174 75 54 191 144 188 90 182 124 13 171 86 108 137 7 231 29 15 77 39 36 146 62 40 165 143 73 114 63 149 130 205 57 196 169 179 181 164 248 195 215 97 9 36 14 107 38 206 98 98 98 98 98 98 98 98 98 98 98 98 98 98 98 98 
219 219 219 219 219 219 219 219 219 219 219 219 219 219 219 219 161 26 16 199 110 165 213 204 214 195 167 59 37 140 28 97 250 116 0 110 134 70 27 139 164 97 159 135 2 138 177 51 186 101 7 104 101 178 121 24 214 178 86 52 24 71 155 37 137 126 168 226 168 51 147 7 249 122 122 94 200 118 26 148 59 111 184 35 49 192 243 201 12 250 45 66 118 174 91 188 45 94 40 183 234 37 25 182 138 147 255 115 10 77 157 53 219 219 219 219 219 219 219 219 219 219 219 219 219 219 219 219 
1 1 1 1 1 1 1 1 1 1 1 1 1 1 1 1 199 72 234 2 54 131 6 222 22 192 237 232 166 70 117 105 76 78 143 144 208 47 218 182 100 86 147 148 81 32 26 82 154 30 25 69 148 222 110 179 25 20 103 92 74 205 100 12 173 143 165 97 128 202 147 201 119 148 101 244 242 225 27 42 168 201 112 139 92 52 210 239 24 68 113 39 63 246 68 173 111 21 136 163 116 129 14 226 173 201 66 214 72 62 49 255 1 1 1 1 1 1 1 1 1 1 1 1 1 1 1 1 
26 26 26 26 26 26 26 26 26 26 26 26 26 26 26 26 30 126 59 38 155 31 152 3 132 48 114 56 14 50 216 43 34 242 17 205 3 181 247 141 226 10 32 9 75 156 225 228 170 225 109 204 103 19 58 101 26 65 52 68 56 148 240 140 182 8 97 143 216 108 103 157 50 231 136 103 59 88 10 44 188 122 110 18 151 92 143 96 36 173 119 126 102 128 235 165 16 34 252 109 83 166 244 237 191 42 202 133 235 231 86 175 26 26 26 26 26 26 26 26 26 26 26 26 26 26 26 26 
250 250 250 250 250 250 250 250 250 250 250 250 250 250 250 250 161 212 136 172 129 104 91 171 77 228 146 187 252 134 85 101 55 169 153 25 200 237 194 222 231 53 40 175 221 227 149 85 98 150 89 70 183 207 137 74 103 47 21 245 201 106 81 71 66 158 77 216 4 123 254 69 36 158 121 85 69 102 56 7 61 114 171 231 250 220 186 130 108 237 217 39 64 99 220 93 4 246 51 220 199 220 70 201 27 14 239 188 239 175 85 163 250 250 250 250 250 250 250 250 250 250 250 250 250 250 250 250 
74 74 74 74 74 74 74 74 74 74 74 74 74 74 74 74 147 71 117 142 165 252 31 232 51 217 190 173 85 99 185 34 99 191 22 237 61 110 15 4 144 107 125 92 132 195 242 141 21 91 192 163 92 72 220 207 240 11 138 48 231 140 171 210 146 208 238 151 144 9 89 237 60 253 184 0 185 45 186 42 133 218 166 6 23 115 0 87 81 208 182 153 24 168 59 145 88 10 69 98 209 191 70 29 151 143 167 195 89 34 143 97 74 74 74 74 74 74 74 74 74 74 74 74 74 74 74 74 
222 222 222 222 222 222 222 222 222 222 222 222 222 222 222 222 23 61 80 4 199 249 13 230 98 138 186 34 41 232 19 234 40 78 193 250 103 152 73 117 13 82 54 80 112 81 3 15 223 36 125 211 5 83 232 216 85 184 17 17 36 255 173 120 219 254 17 65 216 84 102 248 246 93 220 137 116 171 132 28 99 239 32 178 201 255 202 48 139 176 249 167 124 131 92 221 140 66 31 231 134 164 234 7 158 149 248 7 76 115 163 177 222 222 222 222 222 222 222 222 222 222 222 222 222 222 222 222 
148 148 148 148 148 148 108 108 112 250 198 26 101 107 122 190 132 96 176 209 176 25 41 113 176 205 103 49 141 77 191 103 25 23 196 221 184 6 246 230 203 245 29 146 0 241 101 93 61 148 205 222 75 127 97 120 60 21 89 176 64 92 196 133 33 46 62 22 176 5 161 234 51 100 61 21 245 10 159 235 184 176 177 196 5 161 88 199 132 45 110 222 112 226 117 86 155 221 30 109 180 8 199 45 76 7 25 91 17 18 84 66 148 148 148 148 148 148 148 148 148 148 148 148 148 148 148 148 
239 239 239 239 239 239 170 170 55 111 210 151 66 60 6 203 188 129 227 128 139 221 11 137 150 140 75 184 189 195 194 202 221 80 147 186 147 247 85 227 193 143 230 197 82 222 134 251 120 34 152 84 21 245 178 148 5 205 57 171 29 215 94 247 92 153 16 130 171 126 35 211 104 77 82 56 210 227 210 201 195 144 29 87 60 243 102 126 26 33 68 204 115 59 160 16 83 154 188 28 39 239 208 156 91 163 24 47 160 13 79 91 239 239 239 239 239 239 239 239 239 239 239 239 239 239 239 239 
137 137 137 137 137 137 149 149 134 66 159 2 0 229 141 157 177 210 144 245 112 247 207 52 200 228 56 186 162 21 190 133 68 251 242 193 147 112 31 228 232 25 153 17 219 118 210 251 248 124 53 165 252 239 243 177 92 75 75 11 154 29 28 248 35 44 132 33 91 47 101 46 207 105 21 159 52 229 163 55 239 54 109 85 46 82 229 164 255 8 79 10 215 109 92 156 2 83 39 36 135 162 43 121 192 178 232 93 120 239 199 125 137 137 137 137 137 137 137 137 137 137 137 137 137 137 137 137 
121 121 121 121 121 121 245 245 215 65 219 162 208 141 168 209 240 213 84 1 79 250 15 145 202 184 9 87 198 229 241 93 223 207 241 130 73 226 136 97 14 5 4 31 125 255 139 78 246 9 29 21 16 163 128 222 177 198 156 10 146 31 128 150 101 211 2 37 219 187 127 28 0 27 151 64 223 187 53 248 174 137 82 8 122 218 144 153 66 75 140 127 27 210 29 252 186 112 148 253 40 64 153 191 60 67 218 141 126 9 97 169 121 121 121 121 121 121 121 121 121 121 121 121 121 121 121 121 
96 96 96 96 96 96 73 73 231 25 239 23 93 75 174 36 141 151 214 202 153 56 35 83 245 202 18 5 156 92 122 196 84 166 176 116 249 9 124 224 57 174 69 78 254 52 130 77 69 39 57 15 155 235 227 15 38 127 248 250 156 182 208 195 92 217 242 35 44 254 29 185 214 21 24 220 94 239 230 230 119 109 171 13 219 68 95 213 156 238 33 100 232 173 48 144 79 213 23 90 245 236 47 190 184 39 206 106 252 230 179 100 96 96 96 96 96 96 96 96 96 96 96 96 96 96 96 96 
178 178 178 178 178 178 235 235 215 216 53 39 172 103 34 63 105 5 4 55 207 20 245 44 224 79 93 177 220 4 33 113 232 23 113 104 215 94 203 152 18 52 52 251 219 4 22 88 50 102 113 170 5 67 101 37 63 210 161 157 217 75 15 204 55 248 245 101 85 80 249 187 202 21 156 43 71 162 188 234 162 199 117 89 190 199 5 2 194 74 189 209 26 17 187 229 151 3 61 168 178 73 147 16 242 176 16 71 217 249 9 25 178 178 178 178 178 178 178 178 178 178 178 178 178 178 178 178 
91 91 91 91 91 91 17 17 71 156 130 105 175 3 74 215 143 255 127 34 1 199 132 29 170 159 180 121 205 23 101 218 251 219 9 13 67 51 120 18 4 194 146 181 234 138 139 188 119 190 13 31 13 149 231 182 206 44 144 190 132 200 134 161 72 225 82 219 55 14 224 26 129 194 203 112 20 33 208 29 163 50 59 14 186 15 154 223 135 33 173 176 239 162 244 250 26 187 75 81 136 138 45 201 58 99 58 197 238 15 154 26 91 91 91 91 91 91 91 91 91 91 91 91 91 91 91 91 
1 1 1 1 1 1 83 83 94 61 18 210 13 199 198 243 61 178 117 22 141 204 218 9 83 104 165 66 130 69 77 244 179 31 126 130 46 170 28 229 47 37 240 123 41 149 122 36 227 126 62 80 127 84 32 52 206 105 237 20 242 93 204 245 203 1 87 87 150 71 205 72 109 81 118 13 112 157 199 228 225 113 101 27 224 53 110 186 194 20 54 37 179 46 99 186 146 170 252 226 25 46 238 211 75 227 235 226 93 79 205 146 1 1 1 1 1 1 1 1 1 1 1 1 1 1 1 1 
6 6 6 6 6 6 20 20 128 147 4 235 76 221 13 45 5 247 52 219 11 77 118 175 2 183 119 235 220 95 179 28 172 135 224 145 21 11 25 151 22 18 181 2 157 110 147 203 90 242 226 141 231 236 240 79 167 122 133 153 152 35 146 196 27 237 157 190 36 118 132 16 175 11 185 57 95 186 67 230 47 249 173 114 153 136 200 143 219 246 79 190 203 187 145 244 75 205 228 211 68 180 238 252 99 154 220 47 94 204 30 31 6 6 6 6 6 6 6 6 6 6 6 6 6 6 6 6 
98 98 98 98 98 98 54 54 171 209 156 199 6 127 79 55 28 137 190 104 215 127 16 162 183 138 30 254 146 40 226 87 62 92 113 193 38 3 50 4 244 124 144 252 141 237 193 37 115 212 6 165 99 51 71 240 209 205 124 33 148 108 63 215 67 96 165 74 0 187 114 224 46 97 138 123 233 154 230 121 63 50 50 218 236 35 227 85 223 25 76 218 166 235 14 251 254 156 226 207 205 54 165 14 216 128 203 157 60 160 228 50 98 98 98 98 98 98 98 98 98 98 98 98 98 98 98 98 
219 219 219 219 219 219 204 204 102 189 121 37 226 127 32 34 245 44 104 38 155 209 6 26 73 110 162 10 108 87 169 82 238 240 72 117 37 61 94 32 27 175 26 10 17 236 54 110 95 29 0 140 190 113 194 22 25 195 50 27 80 110 117 151 14 3 99 165 178 31 9 49 92 29 78 186 78 118 70 78 84 19 124 33 55 245 150 83 174 30 96 194 132 141 86 127 70 119 36 86 8 202 203 134 96 54 223 71 168 175 59 46 219 219 219 219 219 219 219 219 219 219 219 219 219 219 219 219 
1 1 1 1 1 1 219 219 212 146 247 135 132 82 224 215 54 212 58 127 120 149 24 60 47 103 186 81 156 142 71 83 40 61 83 107 139 14 34 57 142 20 88 78 93 163 139 167 215 67 154 207 186 52 45 151 132 120 131 25 187 225 119 47 150 71 250 150 221 253 4 14 169 170 188 185 152 123 11 101 104 230 178 65 9 187 176 249 69 36 36 74 185 162 89 147 30 198 199 162 208 143 55 143 104 55 225 100 230 22 4 18 1 1 1 1 1 1 1 1 1 1 1 1 1 1 1 1 
26 26 26 26 26 26 5 5 86 133 15 10 198 12 75 242 212 107 253 216 85 221 8 19 245 248 3 179 121 106 9 35 18 224 224 33 254 18 50 113 150 120 233 119 119 254 195 2 219 104 190 156 179 102 189 154 192 11 120 25 113 118 116 150 24 171 205 194 219 176 96 232 61 41 137 196 245 48 147 3 83 109 99 142 195 11 123 65 177 140 86 160 136 51 252 5 246 220 36 130 191 117 135 58 249 54 143 176 113 176 162 20 26 26 26 26 26 26 26 26 26 26 26 26 26 26 26 26 
250 250 250 250 250 250 77 77 112 78 40 172 237 43 88 191 74 65 109 105 170 104 181 170 210 61 240 199 90 21 90 210 154 127 57 165 150 190 55 39 252 185 171 250 245 81 195 98 209 22 189 101 34 122 180 162 20 91 139 137 198 76 250 23 141 99 46 250 249 236 89 29 202 63 166 255 59 174 2 214 88 192 251 97 184 62 109 244 215 53 56 251 211 226 112 180 159 174 56 63 231 232 80 141 160 242 42 196 129 35 154 145 250 250 250 250 250 250 250 250 250 250 250 250 250 250 250 250 
74 74 74 74 74 74 94 94 244 180 15 166 82 128 175 133 66 226 229 250 246 23 216 242 40 116 46 237 147 163 226 6 254 218 149 55 145 9 53 203 219 14 177 41 229 33 242 138 210 7 40 166 5 43 110 51 253 234 131 158 76 248 1 100 43 162 181 21 227 48 98 150 83 82 214 89 66 5 114 203 71 214 188 102 248 215 196 38 157 232 10 115 123 74 194 38 119 13 5 34 68 205 202 107 173 127 48 38 159 141 105 178 74 74 74 74 74 74 74 74 74 74 74 74 74 74 74 74 
222 222 222 222 222 222 211 211 158 49 123 67 84 226 3 103 156 186 45 9 137 162 26 244 254 2 219 81 191 151 135 124 4 44 187 185 133 21 135 227 50 39 208 234 97 48 8 200 240 185 103 14 180 154 185 75 225 154 250 206 217 234 152 77 104 169 233 14 97 42 187 194 107 195 134 126 42 94 92 178 20 252 20 133 239 249 122 130 235 94 243 45 142 183 69 246 254 141 49 41 142 137 218 13 253 219 170 132 70 113 232 216 222 222 222 222 222 222 222 222 222 222 222 222 222 222 222 222 
148 148 148 148 148 148 148 148 105 26 149 229 125 161 205 51 171 163 62 126 32 245 190 22 10 38 100 35 164 240 60 71 59 33 30 216 252 101 149 205 65 227 196 225 223 17 10 157 174 186 248 184 4 91 213 60 74 90 164 152 166 124 101 74 150 136 171 125 88 255 45 38 57 41 97 75 69 71 33 123 162 70 126 38 218 101 101 239 209 94 90 207 255 105 190 211 28 170 68 218 82 101 90 25 44 157 42 253 29 253 43 111 208 147 126 246 145 179 141 43 86 113 148 148 148 148 108 234 
239 239 239 239 239 239 239 239 122 192 7 172 80 123 184 61 237 22 201 43 101 91 163 150 106 94 146 174 220 60 182 100 93 82 37 74 239 53 64 72 190 59 152 41 158 253 173 101 227 212 72 180 52 126 124 26 188 205 160 244 249 136 156 125 59 169 74 110 77 55 8 61 251 125 104 223 131 104 105 60 136 161 239 249 170 63 16 45 226 230 8 234 244 208 202 71 114 207 228 102 239 183 250 178 97 58 56 173 228 98 106 88 93 169 237 2 182 161 21 230 211 33 239 239 239 239 170 239 
137 137 137 137 137 137 137 137 162 3 98 8 130 245 253 14 24 87 248 162 32 243 163 235 83 151 95 95 71 7 77 116 195 81 58 173 25 192 38 180 127 105 54 234 225 67 232 128 238 77 62 218 99 130 198 28 38 248 96 76 198 74 61 114 71 160 203 81 128 189 189 73 152 36 86 209 70 245 81 222 177 60 12 241 190 109 243 48 253 170 22 75 156 51 237 28 185 222 78 144 244 173 146 54 253 238 4 123 104 16 75 80 101 54 236 98 177 215 75 79 163 72 137 137 137 137 149 168 
121 121 121 121 121 121 121 121 61 17 139 70 228 80 63 244 28 252 230 40 123 157 221 194 130 170 211 9 183 52 37 78 50 53 216 3 169 217 186 83 59 44 147 8 188 137 221 247 234 52 225 178 111 59 45 125 149 126 57 45 109 155 33 135 42 149 131 200 191 131 50 96 80 99 214 199 137 181 236 220 250 225 67 12 180 96 13 4 223 98 169 23 109 23 29 213 194 15 103 73 119 252 193 108 32 241 102 189 48 5 7 173 77 143 110 9 106 210 70 233 165 153 121 121 121 121 245 187 
96 96 96 96 96 96 96 96 11 189 243 183 74 204 217 148 81 98 253 136 198 22 112 67 254 111 153 36 168 211 68 149 140 214 74 210 5 147 89 154 11 154 62 176 41 206 76 183 183 173 223 90 51 20 101 98 20 129 204 11 201 131 229 75 44 186 193 62 245 123 215 14 188 169 73 208 138 134 142 48 169 56 250 5 215 69 69 218 7 50 255 103 115 143 64 84 212 133 119 18 141 143 84 89 208 244 246 70 179 140 1 244 237 173 111 136 194 69 187 150 247 212 96 96 96 96 73 217 
178 178 178 178 178 178 178 178 254 212 11 208 144 184 124 68 13 225 105 145 157 67 66 115 6 75 183 185 0 62 250 36 36 68 132 125 156 150 226 226 135 143 61 249 42 109 153 112 128 122 235 39 71 244 244 244 18 87 198 26 38 199 241 233 110 40 107 255 229 79 207 20 21 25 179 194 67 173 57 200 31 136 254 42 52 43 162 146 63 212 9 120 24 253 49 60 141 181 245 90 0 130 100 68 12 9 91 243 191 18 182 12 3 165 213 165 78 247 205 243 42 67 178 178 178 178 235 208 
91 91 91 91 91 91 91 91 231 58 117 128 252 180 198 173 237 114 220 186 110 244 97 66 85 41 46 17 187 160 203 120 123 42 49 222 174 148 3 129 2 37 0 149 180 242 139 204 242 158 240 188 100 209 64 13 248 92 81 78 78 117 209 89 212 123 25 70 185 249 187 202 39 129 174 34 176 35 107 155 197 175 128 223 61 148 253 243 208 0 10 144 122 25 222 148 211 106 213 38 150 66 42 14 182 213 26 10 108 103 147 222 41 45 118 237 52 102 28 85 18 206 91 91 91 91 17 195 
1 1 1 1 1 1 1 1 189 112 54 132 12 223 212 129 35 198 255 210 174 32 215 92 52 65 244 234 52 30 165 175 170 186 175 110 18 144 158 13 254 8 148 104 25 67 99 163 78 201 109 102 42 254 218 40 147 136 121 33 109 189 34 61 115 90 29 49 189 196 129 13 121 108 81 69 196 55 215 61 135 183 58 239 109 135 152 12 56 67 128 177 193 4 230 174 48 11 9 39 120 219 246 176 165 226 151 221 69 128 14 127 165 87 63 109 116 13 189 38 16 21 1 1 1 1 83 74 
6 6 6 6 6 6 6 6 176 110 83 104 150 172 137 46 102 200 250 137 224 12 36 246 215 146 8 158 217 158 18 109 150 210 48 60 229 129 13 192 84 184 93 111 44 78 96 127 241 53 189 155 90 230 38 27 43 30 146 74 14 229 116 208 144 54 97 229 254 2 145 176 32 61 183 190 189 119 171 213 27 160 24 131 192 72 43 245 30 108 105 72 212 154 90 249 168 110 178 188 92 145 212 35 246 93 72 90 100 63 223 196 67 174 169 62 173 238 221 61 237 189 6 6 6 6 20 191 
98 98 98 98 98 98 98 98 116 138 246 248 144 44 205 176 133 99 237 9 124 87 183 23 179 169 178 223 249 85 24 65 49 49 43 234 52 61 250 108 204 175 88 245 193 209 127 85 169 185 73 60 186 249 100 54 85 68 72 35 71 149 71 108 65 131 192 55 222 107 71 86 171 27 18 72 200 111 101 191 160 242 159 18 237 7 213 187 231 16 7 187 199 161 172 230 182 88 32 137 216 227 122 126 134 19 89 96 66 162 54 92 15 123 112 102 82 28 33 84 130 244 98 98 98 98 54 35 
219 219 219 219 219 219 219 219 118 59 8 97 79 216 185 165 16 155 45 146 220 98 138 3 249 255 157 35 30 87 253 89 144 168 208 236 177 131 23 77 96 41 103 98 33 108 42 0 69 175 202 227 224 125 34 140 179 237 97 169 249 159 209 68 169 36 162 27 88 160 138 2 142 130 83 250 124 48 191 20 77 248 18 241 4 2 119 82 179 191 20 245 48 196 126 127 153 35 64 67 176 203 187 220 108 207 59 51 215 74 201 236 75 35 133 78 231 239 195 153 58 5 219 219 219 219 204 183 
1 1 1 1 1 1 1 1 225 152 209 15 174 101 52 250 48 249 56 222 138 35 15 215 14 163 168 216 160 34 61 192 114 15 128 1 214 120 85 171 156 246 207 179 183 96 112 147 143 56 81 130 20 47 31 96 17 210 84 196 168 198 58 242 15 29 127 119 187 67 40 253 180 190 30 68 9 210 99 221 18 94 128 161 242 154 254 117 3 234 115 255 218 24 47 36 172 204 117 73 48 96 8 111 45 249 101 169 195 253 33 56 85 89 23 103 112 190 247 84 239 70 1 1 1 1 219 181 
26 26 26 26 26 26 26 26 174 20 245 19 21 20 191 120 241 172 138 59 132 250 67 209 205 223 245 60 83 159 9 126 15 166 121 76 240 49 92 122 86 34 57 146 171 35 158 165 251 28 90 241 181 166 183 74 208 198 155 57 189 168 63 202 120 186 26 88 199 51 230 77 192 6 22 244 105 143 214 118 126 108 195 199 44 30 242 19 187 170 238 162 253 65 194 79 184 100 168 82 103 91 130 213 85 207 89 107 120 255 223 243 115 101 74 74 222 124 49 91 251 107 26 26 26 26 5 219 
250 250 250 250 250 250 250 250 142 119 123 121 232 139 80 112 55 220 161 187 249 207 122 248 91 44 137 58 193 158 44 40 34 151 41 86 129 241 48 52 92 221 125 34 78 242 202 136 59 109 38 27 223 157 36 175 67 102 197 174 64 0 5 164 163 217 91 130 114 168 0 107 175 208 67 81 229 202 155 161 193 255 36 100 46 240 237 99 27 251 12 40 118 71 24 8 35 96 164 34 44 45 5 67 249 23 214 41 250 66 134 57 92 5 78 76 182 234 10 23 100 48 250 250 250 250 77 169 
74 74 74 74 74 74 74 74 33 237 111 7 67 116 32 161 4 231 76 182 80 138 88 166 173 140 93 81 55 211 160 32 189 159 228 24 27 172 155 253 123 237 139 106 103 170 31 147 169 227 167 13 247 35 145 143 161 236 9 184 209 77 210 63 73 131 26 115 140 6 171 49 118 197 7 10 245 20 145 97 233 121 42 202 206 225 179 88 226 63 241 247 50 198 45 33 132 105 241 80 61 187 239 242 67 55 80 48 32 184 49 81 246 189 90 188 233 1 241 200 7 86 74 74 74 74 94 248 
222 222 222 222 222 222 222 222 23 12 34 168 133 211 220 115 121 241 253 79 189 143 94 109 153 83 22 59 105 251 72 26 219 179 217 41 203 55 170 142 136 130 220 231 233 8 148 198 43 49 33 46 122 223 118 214 83 178 54 164 144 73 205 89 138 41 244 210 192 157 33 240 56 165 96 32 19 69 21 57 142 72 223 71 4 176 166 41 74 100 211 90 21 123 142 161 119 90 169 27 206 208 202 16 227 157 75 201 105 55 152 166 171 60 137 135 120 141 37 56 224 56 222 222 222 222 211 92 
148 148 148 148 148 148 148 148 148 148 148 148 148 148 148 148 148 148 148 148 148 148 148 148 244 78 17 172 215 61 157 89 25 61 248 237 145 124 157 242 95 122 137 52 223 39 194 105 93 52 84 91 75 4 34 164 171 19 185 211 61 27 208 108 87 89 138 238 200 67 8 0 219 238 190 202 43 172 255 167 191 247 85 56 191 202 50 111 148 148 148 148 148 148 148 148 148 148 148 148 148 148 148 148 148 148 148 148 148 148 148 148 148 148 148 148 148 148 148 148 148 148 148 148 148 148 148 148 
239 239 239 239 239 239 239 239 239 239 239 239 239 239 239 239 239 239 239 239 239 239 239 239 78 213 54 39 51 166 5 84 27 208 9 105 61 120 77 176 213 64 124 242 97 201 240 88 197 171 74 191 2 112 225 81 85 108 166 145 250 87 23 132 202 124 141 36 119 131 152 100 78 61 216 248 208 57 172 245 226 69 2 182 218 67 146 169 239 239 239 239 239 239 239 239 239 239 239 239 239 239 239 239 239 239 239 239 239 239 239 239 239 239 239 239 239 239 239 239 239 239 239 239 239 239 239 239 
137 137 137 137 137 137 137 137 137 137 137 137 137 137 137 137 137 137 137 137 137 137 137 137 245 71 172 12 125 210 219 23 122 113 177 247 45 71 98 98 19 58 203 192 113 103 17 204 193 144 110 9 36 139 119 241 94 172 252 116 140 32 72 14 110 58 253 39 15 31 179 87 113 102 5 159 64 235 167 5 151 137 35 205 152 158 60 233 137 137 137 137 137 137 137 137 137 137 137 137 137 137 137 137 137 137 137 137 137 137 137 137 137 137 137 137 137 137 137 137 137 137 137 137 137 137 137 137 
121 121 121 121 121 121 121 121 121 121 121 121 121 121 121 121 121 121 121 121 121 121 121 121 94 255 226 158 98 210 11 210 40 245 186 106 241 48 67 215 120 123 118 242 229 184 159 21 153 159 246 81 100 97 205 167 46 146 92 231 189 89 251 64 33 9 67 84 2 246 11 60 47 45 105 215 29 68 235 239 111 2 55 253 31 152 126 88 121 121 121 121 121 121 121 121 121 121 121 121 121 121 121 121 121 121 121 121 121 121 121 121 121 121 121 121 121 121 121 121 121 121 121 121 121 121 121 121 
96 96 96 96 96 96 96 96 96 96 96 96 96 96 96 96 96 96 96 96 96 96 96 96 105 40 212 5 177 113 86 162 175 60 129 133 34 75 183 178 99 232 238 85 6 185 246 252 47 199 11 12 67 220 234 209 95 65 233 166 34 104 223 194 100 225 37 63 76 240 169 33 136 94 53 76 45 172 46 36 60 110 144 148 117 73 13 47 96 96 96 96 96 96 96 96 96 96 96 96 96 96 96 96 96 96 96 96 96 96 96 96 96 96 96 96 96 96 96 96 96 96 96 96 96 96 96 96 
178 178 178 178 178 178 178 178 178 178 178 178 178 178 178 178 178 178 178 178 178 178 178 178 128 4 245 197 253 81 76 210 254 123 47 121 68 16 212 132 54 16 167 100 105 54 53 165 215 125 18 242 249 149 220 124 75 38 160 125 238 112 74 113 93 56 87 243 107 184 99 106 74 33 200 119 214 226 40 37 7 230 96 112 34 138 156 186 178 178 178 178 178 178 178 178 178 178 178 178 178 178 178 178 178 178 178 178 178 178 178 178 178 178 178 178 178 178 178 178 178 178 178 178 178 178 178 178 
91 91 91 91 91 91 91 91 91 91 91 91 91 91 91 91 91 91 91 91 91 91 91 91 242 255 190 139 88 226 217 133 28 162 187 171 65 184 42 41 148 37 222 202 106 97 30 158 20 120 5 245 57 195 66 91 99 233 6 55 116 236 5 198 171 186 89 183 55 87 1 82 217 159 70 115 194 222 33 23 96 2 211 155 132 228 138 117 91 91 91 91 91 91 91 91 91 91 91 91 91 91 91 91 91 91 91 91 91 91 91 91 91 91 91 91 91 91 91 91 91 91 91 91 91 91 91 91 
1 1 1 1 1 1 1 1 1 1 1 1 1 1 1 1 1 1 1 1 1 1 1 1 129 112 1 251 242 231 84 168 41 137 41 60 140 16 10 56 55 253 145 42 95 250 107 89 73 48 20 111 104 152 236 33 253 178 222 73 112 46 208 122 241 239 3 196 225 152 13 12 12 228 41 15 64 144 197 219 128 35 201 41 91 13 223 220 1 1 1 1 1 1 1 1 1 1 1 1 1 1 1 1 1 1 1 1 1 1 1 1 1 1 1 1 1 1 1 1 1 1 1 1 1 1 1 1 
6 6 6 6 6 6 6 6 6 6 6 6 6 6 6 6 6 6 6 6 6 6 6 6 241 122 70 195 213 200 112 184 198 136 110 244 170 82 93 130 20 233 169 167 244 201 32 117 168 8 56 69 181 125 58 165 113 16 67 46 234 64 39 55 231 2 209 191 130 216 76 226 194 183 218 16 60 231 119 49 228 151 142 14 114 49 8 137 6 6 6 6 6 6 6 6 6 6 6 6 6 6 6 6 6 6 6 6 6 6 6 6 6 6 6 6 6 6 6 6 6 6 6 6 6 6 6 6 
98 98 98 98 98 98 98 98 98 98 98 98 98 98 98 98 98 98 98 98 98 98 98 98 166 13 219 105 118 86 215 227 235 245 179 7 217 116 107 130 100 125 230 98 4 102 111 144 43 114 7 48 214 99 77 165 180 255 33 116 140 109 5 93 129 38 121 241 202 40 244 145 231 119 103 125 230 155 154 251 106 96 196 126 176 118 73 14 98 98 98 98 98 98 98 98 98 98 98 98 98 98 98 98 98 98 98 98 98 98 98 98 98 98 98 98 98 98 98 98 98 98 98 98 98 98 98 98 
219 219 219 219 219 219 219 219 219 219 219 219 219 219 219 219 219 219 219 219 219 219 219 219 106 213 38 230 23 88 229 202 179 236 33 25 27 118 169 122 245 228 65 205 130 20 60 52 229 86 14 190 61 39 117 63 189 57 70 75 254 160 37 48 114 28 7 78 25 97 138 104 213 31 241 67 119 100 163 163 104 47 186 214 145 27 59 7 219 219 219 219 219 219 219 219 219 219 219 219 219 219 219 219 219 219 219 219 219 219 219 219 219 219 219 219 219 219 219 219 219 219 219 219 219 219 219 219 
1 1 1 1 1 1 1 1 1 1 1 1 1 1 1 1 1 1 1 1 1 1 1 1 4 14 238 1 98 226 150 237 148 200 241 27 46 148 150 41 193 63 211 154 132 246 144 254 36 129 223 126 63 165 64 205 117 157 100 246 119 53 203 206 86 182 107 206 176 192 8 120 228 36 196 219 71 39 103 117 131 45 113 245 47 67 223 241 1 1 1 1 1 1 1 1 1 1 1 1 1 1 1 1 1 1 1 1 1 1 1 1 1 1 1 1 1 1 1 1 1 1 1 1 1 1 1 1 
26 26 26 26 26 26 26 26 26 26 26 26 26 26 26 26 26 26 26 26 26 26 26 26 231 114 211 127 236 42 171 228 244 5 23 60 209 51 29 5 127 20 103 71 74 3 152 136 85 140 64 143 108 198 37 32 105 121 161 187 137 55 42 167 8 149 168 179 170 53 215 208 80 178 113 182 251 0 229 251 52 213 42 153 124 176 4 141 26 26 26 26 26 26 26 26 26 26 26 26 26 26 26 26 26 26 26 26 26 26 26 26 26 26 26 26 26 26 26 26 26 26 26 26 26 26 26 26 
250 250 250 250 250 250 250 250 250 250 250 250 250 250 250 250 250 250 250 250 250 250 250 250 135 198 96 235 89 171 255 38 78 250 109 207 127 111 158 220 166 51 140 205 119 38 159 84 179 162 255 120 85 219 129 192 158 85 19 195 51 192 3 214 81 216 220 76 103 88 44 185 222 128 236 140 254 190 62 90 166 25 107 171 19 80 110 81 250 250 250 250 250 250 250 250 250 250 250 250 250 250 250 250 250 250 250 250 250 250 250 250 250 250 250 250 250 250 250 250 250 250 250 250 250 250 250 250 
74 74 74 74 74 74 74 74 74 74 74 74 74 74 74 74 74 74 74 74 74 74 74 74 10 142 126 167 29 75 232 119 15 67 176 149 146 165 165 118 219 98 176 173 226 41 49 143 163 208 25 0 29 25 88 106 67 129 75 27 35 32 45 131 133 78 234 149 13 68 170 123 136 186 225 242 205 89 240 61 4 40 203 193 184 199 117 240 74 74 74 74 74 74 74 74 74 74 74 74 74 74 74 74 74 74 74 74 74 74 74 74 74 74 74 74 74 74 74 74 74 74 74 74 74 74 74 74 
222 222 222 222 222 222 222 222 222 222 222 222 222 222 222 222 222 222 222 222 222 222 222 222 71 158 61 171 111 139 77 30 155 122 70 230 155 140 6 152 135 18 57 107 210 142 117 109 178 175 2 217 65 209 48 195 154 12 143 47 238 98 200 204 150 77 131 228 81 201 15 217 127 227 109 87 113 114 156 220 7 29 167 220 0 90 38 200 222 222 222 222 222 222 222 222 222 222 222 222 222 222 222 222 222 222 222 222 222 222 222 222 222 222 222 222 222 222 222 222 222 222 222 222 222 222 222 222 
148 148 148 148 148 148 148 148 148 148 148 148 148 148 148 148 17 138 210 111 44 46 243 12 123 9 16 202 183 44 154 188 208 85 185 168 52 211 90 210 31 43 215 193 57 74 162 154 228 47 148 105 178 93 45 208 154 49 69 39 130 44 85 226 75 248 181 101 2 219 236 92 204 55 10 1 189 3 38 249 104 163 62 94 176 177 37 185 3 80 203 88 79 150 127 115 179 251 119 161 22 60 99 25 148 148 148 148 148 148 148 148 148 148 148 148 148 148 148 148 148 148 148 148 148 148 148 148 
239 239 239 239 239 239 239 239 239 239 239 239 239 239 239 239 35 173 219 27 51 53 161 78 200 147 40 97 238 26 182 20 101 176 133 230 183 227 68 90 177 98 189 96 9 246 229 147 223 190 248 103 220 222 8 208 41 91 3 68 253 204 78 67 92 89 164 146 230 85 126 99 255 59 47 212 75 129 43 239 226 252 98 123 31 105 10 94 206 117 147 168 159 226 158 71 206 229 66 7 70 202 207 26 239 239 239 239 239 239 239 239 239 239 239 239 239 239 239 239 239 239 239 239 239 239 239 239 
137 137 137 137 137 137 137 137 137 137 137 137 137 137 137 137 185 180 150 220 169 225 5 194 125 165 54 130 166 52 233 151 66 187 57 233 60 214 49 121 202 112 156 156 101 236 104 251 153 147 113 149 164 108 139 110 47 81 12 6 137 184 35 102 162 119 227 36 93 188 122 208 18 86 239 163 248 233 1 217 255 144 215 34 177 64 178 30 224 182 77 58 220 119 95 186 88 228 188 237 1 221 237 79 137 137 137 137 137 137 137 137 137 137 137 137 137 137 137 137 137 137 137 137 137 137 137 137 
121 121 121 121 121 121 121 121 121 121 121 121 121 121 121 121 237 163 26 190 151 147 113 121 71 158 236 50 138 73 198 27 26 255 54 195 186 227 60 36 129 115 215 28 1 107 37 173 212 238 118 221 159 23 134 65 114 182 59 111 50 195 105 209 8 241 146 83 229 250 89 126 189 247 243 94 146 135 157 216 1 100 105 238 107 12 151 235 174 140 105 122 177 6 138 212 144 18 81 149 47 120 87 182 121 121 121 121 121 121 121 121 121 121 121 121 121 121 121 121 121 121 121 121 121 121 121 121 
96 96 96 96 96 96 96 96 96 96 96 96 96 96 96 96 207 217 247 92 152 181 218 17 112 209 43 29 192 163 183 141 231 6 209 167 45 248 77 10 226 117 173 104 57 212 253 235 129 158 142 86 53 236 208 48 197 37 6 52 100 15 254 14 127 221 214 99 29 103 143 120 128 165 35 44 31 240 249 36 43 171 202 175 103 225 180 13 60 209 204 110 35 182 244 129 97 177 74 236 51 63 211 148 96 96 96 96 96 96 96 96 96 96 96 96 96 96 96 96 96 96 96 96 96 96 96 96 
178 178 178 178 178 178 178 178 178 178 178 178 178 178 178 178 70 231 225 110 137 116 68 234 19 211 232 213 211 200 131 216 212 210 18 161 236 2 30 175 171 67 229 46 22 137 159 117 177 138 182 115 148 138 215 14 203 54 231 88 241 109 241 131 174 230 56 117 204 2 242 73 210 60 209 3 133 75 179 242 65 29 71 209 146 49 112 163 102 227 49 115 161 165 74 223 231 209 4 133 222 82 11 103 178 178 178 178 178 178 178 178 178 178 178 178 178 178 178 178 178 178 178 178 178 178 178 178 
91 91 91 91 91 91 91 91 91 91 91 91 91 91 91 91 112 120 255 88 61 133 115 172 134 141 48 77 241 223 41 150 209 96 130 182 37 29 150 37 222 32 2 29 178 201 161 117 82 75 88 85 113 180 206 82 155 140 185 138 109 61 31 128 178 208 56 242 47 118 253 73 110 235 128 232 165 183 225 103 22 44 240 77 94 215 104 30 65 56 175 240 80 0 157 145 218 124 82 0 161 98 203 137 91 91 91 91 91 91 91 91 91 91 91 91 91 91 91 91 91 91 91 91 91 91 91 91 
1 1 1 1 1 1 1 1 1 1 1 1 1 1 1 1 158 13 211 124 10 74 126 118 190 250 240 205 255 101 247 69 141 142 83 11 136 153 216 33 113 97 253 1 129 196 8 129 49 59 252 90 78 167 234 120 76 27 54 65 114 47 172 31 75 40 108 12 68 112 140 169 40 105 254 171 72 99 152 184 182 95 34 217 26 129 153 5 242 79 142 20 252 34 234 207 113 134 55 221 111 99 253 119 1 1 1 1 1 1 1 1 1 1 1 1 1 1 1 1 1 1 1 1 1 1 1 1 
6 6 6 6 6 6 6 6 6 6 6 6 6 6 6 6 28 50 193 96 81 110 90 188 237 18 169 66 113 100 219 132 234 187 146 166 178 86 186 188 0 105 31 30 126 94 45 251 25 229 60 182 171 141 40 4 91 90 50 186 162 101 221 185 10 22 14 56 167 73 175 25 113 74 38 31 185 21 95 67 150 56 125 238 254 141 81 41 87 53 211 101 180 185 185 110 247 21 51 70 141 75 89 45 6 6 6 6 6 6 6 6 6 6 6 6 6 6 6 6 6 6 6 6 6 6 6 6 
98 98 98 98 98 98 98 98 98 98 98 98 98 98 98 98 127 13 10 237 4 16 109 95 12 53 62 252 162 44 255 234 143 35 16 99 37 75 126 253 23 117 136 112 92 8 65 93 208 173 85 217 243 11 60 111 169 104 152 155 33 153 69 125 165 58 230 231 164 78 228 103 167 50 211 70 250 15 231 233 12 231 154 6 87 180 129 35 138 234 60 101 255 214 118 96 135 80 151 61 17 187 67 108 98 98 98 98 98 98 98 98 98 98 98 98 98 98 98 98 98 98 98 98 98 98 98 98 
219 219 219 219 219 219 219 219 219 219 219 219 219 219 219 219 154 206 149 72 111 131 229 58 149 83 246 47 20 76 159 210 140 101 33 156 60 82 172 90 194 153 74 11 139 34 190 179 210 115 33 109 174 105 47 213 152 64 139 64 190 80 202 106 31 205 184 156 133 48 92 89 235 176 134 50 184 52 83 200 67 223 188 241 180 229 66 174 100 245 188 179 122 241 42 69 178 93 95 118 6 204 192 63 219 219 219 219 219 219 219 219 219 219 219 219 219 219 219 219 219 219 219 219 219 219 219 219 
1 1 1 1 1 1 1 1 1 1 1 1 1 1 1 1 176 20 52 226 37 32 158 173 153 226 94 123 98 114 48 171 101 33 240 222 250 55 9 82 26 161 255 40 122 21 236 32 161 220 240 84 61 163 181 114 118 32 41 33 103 2 153 152 172 215 53 198 130 223 255 157 29 127 161 8 70 175 119 221 191 46 55 248 15 254 208 162 17 227 234 220 196 159 199 174 77 229 238 193 162 146 120 113 1 1 1 1 1 1 1 1 1 1 1 1 1 1 1 1 1 1 1 1 1 1 1 1 
26 26 26 26 26 26 26 26 26 26 26 26 26 26 26 26 237 11 123 54 20 12 218 67 136 88 88 0 153 231 242 209 84 64 27 119 41 206 172 247 128 67 209 186 150 50 161 148 124 72 214 122 234 31 99 40 46 171 161 45 203 175 250 176 160 18 126 52 142 163 117 243 50 207 65 69 8 66 241 82 4 170 119 32 144 8 121 205 66 137 74 75 48 215 66 135 46 214 231 52 210 213 45 14 26 26 26 26 26 26 26 26 26 26 26 26 26 26 26 26 26 26 26 26 26 26 26 26 
250 250 250 250 250 250 250 250 250 250 250 250 250 250 250 250 66 122 118 37 183 83 209 4 23 103 251 79 102 226 28 83 250 43 114 101 85 231 71 122 197 206 120 163 167 114 101 49 122 188 183 5 64 54 94 36 48 8 255 225 53 92 14 214 119 98 187 71 5 93 6 158 247 127 47 125 27 158 117 106 251 29 245 248 15 169 30 16 13 36 86 240 126 223 34 254 84 231 193 240 72 197 121 220 250 250 250 250 250 250 250 250 250 250 250 250 250 250 250 250 250 250 250 250 250 250 250 250 
74 74 74 74 74 74 74 74 74 74 74 74 74 74 74 74 64 225 144 124 50 17 24 191 48 3 142 244 137 246 211 35 228 212 96 118 201 238 158 225 53 89 130 223 136 118 45 79 250 36 178 27 87 141 109 253 210 184 122 229 177 73 105 114 232 130 145 27 174 169 212 214 42 127 167 195 63 195 19 21 162 103 117 139 242 204 217 92 61 234 172 17 187 46 135 240 228 91 213 171 236 160 174 170 74 74 74 74 74 74 74 74 74 74 74 74 74 74 74 74 74 74 74 74 74 74 74 74 
222 222 222 222 222 222 222 222 222 222 222 222 222 222 222 222 16 211 214 229 12 94 221 79 48 87 199 218 10 58 237 5 241 164 181 59 107 53 190 9 105 66 160 174 127 118 220 136 128 147 143 60 82 123 111 104 86 3 98 112 36 23 125 157 222 164 139 158 6 102 108 190 122 59 238 110 145 250 182 227 142 189 66 163 187 249 230 31 93 120 211 249 119 25 26 140 131 235 192 232 20 201 137 224 222 222 222 222 222 222 222 222 222 222 222 222 222 222 222 222 222 222 222 222 222 222 222 222 
148 148 148 148 148 148 148 148 148 148 148 148 148 148 148 148 148 148 148 148 148 148 148 148 76 122 129 99 70 27 66 205 51 188 231 186 78 53 204 76 78 223 223 5 227 47 105 94 127 94 219 30 152 235 234 38 129 132 130 158 46 81 162 111 66 29 98 51 202 42 132 154 51 215 19 155 188 208 61 209 70 173 168 48 212 119 199 151 185 141 198 40 214 36 36 126 148 148 148 148 148 148 148 148 148 148 148 148 148 148 148 148 148 148 148 148 148 148 148 148 148 148 148 148 148 148 148 148 
239 239 239 239 239 239 239 239 239 239 239 239 239 239 239 239 239 239 239 239 239 239 239 239 248 14 50 163 42 201 135 68 244 86 206 4 160 250 180 29 30 44 213 55 64 131 66 162 173 123 45 7 224 131 32 159 80 72 118 251 164 176 162 50 71 164 31 85 248 105 72 231 86 235 131 44 145 75 111 68 91 175 144 21 123 72 163 51 252 177 147 19 111 62 104 101 239 239 239 239 239 239 239 239 239 239 239 239 239 239 239 239 239 239 239 239 239 239 239 239 239 239 239 239 239 239 239 239 
137 137 137 137 137 137 137 137 137 137 137 137 137 137 137 137 137 137 137 137 137 137 137 137 51 74 18 26 250 217 249 176 80 72 215 244 137 119 87 98 247 86 127 59 53 204 4 222 183 112 196 2 121 137 216 28 55 161 32 195 146 85 94 252 222 7 134 161 131 88 107 16 53 74 20 135 144 143 152 132 211 177 202 69 195 243 72 117 138 163 241 11 141 117 37 180 137 137 137 137 137 137 137 137 137 137 137 137 137 137 137 137 137 137 137 137 137 137 137 137 137 137 137 137 137 137 137 137 
121 121 121 121 121 121 121 121 121 121 121 121 121 121 121 121 121 121 121 121 121 121 121 121 51 126 215 97 30 32 98 114 31 114 65 193 235 34 138 16 215 158 36 112 132 196 4 127 156 47 14 135 83 134 72 37 120 128 103 77 214 173 17 206 12 73 60 225 102 40 130 66 164 218 0 193 121 168 57 13 108 160 93 109 136 212 114 117 187 102 239 11 176 78 24 72 121 121 121 121 121 121 121 121 121 121 121 121 121 121 121 121 121 121 121 121 121 121 121 121 121 121 121 121 121 121 121 121 
96 96 96 96 96 96 96 96 96 96 96 96 96 96 96 96 96 96 96 96 96 96 96 96 244 240 232 118 236 149 174 255 143 249 153 218 137 254 167 229 61 96 75 95 12 239 84 26 118 229 201 238 70 8 214 31 82 143 226 105 164 67 168 213 238 33 2 47 88 150 218 202 127 134 192 239 160 242 191 32 102 230 102 182 34 231 249 50 137 45 228 226 187 92 205 146 96 96 96 96 96 96 96 96 96 96 96 96 96 96 96 96 96 96 96 96 96 96 96 96 96 96 96 96 96 96 96 96 
178 178 178 178 178 178 178 178 178 178 178 178 178 178 178 178 178 178 178 178 178 178 178 178 214 209 128 253 231 251 101 238 247 236 202 222 14 144 120 221 126 151 57 255 151 184 38 70 171 232 195 68 175 94 112 47 236 11 148 106 39 227 211 103 25 79 199 52 145 112 230 147 65 194 84 249 19 129 214 118 156 40 77 81 186 216 220 95 133 31 128 168 247 154 81 54 178 178 178 178 178 178 178 178 178 178 178 178 178 178 178 178 178 178 178 178 178 178 178 178 178 178 178 178 178 178 178 178 
91 91 91 91 91 91 91 91 91 91 91 91 91 91 91 91 91 91 91 91 91 91 91 91 218 114 73 72 41 139 14 224 240 231 217 130 151 192 28 5 154 221 152 228 166 181 102 31 35 177 29 145 116 188 114 13 4 38 67 58 251 34 89 52 27 157 130 7 42 0 212 19 65 102 138 39 240 112 77 39 181 43 38 208 243 225 49 119 122 20 31 250 106 45 108 186 91 91 91 91 91 91 91 91 91 91 91 91 91 91 91 91 91 91 91 91 91 91 91 91 91 91 91 91 91 91 91 91 
1 1 1 1 1 1 1 1 1 1 1 1 1 1 1 1 1 1 1 1 1 1 1 1 7 145 86 158 231 172 205 15 156 78 82 76 229 116 183 52 190 31 82 114 62 63 38 75 176 0 220 15 0 3 7 220 106 126 251 182 161 137 167 104 245 118 16 166 100 39 210 226 44 43 63 98 50 162 118 37 175 139 33 189 95 104 120 9 34 153 38 192 199 9 11 27 1 1 1 1 1 1 1 1 1 1 1 1 1 1 1 1 1 1 1 1 1 1 1 1 1 1 1 1 1 1 1 1 
6 6 6 6 6 6 6 6 6 6 6 6 6 6 6 6 6 6 6 6 6 6 6 6 122 129 131 12 186 143 13 232 195 41 155 187 25 33 111 35 236 51 219 228 186 145 25 107 46 241 33 127 12 48 42 3 217 110 133 68 121 33 35 29 86 37 179 178 236 217 120 21 154 121 121 134 95 45 227 223 133 229 30 231 87 36 174 135 57 243 1 151 213 64 9 10 6 6 6 6 6 6 6 6 6 6 6 6 6 6 6 6 6 6 6 6 6 6 6 6 6 6 6 6 6 6 6 6 
98 98 98 98 98 98 98 98 98 98 98 98 98 98 98 98 98 98 98 98 98 98 98 98 81 155 187 234 248 22 69 169 19 45 2 232 189 183 27 15 162 4 176 253 12 77 170 126 130 204 137 131 137 150 57 45 121 98 65 2 85 46 32 200 215 93 150 91 20 211 129 124 73 219 230 196 116 162 151 172 252 80 197 58 208 213 203 10 51 241 54 93 101 52 252 154 98 98 98 98 98 98 98 98 98 98 98 98 98 98 98 98 98 98 98 98 98 98 98 98 98 98 98 98 98 98 98 98 
219 219 219 219 219 219 219 219 219 219 219 219 219 219 219 219 219 219 219 219 219 219 219 219 199 188 60 150 53 62 37 76 199 52 61 120 76 144 108 147 6 118 220 100 107 2 235 200 171 237 6 228 139 5 253 15 201 68 56 172 179 225 229 18 208 108 120 44 133 113 186 211 119 187 166 136 63 105 85 104 67 99 208 198 34 199 101 216 115 16 139 21 173 22 110 14 219 219 219 219 219 219 219 219 219 219 219 219 219 219 219 219 219 219 219 219 219 219 219 219 219 219 219 219 219 219 219 219 
1 1 1 1 1 1 1 1 1 1 1 1 1 1 1 1 1 1 1 1 1 1 1 1 117 15 58 145 229 143 205 7 114 87 203 165 91 60 255 105 207 51 49 168 224 151 96 26 89 172 254 194 230 234 90 116 164 110 103 220 85 226 123 108 12 148 156 227 20 44 29 242 72 111 66 6 225 127 45 76 44 203 14 137 109 99 188 104 120 234 211 62 180 200 85 134 1 1 1 1 1 1 1 1 1 1 1 1 1 1 1 1 1 1 1 1 1 1 1 1 1 1 1 1 1 1 1 1 
26 26 26 26 26 26 26 26 26 26 26 26 26 26 26 26 26 26 26 26 26 26 26 26 225 109 77 3 80 65 122 7 146 1 24 19 77 174 97 166 225 211 97 110 64 81 31 136 36 108 232 179 36 117 85 123 94 123 212 179 220 75 196 111 119 124 125 246 105 71 119 2 148 247 206 46 142 37 36 136 198 206 198 56 56 155 206 204 137 88 183 86 194 82 117 184 26 26 26 26 26 26 26 26 26 26 26 26 26 26 26 26 26 26 26 26 26 26 26 26 26 26 26 26 26 26 26 26 
250 250 250 250 250 250 250 250 250 250 250 250 250 250 250 250 250 250 250 250 250 250 250 250 194 148 120 81 85 33 39 204 101 252 15 125 0 36 214 253 159 76 246 41 167 191 124 121 165 137 153 54 28 180 229 160 168 83 107 160 86 152 196 91 163 241 164 56 80 81 16 130 223 175 67 57 114 220 230 98 96 223 6 12 153 139 33 29 177 43 143 111 130 127 60 230 250 250 250 250 250 250 250 250 250 250 250 250 250 250 250 250 250 250 250 250 250 250 250 250 250 250 250 250 250 250 250 250 
74 74 74 74 74 74 74 74 74 74 74 74 74 74 74 74 74 74 74 74 74 74 74 74 196 214 13 152 185 233 82 53 218 17 18 121 56 165 107 193 186 29 229 22 104 98 79 64 187 10 192 49 102 161 12 66 158 247 82 126 125 32 153 248 244 76 197 119 110 129 147 96 155 133 82 73 168 41 39 165 66 11 190 157 60 252 37 79 224 177 225 160 149 131 101 142 74 74 74 74 74 74 74 74 74 74 74 74 74 74 74 74 74 74 74 74 74 74 74 74 74 74 74 74 74 74 74 74 
222 222 222 222 222 222 222 222 222 222 222 222 222 222 222 222 222 222 222 222 222 222 222 222 67 153 160 243 114 126 76 191 131 50 243 242 138 5 191 240 67 188 210 38 182 208 206 101 227 2 32 114 75 140 98 218 184 98 187 190 79 189 38 8 145 114 25 13 147 58 60 125 226 235 88 164 56 193 59 218 118 108 140 158 60 199 33 234 247 31 250 199 176 112 181 76 222 222 222 222 222 222 222 222 222 222 222 222 222 222 222 222 222 222 222 222 222 222 222 222 222 222 222 222 222 222 222 222 
