87 103 105 200 87 103 105 200 87 103 105 200 87 103 105 200 87 103 105 200 87 103 105 200 87 103 105 200 87 103 105 200 87 103 105 200 87 103 105 200 87 103 105 200 87 103 105 200 87 103 105 200 87 103 105 200 87 103 105 200 87 103 105 200 75 104 186 123 127 123 192 191 62 188 90 27 16 18 148 105 87 103 105 200 87 103 105 200 87 103 105 200 87 103 105 200 87 103 105 200 87 103 105 200 87 103 105 200 87 103 105 200 87 103 105 200 87 103 105 200 87 103 105 200 87 103 105 200 
67 183 128 52 67 183 128 52 67 183 128 52 67 183 128 52 67 183 128 52 67 183 128 52 67 183 128 52 67 183 128 52 67 183 128 52 67 183 128 52 67 183 128 52 67 183 128 52 67 183 128 52 67 183 128 52 67 183 128 52 67 183 128 52 138 58 52 187 23 110 105 111 11 161 33 136 33 74 227 88 67 183 128 52 67 183 128 52 67 183 128 52 67 183 128 52 67 183 128 52 67 183 128 52 67 183 128 52 67 183 128 52 67 183 128 52 67 183 128 52 67 183 128 52 67 183 128 52 
101 0 243 95 101 0 243 95 101 0 243 95 101 0 243 95 101 0 243 95 101 0 243 95 101 0 243 95 101 0 243 95 101 0 243 95 101 0 243 95 101 0 243 95 101 0 243 95 101 0 243 95 101 0 243 95 101 0 243 95 101 0 243 95 189 196 88 20 127 209 166 34 29 122 127 149 252 76 182 218 101 0 243 95 101 0 243 95 101 0 243 95 101 0 243 95 101 0 243 95 101 0 243 95 101 0 243 95 101 0 243 95 101 0 243 95 101 0 243 95 101 0 243 95 101 0 243 95 
193 147 68 13 193 147 68 13 193 147 68 13 193 147 68 13 193 147 68 13 193 147 68 13 193 147 68 13 193 147 68 13 193 147 68 13 193 147 68 13 193 147 68 13 193 147 68 13 193 147 68 13 193 147 68 13 193 147 68 13 193 147 68 13 156 126 164 93 3 59 168 173 42 123 215 244 29 88 244 193 193 147 68 13 193 147 68 13 193 147 68 13 193 147 68 13 193 147 68 13 193 147 68 13 193 147 68 13 193 147 68 13 193 147 68 13 193 147 68 13 193 147 68 13 193 147 68 13 
87 103 105 200 87 103 105 200 87 103 105 200 87 103 105 200 87 103 105 200 87 103 105 200 87 103 105 200 87 103 105 200 87 103 105 200 87 103 105 200 87 103 105 200 87 103 105 200 87 103 105 200 87 103 105 200 87 103 105 200 87 103 105 200 133 56 77 195 116 137 118 178 241 166 15 58 189 175 26 35 87 103 105 200 87 103 105 200 87 103 105 200 87 103 105 200 87 103 105 200 87 103 105 200 87 103 105 200 87 103 105 200 87 103 105 200 87 103 105 200 87 103 105 200 87 103 105 200 
67 183 128 52 67 183 128 52 67 183 128 52 67 183 128 52 67 183 128 52 67 183 128 52 67 183 128 52 67 183 128 52 67 183 128 52 67 183 128 52 67 183 128 52 67 183 128 52 67 183 128 52 67 183 128 52 67 183 128 52 67 183 128 52 47 53 244 48 23 71 250 11 80 167 155 53 14 227 213 29 67 183 128 52 67 183 128 52 67 183 128 52 67 183 128 52 67 183 128 52 67 183 128 52 67 183 128 52 67 183 128 52 67 183 128 52 67 183 128 52 67 183 128 52 67 183 128 52 
101 0 243 95 101 0 243 95 101 0 243 95 101 0 243 95 101 0 243 95 101 0 243 95 101 0 243 95 101 0 243 95 101 0 243 95 101 0 243 95 101 0 243 95 101 0 243 95 101 0 243 95 101 0 243 95 101 0 243 95 101 0 243 95 182 43 146 136 184 35 67 202 121 136 239 47 12 62 87 118 101 0 243 95 101 0 243 95 101 0 243 95 101 0 243 95 101 0 243 95 101 0 243 95 101 0 243 95 101 0 243 95 101 0 243 95 101 0 243 95 101 0 243 95 101 0 243 95 
193 147 68 13 193 147 68 13 193 147 68 13 193 147 68 13 193 147 68 13 193 147 68 13 193 147 68 13 193 147 68 13 193 147 68 13 193 147 68 13 193 147 68 13 193 147 68 13 193 147 68 13 193 147 68 13 193 147 68 13 193 147 68 13 21 172 93 142 94 75 240 105 103 96 103 128 223 227 3 150 193 147 68 13 193 147 68 13 193 147 68 13 193 147 68 13 193 147 68 13 193 147 68 13 193 147 68 13 193 147 68 13 193 147 68 13 193 147 68 13 193 147 68 13 193 147 68 13 
87 103 105 200 87 103 105 200 87 103 105 200 87 103 105 200 87 103 105 200 87 103 105 200 87 103 105 200 87 103 105 200 87 103 105 200 87 103 105 200 87 103 105 200 87 103 105 200 87 103 105 200 87 103 105 200 53 244 173 211 168 38 109 108 60 5 2 75 151 117 232 217 132 18 27 20 150 66 183 189 158 1 22 73 85 112 41 91 87 103 105 200 87 103 105 200 87 103 105 200 87 103 105 200 87 103 105 200 87 103 105 200 87 103 105 200 87 103 105 200 87 103 105 200 87 103 105 200 
67 183 128 52 67 183 128 52 67 183 128 52 67 183 128 52 67 183 128 52 67 183 128 52 67 183 128 52 67 183 128 52 67 183 128 52 67 183 128 52 67 183 128 52 67 183 128 52 67 183 128 52 67 183 128 52 174 80 207 95 219 4 10 126 47 241 86 105 133 209 236 95 28 62 81 218 165 7 23 165 151 97 14 159 4 221 40 208 67 183 128 52 67 183 128 52 67 183 128 52 67 183 128 52 67 183 128 52 67 183 128 52 67 183 128 52 67 183 128 52 67 183 128 52 67 183 128 52 
101 0 243 95 101 0 243 95 101 0 243 95 101 0 243 95 101 0 243 95 101 0 243 95 101 0 243 95 101 0 243 95 101 0 243 95 101 0 243 95 101 0 243 95 101 0 243 95 101 0 243 95 101 0 243 95 66 182 4 178 30 225 132 80 22 48 208 235 236 136 147 193 77 59 71 189 34 219 15 89 120 80 208 88 243 253 203 121 101 0 243 95 101 0 243 95 101 0 243 95 101 0 243 95 101 0 243 95 101 0 243 95 101 0 243 95 101 0 243 95 101 0 243 95 101 0 243 95 
193 147 68 13 193 147 68 13 193 147 68 13 193 147 68 13 193 147 68 13 193 147 68 13 193 147 68 13 193 147 68 13 193 147 68 13 193 147 68 13 193 147 68 13 193 147 68 13 193 147 68 13 193 147 68 13 202 200 12 232 190 144 163 178 121 131 204 2 194 150 182 140 174 154 65 71 93 44 165 25 143 20 42 207 192 95 168 42 193 147 68 13 193 147 68 13 193 147 68 13 193 147 68 13 193 147 68 13 193 147 68 13 193 147 68 13 193 147 68 13 193 147 68 13 193 147 68 13 
87 103 105 200 87 103 105 200 87 103 105 200 87 103 105 200 87 103 105 200 87 103 105 200 87 103 105 200 87 103 105 200 87 103 105 200 87 103 105 200 87 103 105 200 87 103 105 200 87 103 105 200 87 103 105 200 235 198 71 143 234 137 106 37 40 100 252 3 192 252 109 246 129 159 140 1 158 109 61 20 84 140 92 204 48 80 224 45 87 103 105 200 87 103 105 200 87 103 105 200 87 103 105 200 87 103 105 200 87 103 105 200 87 103 105 200 87 103 105 200 87 103 105 200 87 103 105 200 
67 183 128 52 67 183 128 52 67 183 128 52 67 183 128 52 67 183 128 52 67 183 128 52 67 183 128 52 67 183 128 52 67 183 128 52 67 183 128 52 67 183 128 52 67 183 128 52 67 183 128 52 67 183 128 52 103 236 20 55 240 24 3 118 134 251 94 135 8 58 209 204 250 172 170 22 151 231 117 94 93 78 65 173 239 210 241 127 67 183 128 52 67 183 128 52 67 183 128 52 67 183 128 52 67 183 128 52 67 183 128 52 67 183 128 52 67 183 128 52 67 183 128 52 67 183 128 52 
101 0 243 95 101 0 243 95 101 0 243 95 101 0 243 95 101 0 243 95 101 0 243 95 101 0 243 95 101 0 243 95 101 0 243 95 101 0 243 95 101 0 243 95 101 0 243 95 101 0 243 95 101 0 243 95 138 105 245 251 97 248 114 110 205 73 129 3 29 215 70 231 202 252 164 161 21 6 153 85 238 7 16 35 12 75 190 128 101 0 243 95 101 0 243 95 101 0 243 95 101 0 243 95 101 0 243 95 101 0 243 95 101 0 243 95 101 0 243 95 101 0 243 95 101 0 243 95 
193 147 68 13 193 147 68 13 193 147 68 13 193 147 68 13 193 147 68 13 193 147 68 13 193 147 68 13 193 147 68 13 193 147 68 13 193 147 68 13 193 147 68 13 193 147 68 13 193 147 68 13 193 147 68 13 61 110 125 50 196 245 197 112 222 72 190 8 83 128 191 90 193 109 178 17 189 10 36 206 238 239 153 13 106 61 88 25 193 147 68 13 193 147 68 13 193 147 68 13 193 147 68 13 193 147 68 13 193 147 68 13 193 147 68 13 193 147 68 13 193 147 68 13 193 147 68 13 
87 103 105 200 87 103 105 200 87 103 105 200 87 103 105 200 87 103 105 200 87 103 105 200 87 103 105 200 87 103 105 200 87 103 105 200 87 103 105 200 87 103 105 200 87 103 105 200 25 255 116 227 238 68 25 97 189 107 226 239 90 152 98 220 207 118 164 209 74 56 202 179 30 152 84 1 234 35 93 11 224 154 144 253 214 41 69 248 87 103 105 200 87 103 105 200 87 103 105 200 87 103 105 200 87 103 105 200 87 103 105 200 87 103 105 200 87 103 105 200 87 103 105 200 87 103 105 200 
67 183 128 52 67 183 128 52 67 183 128 52 67 183 128 52 67 183 128 52 67 183 128 52 67 183 128 52 67 183 128 52 67 183 128 52 67 183 128 52 67 183 128 52 67 183 128 52 40 236 25 108 63 136 63 247 40 90 209 177 204 187 64 73 236 49 31 225 242 94 223 126 38 75 239 94 103 207 29 186 189 188 94 161 40 141 26 83 67 183 128 52 67 183 128 52 67 183 128 52 67 183 128 52 67 183 128 52 67 183 128 52 67 183 128 52 67 183 128 52 67 183 128 52 67 183 128 52 
101 0 243 95 101 0 243 95 101 0 243 95 101 0 243 95 101 0 243 95 101 0 243 95 101 0 243 95 101 0 243 95 101 0 243 95 101 0 243 95 101 0 243 95 101 0 243 95 10 116 239 215 69 219 188 201 167 121 2 44 10 83 250 111 23 122 206 178 96 172 34 24 64 0 236 142 176 205 5 97 210 27 91 16 134 2 155 35 101 0 243 95 101 0 243 95 101 0 243 95 101 0 243 95 101 0 243 95 101 0 243 95 101 0 243 95 101 0 243 95 101 0 243 95 101 0 243 95 
193 147 68 13 193 147 68 13 193 147 68 13 193 147 68 13 193 147 68 13 193 147 68 13 193 147 68 13 193 147 68 13 193 147 68 13 193 147 68 13 193 147 68 13 193 147 68 13 27 48 11 85 232 11 195 189 106 240 234 183 148 127 219 62 148 190 65 161 6 139 149 83 77 57 96 68 248 67 36 32 124 134 99 54 64 37 234 18 193 147 68 13 193 147 68 13 193 147 68 13 193 147 68 13 193 147 68 13 193 147 68 13 193 147 68 13 193 147 68 13 193 147 68 13 193 147 68 13 
87 103 105 200 87 103 105 200 87 103 105 200 87 103 105 200 87 103 105 200 87 103 105 200 87 103 105 200 87 103 105 200 87 103 105 200 87 103 105 200 87 103 105 200 87 103 105 200 67 184 52 253 5 74 238 99 242 241 58 175 237 36 235 81 137 13 68 166 121 33 213 36 128 3 38 75 119 46 151 254 166 3 8 17 242 65 107 245 87 103 105 200 87 103 105 200 87 103 105 200 87 103 105 200 87 103 105 200 87 103 105 200 87 103 105 200 87 103 105 200 87 103 105 200 87 103 105 200 
67 183 128 52 67 183 128 52 67 183 128 52 67 183 128 52 67 183 128 52 67 183 128 52 67 183 128 52 67 183 128 52 67 183 128 52 67 183 128 52 67 183 128 52 67 183 128 52 184 25 140 244 122 180 198 42 222 23 225 11 195 237 60 82 150 44 229 113 128 132 87 204 200 101 25 72 34 169 124 50 57 120 178 3 42 41 144 142 67 183 128 52 67 183 128 52 67 183 128 52 67 183 128 52 67 183 128 52 67 183 128 52 67 183 128 52 67 183 128 52 67 183 128 52 67 183 128 52 
101 0 243 95 101 0 243 95 101 0 243 95 101 0 243 95 101 0 243 95 101 0 243 95 101 0 243 95 101 0 243 95 101 0 243 95 101 0 243 95 101 0 243 95 101 0 243 95 221 197 200 74 204 238 78 14 99 118 252 204 180 71 159 148 62 131 76 31 62 193 121 156 107 14 165 14 159 72 92 214 76 106 135 234 62 199 39 193 101 0 243 95 101 0 243 95 101 0 243 95 101 0 243 95 101 0 243 95 101 0 243 95 101 0 243 95 101 0 243 95 101 0 243 95 101 0 243 95 
193 147 68 13 193 147 68 13 193 147 68 13 193 147 68 13 193 147 68 13 193 147 68 13 193 147 68 13 193 147 68 13 193 147 68 13 193 147 68 13 193 147 68 13 193 147 68 13 64 163 191 45 123 73 185 13 16 21 111 161 123 116 244 236 51 24 50 12 169 238 157 16 145 203 9 105 154 138 136 63 127 140 182 145 194 154 51 166 193 147 68 13 193 147 68 13 193 147 68 13 193 147 68 13 193 147 68 13 193 147 68 13 193 147 68 13 193 147 68 13 193 147 68 13 193 147 68 13 
87 103 105 200 87 103 105 200 87 103 105 200 87 103 105 200 87 103 105 200 87 103 105 200 87 103 105 200 87 103 105 200 87 103 105 200 87 103 105 200 87 103 105 200 87 103 105 200 127 50 212 48 33 230 53 179 120 250 123 115 218 71 134 124 151 28 196 203 102 17 60 103 240 209 161 146 39 153 99 229 111 200 182 195 203 73 163 63 127 82 255 45 104 190 38 106 223 10 241 138 18 12 166 214 87 103 105 200 87 103 105 200 87 103 105 200 87 103 105 200 87 103 105 200 87 103 105 200 
67 183 128 52 67 183 128 52 67 183 128 52 67 183 128 52 67 183 128 52 67 183 128 52 67 183 128 52 67 183 128 52 67 183 128 52 67 183 128 52 67 183 128 52 67 183 128 52 138 221 91 213 115 3 116 26 217 190 92 7 76 119 56 238 63 134 37 190 151 101 37 174 7 178 255 187 109 81 160 231 240 94 235 27 241 227 224 184 172 66 1 244 144 113 151 145 218 179 103 248 72 72 13 180 67 183 128 52 67 183 128 52 67 183 128 52 67 183 128 52 67 183 128 52 67 183 128 52 
101 0 243 95 101 0 243 95 101 0 243 95 101 0 243 95 101 0 243 95 101 0 243 95 101 0 243 95 101 0 243 95 101 0 243 95 101 0 243 95 101 0 243 95 101 0 243 95 96 199 226 195 179 5 56 85 172 123 93 218 104 77 79 13 51 126 67 242 117 45 120 161 37 97 65 14 37 50 43 190 196 220 139 77 35 188 29 209 131 246 42 188 226 166 24 197 141 208 187 117 96 155 196 101 101 0 243 95 101 0 243 95 101 0 243 95 101 0 243 95 101 0 243 95 101 0 243 95 
193 147 68 13 193 147 68 13 193 147 68 13 193 147 68 13 193 147 68 13 193 147 68 13 193 147 68 13 193 147 68 13 193 147 68 13 193 147 68 13 193 147 68 13 193 147 68 13 120 188 51 251 100 244 147 171 141 136 135 192 1 53 7 217 35 207 40 213 172 216 146 201 170 163 5 107 130 62 151 97 67 57 167 221 73 132 204 197 35 84 138 137 39 158 242 108 141 199 5 110 218 206 74 143 193 147 68 13 193 147 68 13 193 147 68 13 193 147 68 13 193 147 68 13 193 147 68 13 
87 103 105 200 87 103 105 200 87 103 105 200 87 103 105 200 87 103 105 200 87 103 105 200 87 103 105 200 87 103 105 200 87 103 105 200 87 103 105 200 87 103 105 200 87 103 105 200 81 212 60 195 248 30 144 101 22 3 61 124 8 145 129 47 189 218 52 232 181 224 18 85 90 199 160 66 35 252 204 79 87 175 103 182 90 222 27 151 62 50 139 197 192 222 230 84 226 26 134 98 74 82 208 140 87 103 105 200 87 103 105 200 87 103 105 200 87 103 105 200 87 103 105 200 87 103 105 200 
67 183 128 52 67 183 128 52 67 183 128 52 67 183 128 52 67 183 128 52 67 183 128 52 67 183 128 52 67 183 128 52 67 183 128 52 67 183 128 52 67 183 128 52 67 183 128 52 190 202 146 86 228 207 139 196 251 131 191 96 106 158 35 220 130 171 223 92 101 194 215 131 221 248 35 126 159 147 141 23 44 22 50 4 215 103 171 44 27 84 27 137 121 206 220 119 100 226 10 1 129 59 154 226 67 183 128 52 67 183 128 52 67 183 128 52 67 183 128 52 67 183 128 52 67 183 128 52 
101 0 243 95 101 0 243 95 101 0 243 95 101 0 243 95 101 0 243 95 101 0 243 95 101 0 243 95 101 0 243 95 101 0 243 95 101 0 243 95 101 0 243 95 101 0 243 95 199 5 42 52 226 231 230 34 242 71 226 91 33 121 44 39 253 65 199 251 196 183 42 79 241 67 239 96 92 58 97 217 202 0 230 24 255 170 64 25 238 192 149 156 246 133 112 93 34 69 223 132 202 185 131 65 101 0 243 95 101 0 243 95 101 0 243 95 101 0 243 95 101 0 243 95 101 0 243 95 
193 147 68 13 193 147 68 13 193 147 68 13 193 147 68 13 193 147 68 13 193 147 68 13 193 147 68 13 193 147 68 13 193 147 68 13 193 147 68 13 193 147 68 13 193 147 68 13 199 129 79 116 78 220 218 58 69 67 245 26 73 252 93 177 154 144 57 242 107 193 111 160 135 231 8 206 62 70 1 91 182 50 45 179 96 99 116 230 170 7 1 135 69 128 77 98 73 239 34 19 172 72 43 114 193 147 68 13 193 147 68 13 193 147 68 13 193 147 68 13 193 147 68 13 193 147 68 13 
87 103 105 200 87 103 105 200 87 103 105 200 87 103 105 200 58 160 135 85 184 241 215 138 134 59 240 76 69 87 167 196 189 99 117 249 87 103 105 200 26 54 158 92 25 81 240 65 92 133 204 70 86 91 212 20 177 2 117 132 132 220 68 158 149 248 227 120 200 119 51 116 223 228 143 6 1 30 15 41 176 201 216 48 120 17 2 15 241 25 189 65 86 86 102 135 56 246 205 158 199 254 29 55 158 192 87 86 14 47 227 151 87 103 105 200 87 103 105 200 87 103 105 200 87 103 105 200 
67 183 128 52 67 183 128 52 67 183 128 52 67 183 128 52 49 102 95 67 57 6 58 144 228 206 129 222 165 16 9 242 219 14 206 149 67 183 128 52 141 1 45 1 84 217 126 7 92 226 6 115 55 181 196 192 46 62 232 66 228 180 237 244 230 230 36 174 65 95 129 236 182 1 72 187 235 176 32 76 180 17 96 85 41 115 69 63 160 58 71 31 106 212 224 182 213 115 5 216 4 32 157 136 174 5 84 106 190 33 175 229 67 183 128 52 67 183 128 52 67 183 128 52 67 183 128 52 
101 0 243 95 101 0 243 95 101 0 243 95 101 0 243 95 56 84 148 206 158 100 15 136 53 52 119 188 116 165 59 1 149 91 87 140 101 0 243 95 92 161 175 159 140 40 189 255 59 28 213 128 80 165 153 234 222 98 31 106 53 16 241 241 202 28 41 90 32 149 174 64 242 26 102 207 70 84 12 14 34 160 227 111 118 69 192 229 90 132 54 218 146 243 40 107 95 242 59 205 66 32 58 180 178 18 147 229 99 103 108 189 101 0 243 95 101 0 243 95 101 0 243 95 101 0 243 95 
193 147 68 13 193 147 68 13 193 147 68 13 193 147 68 13 37 168 190 152 69 139 164 228 30 192 247 40 5 65 236 146 232 13 171 27 193 147 68 13 136 52 122 138 5 26 62 87 148 70 191 103 14 65 217 115 130 196 42 215 135 215 68 108 88 80 44 128 224 42 167 161 40 42 160 4 233 97 118 24 142 113 94 227 231 22 213 184 247 249 156 115 204 191 154 97 169 223 132 137 72 238 151 253 141 228 74 95 202 17 214 215 193 147 68 13 193 147 68 13 193 147 68 13 193 147 68 13 
87 103 105 200 87 103 105 200 87 103 105 200 87 103 105 200 238 19 74 114 123 90 240 135 237 20 64 235 137 86 46 138 87 103 105 200 162 19 103 94 45 128 13 223 209 123 101 115 192 101 88 6 122 155 148 58 110 94 13 196 82 181 157 106 39 154 232 222 156 36 119 43 213 144 199 236 117 55 187 12 189 159 127 81 162 66 217 225 235 225 207 35 179 86 190 155 101 118 93 16 143 130 171 155 176 6 156 101 91 4 72 181 87 103 105 200 87 103 105 200 87 103 105 200 87 103 105 200 
67 183 128 52 67 183 128 52 67 183 128 52 67 183 128 52 250 159 88 85 144 156 67 146 137 183 159 173 223 170 239 238 67 183 128 52 199 154 12 127 98 15 246 199 63 238 86 183 191 35 88 40 72 111 248 170 88 81 130 50 252 171 154 14 74 100 24 130 18 1 186 189 246 34 139 227 144 248 27 209 174 110 229 25 182 198 5 254 128 106 247 188 151 88 88 203 24 71 160 123 56 116 138 145 101 247 247 25 95 93 55 131 67 183 128 52 67 183 128 52 67 183 128 52 67 183 128 52 
101 0 243 95 101 0 243 95 101 0 243 95 101 0 243 95 62 10 245 177 140 130 171 21 16 1 211 164 189 207 48 199 101 0 243 95 76 0 12 226 219 206 254 7 74 202 42 172 148 69 6 0 48 26 160 227 129 148 157 144 138 43 113 199 68 218 67 0 182 13 242 124 94 127 196 52 83 245 156 210 72 30 193 129 136 254 106 62 143 213 152 146 215 167 144 60 247 15 170 228 132 35 44 15 228 36 147 243 118 52 17 120 101 0 243 95 101 0 243 95 101 0 243 95 101 0 243 95 
193 147 68 13 193 147 68 13 193 147 68 13 193 147 68 13 74 94 36 114 81 82 130 106 64 163 84 112 135 32 210 89 193 147 68 13 214 85 95 17 139 164 173 175 99 61 87 69 179 93 146 160 90 111 79 227 115 189 39 83 15 6 229 189 166 63 186 65 59 158 180 172 142 248 185 111 22 35 184 1 178 130 99 25 234 108 142 247 178 148 179 187 57 253 85 162 3 47 223 132 82 3 37 102 84 100 16 139 70 205 211 135 193 147 68 13 193 147 68 13 193 147 68 13 193 147 68 13 
87 103 105 200 87 103 105 200 87 103 105 200 87 103 105 200 114 132 69 49 55 29 63 12 57 164 136 4 98 227 193 6 161 186 252 240 173 75 101 184 47 210 19 41 39 198 183 57 207 200 255 121 135 175 175 16 166 108 252 251 184 180 11 2 220 128 146 199 38 47 196 46 79 160 165 201 201 218 31 217 137 121 130 54 63 111 75 78 6 186 5 238 16 198 121 4 67 196 53 63 198 159 41 202 249 146 251 247 211 112 62 105 87 103 105 200 87 103 105 200 87 103 105 200 87 103 105 200 
67 183 128 52 67 183 128 52 67 183 128 52 67 183 128 52 183 63 238 187 83 181 247 212 185 81 157 223 9 13 125 0 159 219 179 244 147 129 65 56 178 235 79 230 195 25 185 251 121 56 16 18 240 6 77 247 190 32 223 155 16 68 193 103 233 180 19 221 139 244 64 242 48 66 120 254 222 234 160 68 248 36 90 133 99 7 76 14 119 107 63 234 236 46 30 172 182 78 58 108 123 137 231 90 87 234 89 118 190 250 59 53 67 183 128 52 67 183 128 52 67 183 128 52 67 183 128 52 
101 0 243 95 101 0 243 95 101 0 243 95 101 0 243 95 27 191 170 55 17 117 59 220 214 187 230 184 33 145 178 83 221 242 99 112 253 168 240 75 64 28 219 139 102 81 9 145 0 57 207 164 149 1 98 241 180 185 172 241 189 211 112 9 153 142 132 6 236 101 183 135 254 243 75 184 162 175 234 58 39 246 180 153 95 255 255 124 37 4 207 193 228 241 224 170 44 189 115 206 89 215 98 219 219 73 225 206 83 121 29 233 101 0 243 95 101 0 243 95 101 0 243 95 101 0 243 95 
193 147 68 13 193 147 68 13 193 147 68 13 193 147 68 13 252 221 109 90 181 195 127 38 158 174 173 64 120 67 230 28 235 199 210 56 181 30 157 100 180 76 176 238 69 253 247 35 76 167 134 123 242 179 157 149 123 115 207 5 198 210 150 18 222 199 27 201 157 203 5 148 122 253 19 91 179 242 174 39 28 154 161 231 98 241 189 197 161 103 69 193 231 161 167 43 216 0 149 73 228 142 113 238 233 53 30 115 101 224 202 104 193 147 68 13 193 147 68 13 193 147 68 13 193 147 68 13 
87 103 105 200 87 103 105 200 87 103 105 200 87 103 105 200 122 242 66 242 162 136 149 2 120 185 121 79 70 71 3 251 237 0 187 204 102 226 125 105 161 26 188 144 219 1 234 125 70 36 39 4 245 234 227 158 103 84 99 87 11 122 227 203 17 127 204 20 67 36 44 213 162 203 183 243 176 90 83 72 0 1 114 61 9 157 61 107 44 143 65 251 64 127 237 105 161 140 247 84 178 94 201 110 7 244 151 76 35 202 161 250 87 103 105 200 87 103 105 200 87 103 105 200 87 103 105 200 
67 183 128 52 67 183 128 52 67 183 128 52 67 183 128 52 69 195 150 34 6 246 104 94 172 55 163 205 52 91 99 172 191 63 57 164 12 16 107 245 39 9 174 242 0 224 139 20 253 32 249 206 242 230 34 62 155 83 21 10 107 97 234 252 14 198 83 159 112 25 65 80 114 96 18 3 39 80 80 210 60 231 103 182 85 4 161 197 214 47 165 63 150 93 20 169 89 118 154 239 155 208 145 118 97 149 15 170 54 27 100 58 67 183 128 52 67 183 128 52 67 183 128 52 67 183 128 52 
101 0 243 95 101 0 243 95 101 0 243 95 101 0 243 95 136 215 74 177 211 41 124 247 234 17 55 114 23 137 122 79 97 220 155 76 116 167 31 71 85 244 53 228 123 247 1 232 162 191 208 97 208 95 204 52 250 147 161 159 107 126 42 116 7 38 171 91 201 28 213 111 199 74 68 31 0 145 137 66 103 243 113 57 29 70 250 58 21 157 117 128 140 93 69 35 112 55 77 115 135 245 0 55 37 80 115 114 101 33 9 33 101 0 243 95 101 0 243 95 101 0 243 95 101 0 243 95 
193 147 68 13 193 147 68 13 193 147 68 13 193 147 68 13 72 106 155 109 205 152 34 80 100 129 103 217 29 148 247 186 103 209 223 78 165 139 201 59 234 210 246 227 118 103 63 109 138 209 172 217 200 20 175 102 213 132 124 30 226 126 115 157 225 124 159 97 242 104 30 17 225 239 161 44 210 122 6 225 95 153 255 251 28 253 158 200 120 167 101 5 167 86 130 114 205 163 162 222 123 133 191 29 90 185 15 255 5 126 108 120 193 147 68 13 193 147 68 13 193 147 68 13 193 147 68 13 
87 103 105 200 135 128 140 91 166 31 132 211 14 18 33 18 57 236 193 79 143 97 212 7 14 47 185 55 214 217 198 18 179 26 90 214 137 21 41 120 105 192 28 83 245 231 232 214 157 79 194 42 25 213 141 58 7 229 220 225 115 232 122 207 95 151 75 206 232 198 132 4 54 93 54 240 137 148 250 112 55 242 52 42 71 52 113 100 77 28 8 228 24 157 19 247 253 164 151 146 32 54 65 188 117 165 46 151 114 233 53 153 87 103 105 200 87 103 105 200 87 103 105 200 87 103 105 200 
67 183 128 52 176 82 118 132 229 136 103 180 133 4 154 101 43 20 46 19 184 12 251 110 118 80 145 50 19 21 174 198 25 18 224 120 113 55 211 29 82 210 136 241 51 63 94 94 18 165 211 234 247 107 92 208 191 69 43 122 69 7 126 32 122 92 176 114 175 174 110 161 41 175 236 24 88 186 11 127 108 37 176 67 135 166 243 18 160 242 251 85 80 12 15 53 125 238 91 96 52 43 23 61 232 81 2 87 215 19 199 126 67 183 128 52 67 183 128 52 67 183 128 52 67 183 128 52 
101 0 243 95 249 214 158 154 236 174 34 79 123 252 25 177 98 11 90 94 227 175 109 59 211 157 25 227 85 51 169 55 207 148 146 201 211 47 144 38 204 128 118 73 187 127 143 10 109 52 141 215 148 159 176 80 200 255 131 253 107 176 252 166 66 22 189 118 214 64 30 194 136 20 8 28 212 184 198 173 214 29 159 252 21 72 254 145 130 182 63 132 122 170 49 55 53 156 195 53 149 27 79 63 154 55 79 241 155 198 82 33 101 0 243 95 101 0 243 95 101 0 243 95 101 0 243 95 
193 147 68 13 7 165 217 224 255 117 95 119 85 45 249 131 253 123 73 88 242 177 227 21 37 85 165 209 213 57 113 50 172 206 203 21 168 211 186 31 20 115 79 249 79 235 119 143 72 209 117 197 17 177 7 63 105 47 188 62 89 4 229 45 34 42 234 250 88 77 70 17 67 210 201 88 26 54 114 102 111 238 106 136 10 132 228 177 123 177 168 76 16 117 44 161 17 184 233 227 205 132 90 164 36 36 18 181 88 135 213 119 193 147 68 13 193 147 68 13 193 147 68 13 193 147 68 13 
87 103 105 200 135 128 140 91 101 92 26 150 253 169 35 189 52 178 128 56 177 234 243 239 139 48 111 48 7 215 145 193 183 125 132 104 104 27 64 216 76 81 48 148 182 189 43 73 201 58 62 90 105 115 143 74 223 82 182 147 207 27 35 210 212 51 223 4 103 55 231 139 54 238 236 63 108 218 81 79 162 70 95 48 20 19 81 248 157 239 42 242 10 216 112 232 58 13 119 71 12 185 131 187 52 89 188 115 150 223 200 92 87 103 105 200 87 103 105 200 87 103 105 200 87 103 105 200 
67 183 128 52 176 82 118 132 50 236 24 248 13 251 140 36 215 70 189 136 1 180 69 145 177 227 19 6 192 205 120 130 176 79 192 255 168 173 153 251 106 229 48 10 127 52 191 135 39 216 182 16 177 174 188 70 87 105 175 190 170 81 67 182 255 86 59 220 121 140 200 184 215 192 122 79 184 30 171 63 174 210 243 149 221 1 198 218 204 204 198 109 172 164 93 52 53 38 199 93 201 39 67 252 254 123 189 168 191 139 122 248 67 183 128 52 67 183 128 52 67 183 128 52 67 183 128 52 
101 0 243 95 249 214 158 154 178 162 29 172 173 246 22 34 135 204 208 7 67 132 112 11 241 62 145 192 46 107 179 124 253 12 175 118 32 240 200 91 244 152 93 228 211 244 72 185 37 93 232 230 208 52 144 30 116 199 80 6 142 48 178 5 55 82 249 77 95 13 176 5 83 170 236 179 103 100 227 70 116 216 175 123 2 91 12 164 20 93 133 106 75 21 193 35 88 254 4 161 155 129 97 186 240 233 251 54 30 18 84 201 101 0 243 95 101 0 243 95 101 0 243 95 101 0 243 95 
193 147 68 13 7 165 217 224 159 12 108 159 102 95 28 59 160 166 18 3 186 200 40 247 47 240 121 187 101 194 17 23 152 57 163 235 78 163 86 127 123 120 96 239 50 137 130 243 241 167 242 105 46 129 211 18 246 165 144 160 217 251 198 149 132 48 62 106 235 123 246 196 29 55 190 216 39 199 146 242 59 12 58 120 49 199 159 72 247 53 35 108 132 107 118 100 31 116 84 157 127 99 195 99 19 164 234 111 211 195 138 211 193 147 68 13 193 147 68 13 193 147 68 13 193 147 68 13 
87 103 105 200 135 128 140 91 233 226 219 96 236 144 89 232 136 30 135 212 185 15 219 224 209 75 72 180 205 5 36 48 89 188 188 113 190 29 38 55 102 185 233 238 179 42 49 155 159 91 12 192 179 196 206 227 232 230 173 228 161 137 232 220 204 170 116 134 152 43 229 76 125 42 235 129 82 226 30 111 197 224 169 227 208 160 214 60 130 1 84 191 36 228 47 115 38 72 212 137 163 118 108 105 46 12 253 127 216 246 253 217 87 103 105 200 87 103 105 200 87 103 105 200 87 103 105 200 
67 183 128 52 176 82 118 132 80 203 9 179 16 128 213 62 248 119 143 196 144 87 162 37 37 228 164 72 1 45 152 191 159 176 206 86 233 6 71 252 196 29 80 64 199 251 83 63 208 18 123 37 3 112 223 139 38 180 168 24 207 153 48 100 134 46 29 128 14 44 83 52 41 174 1 154 191 100 158 30 88 183 183 240 115 187 53 42 8 138 110 187 82 146 88 189 122 252 225 248 243 164 250 97 92 146 187 87 235 140 195 112 67 183 128 52 67 183 128 52 67 183 128 52 67 183 128 52 
101 0 243 95 249 214 158 154 125 99 23 70 84 29 49 3 229 46 143 197 122 21 189 97 198 245 133 140 248 230 131 208 188 110 152 82 180 164 152 1 75 240 77 43 176 99 89 77 149 195 116 54 160 84 61 84 148 114 108 27 82 83 37 142 89 194 218 56 168 226 91 61 46 41 113 238 129 194 58 103 131 177 29 225 213 61 241 40 19 137 43 139 127 138 23 180 127 188 151 64 213 131 5 128 116 82 165 228 132 164 107 30 101 0 243 95 101 0 243 95 101 0 243 95 101 0 243 95 
193 147 68 13 7 165 217 224 82 200 149 160 20 215 76 7 1 129 16 93 178 250 130 170 73 67 243 38 54 147 43 54 83 33 116 159 123 162 86 250 142 103 74 50 23 38 76 72 32 234 142 231 158 174 104 182 159 254 144 85 6 137 252 73 127 138 215 3 80 67 72 79 56 18 236 39 137 109 127 43 163 245 232 117 141 81 134 195 34 175 62 230 183 59 20 43 204 163 12 29 143 119 155 249 234 73 161 105 150 211 236 156 193 147 68 13 193 147 68 13 193 147 68 13 193 147 68 13 
87 103 105 200 135 128 140 91 233 160 155 142 167 13 11 15 37 149 32 245 15 53 28 175 41 246 233 190 249 193 109 235 187 4 38 164 208 242 127 140 21 193 73 229 40 28 126 242 169 34 112 129 125 51 9 15 71 150 164 157 73 58 221 237 137 12 172 215 189 64 3 116 252 18 58 39 91 182 158 238 206 52 226 10 93 58 243 117 80 225 66 4 81 161 182 38 112 55 248 71 100 229 136 45 232 0 186 134 235 155 196 183 87 103 105 200 87 103 105 200 87 103 105 200 87 103 105 200 
67 183 128 52 176 82 118 132 108 179 197 30 32 170 74 21 113 249 58 29 219 45 248 121 173 201 49 32 29 139 12 108 57 206 119 56 63 116 179 170 27 133 132 85 108 25 229 173 49 173 220 21 215 187 53 211 28 203 232 150 190 25 146 236 77 50 157 178 63 65 39 239 235 230 218 147 137 101 26 61 252 247 154 101 72 113 126 10 187 24 199 202 245 148 17 136 35 123 88 222 125 141 193 217 213 206 31 247 217 141 173 173 67 183 128 52 67 183 128 52 67 183 128 52 67 183 128 52 
101 0 243 95 249 214 158 154 69 214 66 46 9 96 137 30 35 158 207 27 180 225 253 179 125 61 60 232 114 87 156 130 210 215 226 231 18 27 247 154 193 243 71 161 58 5 78 45 70 101 56 16 238 125 53 207 105 180 187 234 185 29 156 210 177 24 44 54 73 155 180 222 169 88 23 244 52 128 45 207 165 35 89 78 23 248 19 159 46 26 144 120 207 165 180 255 107 100 31 210 108 82 12 249 24 0 238 166 134 204 116 142 101 0 243 95 101 0 243 95 101 0 243 95 101 0 243 95 
193 147 68 13 7 165 217 224 152 158 237 247 222 64 96 98 204 233 149 31 9 180 102 113 247 83 97 96 210 237 176 112 121 217 15 222 76 234 125 18 2 232 49 163 149 156 234 16 25 195 9 88 216 3 211 251 246 223 14 140 164 208 93 130 66 83 167 106 104 64 148 78 69 48 226 137 229 69 247 248 204 23 54 205 231 204 162 41 11 144 17 232 233 153 210 88 213 185 38 138 23 13 81 177 69 165 79 129 231 15 0 188 193 147 68 13 193 147 68 13 193 147 68 13 193 147 68 13 
87 103 105 200 87 103 105 200 68 243 220 177 56 157 20 80 228 220 45 137 161 124 164 207 128 155 32 9 213 183 182 55 38 179 243 145 146 21 16 88 202 188 102 14 147 200 154 169 164 181 161 232 125 66 147 76 248 193 29 178 144 115 81 2 15 57 221 168 117 70 81 194 18 156 84 23 151 201 114 105 48 155 214 56 58 51 55 37 30 101 203 5 98 49 118 41 250 146 65 185 185 221 237 249 160 135 164 29 214 179 114 69 104 235 253 109 186 12 19 70 122 224 159 38 94 169 249 245 
67 183 128 52 67 183 128 52 68 240 109 44 8 50 76 199 118 129 202 158 49 210 31 12 9 51 151 78 134 169 2 187 22 49 159 242 28 49 101 194 58 235 103 254 79 241 131 70 185 144 100 3 159 218 226 6 113 241 142 195 213 128 198 31 240 86 23 151 4 208 33 209 81 49 83 170 152 28 94 211 74 149 245 114 149 148 193 90 187 137 104 161 191 2 36 27 6 61 113 232 36 26 50 21 221 154 112 158 225 189 241 169 183 24 63 154 184 90 152 84 133 33 173 206 46 48 88 251 
101 0 243 95 101 0 243 95 113 87 23 52 34 187 131 78 91 198 13 17 125 95 244 16 101 73 198 209 101 211 56 76 51 87 165 241 43 111 74 32 152 244 54 41 62 226 93 34 201 156 195 61 82 143 7 225 72 111 202 213 5 62 164 2 104 248 110 202 161 108 233 44 66 48 30 95 20 28 218 33 78 247 202 168 3 30 19 199 129 47 181 89 69 49 159 135 175 190 41 157 2 152 64 161 226 69 214 5 105 195 112 198 130 218 85 205 69 71 32 13 189 143 216 218 237 130 141 70 
193 147 68 13 193 147 68 13 88 27 0 33 157 50 225 249 117 233 251 61 29 226 59 23 17 82 50 191 228 38 246 31 30 204 84 87 210 213 50 104 138 150 232 216 106 246 173 14 42 85 224 254 59 107 92 248 250 127 38 207 203 225 232 46 147 106 13 243 87 97 209 5 189 57 173 98 207 21 229 224 251 33 94 136 11 102 214 75 198 174 192 22 238 130 60 169 231 85 85 231 174 176 170 152 20 167 202 35 119 173 192 151 71 229 170 114 69 72 229 159 204 66 207 19 238 128 18 250 
87 103 105 200 87 103 105 200 204 34 177 30 13 72 176 105 93 247 250 243 102 38 21 75 205 13 183 47 219 140 36 193 141 129 232 216 4 174 30 110 30 52 111 201 70 42 41 74 51 92 197 189 72 73 115 173 25 105 68 32 200 116 58 109 75 41 134 39 50 123 236 124 1 237 174 110 27 12 20 33 27 150 139 34 33 174 61 77 240 68 162 56 70 195 216 211 15 246 124 53 46 115 55 32 0 152 100 66 28 189 247 22 145 64 13 181 208 78 39 57 213 90 29 0 243 158 1 254 
67 183 128 52 67 183 128 52 205 125 135 181 74 207 211 20 132 228 210 71 42 238 15 144 171 169 81 1 124 184 247 60 242 169 243 66 115 95 196 231 213 69 179 147 104 75 197 16 85 187 22 52 81 146 35 213 228 61 247 99 154 108 38 51 138 122 1 40 242 173 93 163 223 18 100 154 206 16 13 81 134 230 215 255 205 156 156 94 12 22 107 39 56 80 197 241 250 176 106 86 90 77 233 72 208 185 119 123 41 162 253 139 126 67 137 94 76 131 254 78 66 23 204 101 219 241 250 34 
101 0 243 95 101 0 243 95 187 42 203 119 115 103 40 131 244 91 115 78 11 17 182 23 123 13 166 168 181 0 236 77 51 255 209 79 119 26 15 33 150 192 42 31 133 111 228 32 137 192 224 223 228 98 29 193 152 106 124 22 87 198 2 92 186 64 188 156 175 216 125 8 253 193 245 66 46 102 173 171 7 11 162 24 125 182 54 240 136 21 123 225 221 20 0 78 69 69 140 246 73 178 64 176 157 188 240 196 77 2 133 105 241 39 236 50 111 70 212 90 183 56 208 43 229 6 93 217 
193 147 68 13 193 147 68 13 56 159 29 94 83 53 248 178 242 26 40 139 209 100 191 85 196 228 193 116 224 207 139 180 5 193 121 94 186 248 56 104 130 18 95 170 158 227 242 193 201 75 128 129 90 26 205 9 151 176 2 7 49 176 241 169 11 133 236 68 173 69 191 162 134 238 57 199 50 3 170 75 156 193 86 123 181 49 136 62 206 181 96 171 27 127 231 149 73 141 91 7 190 135 94 66 8 51 179 93 223 202 193 202 161 106 174 131 83 169 159 94 247 146 15 234 44 199 241 82 
87 103 105 200 87 103 105 200 87 103 105 200 87 103 105 200 87 103 105 200 87 103 105 200 87 103 105 200 87 103 105 200 43 196 99 197 9 54 5 58 18 149 173 205 208 155 3 233 121 189 119 23 173 83 199 3 218 146 141 36 164 95 87 198 52 227 168 107 100 240 72 151 87 103 105 200 87 103 105 200 87 103 105 200 87 103 105 200 87 103 105 200 87 103 105 200 43 189 143 169 76 16 14 214 60 161 177 13 225 133 246 76 38 129 210 196 240 103 234 25 27 74 162 14 243 158 1 254 
67 183 128 52 67 183 128 52 67 183 128 52 67 183 128 52 67 183 128 52 67 183 128 52 67 183 128 52 67 183 128 52 230 125 7 150 82 26 65 126 221 22 231 185 62 149 26 75 59 0 192 253 249 134 132 158 34 174 163 85 195 79 51 171 175 33 173 35 5 167 150 112 67 183 128 52 67 183 128 52 67 183 128 52 67 183 128 52 67 183 128 52 67 183 128 52 51 197 25 172 8 16 194 0 116 36 230 213 132 115 229 95 94 6 16 244 194 122 93 105 24 121 79 163 219 241 250 34 
101 0 243 95 101 0 243 95 101 0 243 95 101 0 243 95 101 0 243 95 101 0 243 95 101 0 243 95 101 0 243 95 42 38 101 248 8 218 85 95 91 146 130 193 49 148 152 237 226 119 26 111 228 175 174 110 252 193 113 132 254 214 56 49 6 4 146 213 116 0 182 251 101 0 243 95 101 0 243 95 101 0 243 95 101 0 243 95 101 0 243 95 101 0 243 95 196 247 135 12 33 14 131 150 227 213 177 222 150 42 119 80 10 80 43 117 158 203 53 79 0 105 249 248 229 6 93 217 
193 147 68 13 193 147 68 13 193 147 68 13 193 147 68 13 193 147 68 13 193 147 68 13 193 147 68 13 193 147 68 13 29 189 182 118 119 134 0 107 102 98 211 148 254 64 96 168 47 248 174 24 137 208 86 66 10 142 11 103 175 39 112 42 101 171 71 70 71 41 113 140 193 147 68 13 193 147 68 13 193 147 68 13 193 147 68 13 193 147 68 13 193 147 68 13 192 238 132 162 91 96 25 159 248 124 24 23 208 79 165 140 59 226 7 11 80 115 36 236 218 198 69 199 44 199 241 82 
87 103 105 200 87 103 105 200 87 103 105 200 87 103 105 200 87 103 105 200 87 103 105 200 87 103 105 200 87 103 105 200 179 244 104 2 83 184 225 127 62 184 115 0 237 245 67 62 17 27 126 168 68 68 119 7 219 41 178 89 66 163 93 161 47 41 19 137 58 251 144 249 87 103 105 200 87 103 105 200 87 103 105 200 87 103 105 200 87 103 105 200 87 103 105 200 106 7 129 209 150 77 43 133 160 20 11 112 221 251 149 27 156 227 153 62 76 156 43 54 47 46 254 108 201 155 176 9 
67 183 128 52 67 183 128 52 67 183 128 52 67 183 128 52 67 183 128 52 67 183 128 52 67 183 128 52 67 183 128 52 152 160 237 10 19 149 191 231 225 240 40 243 109 228 121 204 191 33 161 255 88 2 1 22 138 131 229 149 4 198 127 247 22 143 32 238 16 90 5 27 67 183 128 52 67 183 128 52 67 183 128 52 67 183 128 52 67 183 128 52 67 183 128 52 36 217 129 85 5 89 212 230 59 64 2 51 43 181 226 115 106 243 143 114 231 22 123 182 83 117 204 235 171 169 77 90 
101 0 243 95 101 0 243 95 101 0 243 95 101 0 243 95 101 0 243 95 101 0 243 95 101 0 243 95 101 0 243 95 133 165 16 243 96 53 149 125 8 16 234 2 79 143 85 150 85 225 154 83 225 90 223 224 24 48 139 244 7 252 107 114 64 53 61 38 140 155 252 149 101 0 243 95 101 0 243 95 101 0 243 95 101 0 243 95 101 0 243 95 101 0 243 95 3 153 255 162 123 9 250 112 142 103 153 34 27 110 70 76 163 197 185 144 44 37 126 121 33 82 247 15 76 72 164 52 
193 147 68 13 193 147 68 13 193 147 68 13 193 147 68 13 193 147 68 13 193 147 68 13 193 147 68 13 193 147 68 13 139 147 32 184 14 172 24 73 35 111 241 10 195 215 63 24 144 12 154 169 35 214 28 60 54 35 187 59 116 216 235 164 163 87 156 84 239 90 12 54 193 147 68 13 193 147 68 13 193 147 68 13 193 147 68 13 193 147 68 13 193 147 68 13 125 81 106 77 247 4 17 78 52 207 49 209 206 209 215 220 224 74 3 51 203 164 82 11 105 94 188 83 62 18 188 94 
87 103 105 200 87 103 105 200 87 103 105 200 87 103 105 200 87 103 105 200 87 103 105 200 87 103 105 200 87 103 105 200 16 45 34 158 145 53 96 50 208 156 137 252 183 99 242 254 173 118 60 90 211 132 61 140 123 148 245 253 63 223 209 196 20 164 141 223 182 177 56 24 180 19 33 117 203 127 205 242 87 103 105 200 87 103 105 200 87 103 105 200 87 103 105 200 87 103 105 200 87 103 105 200 87 103 105 200 87 103 105 200 87 103 105 200 87 103 105 200 87 103 105 200 87 103 105 200 
67 183 128 52 67 183 128 52 67 183 128 52 67 183 128 52 67 183 128 52 67 183 128 52 67 183 128 52 67 183 128 52 183 226 123 127 184 182 118 35 194 210 74 198 141 11 110 200 36 194 179 45 192 181 97 80 142 61 173 215 67 46 141 163 30 220 74 194 167 21 37 228 214 104 43 6 239 204 61 49 67 183 128 52 67 183 128 52 67 183 128 52 67 183 128 52 67 183 128 52 67 183 128 52 67 183 128 52 67 183 128 52 67 183 128 52 67 183 128 52 67 183 128 52 67 183 128 52 
101 0 243 95 101 0 243 95 101 0 243 95 101 0 243 95 101 0 243 95 101 0 243 95 101 0 243 95 101 0 243 95 213 195 8 30 40 140 216 142 61 240 12 138 234 220 175 42 104 225 89 151 131 133 253 169 218 109 233 102 65 165 145 209 75 138 100 198 47 142 107 255 194 153 252 128 80 64 31 149 101 0 243 95 101 0 243 95 101 0 243 95 101 0 243 95 101 0 243 95 101 0 243 95 101 0 243 95 101 0 243 95 101 0 243 95 101 0 243 95 101 0 243 95 101 0 243 95 
193 147 68 13 193 147 68 13 193 147 68 13 193 147 68 13 193 147 68 13 193 147 68 13 193 147 68 13 193 147 68 13 243 72 250 8 48 33 61 79 80 125 132 27 238 12 142 110 28 121 40 103 209 38 9 107 192 153 122 190 142 209 177 112 188 222 159 201 6 166 10 71 69 253 68 66 140 28 138 76 193 147 68 13 193 147 68 13 193 147 68 13 193 147 68 13 193 147 68 13 193 147 68 13 193 147 68 13 193 147 68 13 193 147 68 13 193 147 68 13 193 147 68 13 193 147 68 13 
87 103 105 200 87 103 105 200 87 103 105 200 87 103 105 200 87 103 105 200 87 103 105 200 87 103 105 200 87 103 105 200 198 205 130 145 156 70 47 77 203 80 203 113 177 54 32 72 4 172 112 85 12 238 79 111 142 160 239 178 116 141 210 82 78 217 206 246 208 222 251 129 132 61 227 223 158 231 192 139 87 103 105 200 87 103 105 200 87 103 105 200 87 103 105 200 87 103 105 200 87 103 105 200 87 103 105 200 87 103 105 200 87 103 105 200 87 103 105 200 87 103 105 200 87 103 105 200 
67 183 128 52 67 183 128 52 67 183 128 52 67 183 128 52 67 183 128 52 67 183 128 52 67 183 128 52 67 183 128 52 32 27 126 142 72 98 186 89 248 130 130 91 148 164 96 47 143 119 241 0 84 146 42 235 193 96 231 161 143 167 109 213 94 247 111 236 99 187 129 6 146 52 45 80 0 55 89 175 67 183 128 52 67 183 128 52 67 183 128 52 67 183 128 52 67 183 128 52 67 183 128 52 67 183 128 52 67 183 128 52 67 183 128 52 67 183 128 52 67 183 128 52 67 183 128 52 
101 0 243 95 101 0 243 95 101 0 243 95 101 0 243 95 101 0 243 95 101 0 243 95 101 0 243 95 101 0 243 95 194 109 89 55 116 52 131 228 18 6 126 145 129 167 130 137 42 93 96 237 159 240 255 63 158 183 129 240 182 240 46 106 114 94 223 30 127 110 154 108 90 73 56 115 69 49 139 73 101 0 243 95 101 0 243 95 101 0 243 95 101 0 243 95 101 0 243 95 101 0 243 95 101 0 243 95 101 0 243 95 101 0 243 95 101 0 243 95 101 0 243 95 101 0 243 95 
193 147 68 13 193 147 68 13 193 147 68 13 193 147 68 13 193 147 68 13 193 147 68 13 193 147 68 13 193 147 68 13 165 234 66 143 227 179 140 169 91 96 243 240 197 209 13 248 139 94 61 17 18 157 68 184 6 169 107 179 121 167 60 174 79 254 246 169 49 126 100 114 249 12 232 37 249 67 180 233 193 147 68 13 193 147 68 13 193 147 68 13 193 147 68 13 193 147 68 13 193 147 68 13 193 147 68 13 193 147 68 13 193 147 68 13 193 147 68 13 193 147 68 13 193 147 68 13 
87 103 105 200 87 103 105 200 87 103 105 200 87 103 105 200 87 103 105 200 87 103 105 200 18 251 146 26 190 130 101 32 134 47 89 127 6 72 250 150 120 180 42 83 61 141 1 210 91 214 11 122 137 151 246 153 172 89 173 16 20 133 78 17 39 253 74 224 36 82 86 136 242 175 125 38 227 110 181 30 74 214 28 1 15 231 55 219 87 103 105 200 87 103 105 200 87 103 105 200 87 103 105 200 87 103 105 200 87 103 105 200 87 103 105 200 87 103 105 200 87 103 105 200 87 103 105 200 
67 183 128 52 67 183 128 52 67 183 128 52 67 183 128 52 67 183 128 52 67 183 128 52 249 22 231 3 142 119 145 130 105 33 7 186 53 102 42 156 67 238 224 252 80 156 76 92 250 111 99 102 10 125 181 138 128 173 192 170 22 242 38 25 17 175 50 171 89 179 178 153 213 84 229 117 61 73 233 208 215 239 225 99 166 68 147 222 67 183 128 52 67 183 128 52 67 183 128 52 67 183 128 52 67 183 128 52 67 183 128 52 67 183 128 52 67 183 128 52 67 183 128 52 67 183 128 52 
101 0 243 95 101 0 243 95 101 0 243 95 101 0 243 95 101 0 243 95 101 0 243 95 29 53 80 130 101 47 20 241 17 173 4 204 69 44 55 140 174 190 61 65 193 21 239 19 231 175 72 183 62 44 162 108 48 246 230 144 177 156 149 60 245 20 30 230 177 121 100 75 29 75 250 163 152 10 153 110 252 207 72 93 202 79 199 146 101 0 243 95 101 0 243 95 101 0 243 95 101 0 243 95 101 0 243 95 101 0 243 95 101 0 243 95 101 0 243 95 101 0 243 95 101 0 243 95 
193 147 68 13 193 147 68 13 193 147 68 13 193 147 68 13 193 147 68 13 193 147 68 13 229 167 25 152 11 17 60 105 118 249 184 55 148 112 103 133 169 119 35 227 144 180 200 96 180 46 217 69 52 103 85 252 134 118 81 49 186 222 59 48 58 204 217 84 12 16 209 55 180 51 196 16 146 191 152 230 37 245 181 48 13 224 225 89 193 147 68 13 193 147 68 13 193 147 68 13 193 147 68 13 193 147 68 13 193 147 68 13 193 147 68 13 193 147 68 13 193 147 68 13 193 147 68 13 
87 103 105 200 87 103 105 200 87 103 105 200 87 103 105 200 87 103 105 200 87 103 105 200 136 130 94 54 133 34 197 221 153 253 251 234 149 119 23 172 192 214 195 154 72 145 107 189 109 254 98 149 73 82 26 225 206 13 230 188 101 0 94 213 136 17 199 53 171 165 111 83 180 148 127 139 218 26 92 47 6 155 236 224 223 137 118 124 87 103 105 200 87 103 105 200 87 103 105 200 87 103 105 200 87 103 105 200 87 103 105 200 87 103 105 200 87 103 105 200 87 103 105 200 87 103 105 200 
67 183 128 52 67 183 128 52 67 183 128 52 67 183 128 52 67 183 128 52 67 183 128 52 187 147 84 202 158 133 61 30 110 167 247 120 198 240 143 74 149 25 1 188 128 78 161 155 91 215 59 77 210 188 129 12 195 30 135 55 29 124 169 214 189 227 180 183 92 205 160 226 181 111 71 2 200 174 236 114 212 147 155 126 206 212 23 254 67 183 128 52 67 183 128 52 67 183 128 52 67 183 128 52 67 183 128 52 67 183 128 52 67 183 128 52 67 183 128 52 67 183 128 52 67 183 128 52 
101 0 243 95 101 0 243 95 101 0 243 95 101 0 243 95 101 0 243 95 101 0 243 95 229 1 20 159 246 113 195 168 45 62 225 81 106 203 92 114 230 27 227 134 37 98 30 9 68 220 55 180 95 16 57 154 197 208 7 46 241 84 243 8 106 34 48 200 134 66 8 137 139 164 156 157 31 136 71 140 218 143 67 19 191 227 95 52 101 0 243 95 101 0 243 95 101 0 243 95 101 0 243 95 101 0 243 95 101 0 243 95 101 0 243 95 101 0 243 95 101 0 243 95 101 0 243 95 
193 147 68 13 193 147 68 13 193 147 68 13 193 147 68 13 193 147 68 13 193 147 68 13 192 99 167 221 116 168 180 98 125 235 204 248 39 61 132 231 249 102 132 55 10 84 56 166 75 80 34 24 197 72 220 150 165 135 12 28 154 59 187 202 78 84 191 3 205 85 8 186 105 157 36 112 202 107 150 163 38 217 170 229 129 81 112 157 193 147 68 13 193 147 68 13 193 147 68 13 193 147 68 13 193 147 68 13 193 147 68 13 193 147 68 13 193 147 68 13 193 147 68 13 193 147 68 13 
87 103 105 200 87 103 105 200 87 103 105 200 87 103 105 200 77 32 248 125 50 156 114 161 178 54 38 69 116 238 234 247 129 203 90 21 45 61 150 27 241 202 224 117 165 117 8 33 43 67 30 35 73 2 124 116 53 198 229 213 27 112 95 59 83 247 155 13 253 173 105 141 96 237 18 207 169 157 177 233 102 57 121 175 11 154 60 216 25 45 49 158 199 129 50 4 230 106 165 141 160 61 152 54 87 103 105 200 87 103 105 200 87 103 105 200 87 103 105 200 87 103 105 200 87 103 105 200 
67 183 128 52 67 183 128 52 67 183 128 52 67 183 128 52 89 242 24 155 143 120 212 115 14 26 115 147 104 25 96 14 213 25 83 171 138 101 75 202 43 111 17 250 49 116 195 81 218 71 161 132 199 45 171 29 32 242 210 42 132 255 22 72 238 35 184 243 201 220 3 114 81 246 206 131 75 141 64 14 113 157 174 76 202 213 23 0 32 176 10 92 194 24 87 143 239 162 7 218 171 100 147 230 67 183 128 52 67 183 128 52 67 183 128 52 67 183 128 52 67 183 128 52 67 183 128 52 
101 0 243 95 101 0 243 95 101 0 243 95 101 0 243 95 13 111 83 250 71 206 80 64 202 169 245 50 3 2 235 186 246 3 238 15 152 227 159 224 232 85 60 32 93 219 40 16 216 73 65 131 76 212 156 50 239 248 9 149 193 99 80 74 66 1 185 196 253 155 137 8 197 45 209 75 168 52 253 64 197 149 240 38 189 223 170 108 222 143 88 86 242 169 190 157 31 45 254 42 161 55 217 92 101 0 243 95 101 0 243 95 101 0 243 95 101 0 243 95 101 0 243 95 101 0 243 95 
193 147 68 13 193 147 68 13 193 147 68 13 193 147 68 13 190 235 141 22 6 147 97 201 81 198 56 181 96 77 136 70 101 234 219 78 188 61 201 146 20 224 119 36 142 79 4 163 217 238 115 14 239 224 111 178 195 244 182 207 239 96 185 60 160 124 149 38 15 107 141 126 123 120 178 217 157 10 156 42 186 56 6 13 124 107 135 192 147 45 94 21 59 23 65 115 96 109 148 119 4 105 46 240 193 147 68 13 193 147 68 13 193 147 68 13 193 147 68 13 193 147 68 13 193 147 68 13 
87 103 105 200 87 103 105 200 87 103 105 200 87 103 105 200 87 103 105 200 47 62 144 227 38 212 48 15 112 214 150 120 250 114 170 59 160 163 186 80 109 217 243 22 11 134 213 70 9 150 149 126 145 168 191 174 158 145 9 246 203 176 209 191 134 197 16 61 184 70 29 159 241 234 5 150 119 1 156 112 155 74 100 19 73 153 97 226 195 255 163 190 124 110 111 2 241 91 130 115 185 191 206 217 87 103 105 200 87 103 105 200 87 103 105 200 87 103 105 200 87 103 105 200 87 103 105 200 
67 183 128 52 67 183 128 52 67 183 128 52 67 183 128 52 67 183 128 52 37 255 54 195 255 107 174 247 123 111 55 4 175 25 208 245 70 143 112 77 241 255 147 76 139 155 119 33 223 200 171 60 79 144 175 21 178 74 146 220 145 41 9 59 222 142 41 150 55 176 105 115 198 202 251 112 38 165 38 120 74 254 94 200 69 13 246 76 201 37 97 226 148 34 70 178 144 179 254 113 34 80 63 191 67 183 128 52 67 183 128 52 67 183 128 52 67 183 128 52 67 183 128 52 67 183 128 52 
101 0 243 95 101 0 243 95 101 0 243 95 101 0 243 95 101 0 243 95 44 20 79 103 182 31 181 110 227 75 228 72 156 9 115 42 81 213 55 109 72 207 195 165 225 199 255 214 12 178 217 231 169 193 245 162 216 202 163 244 39 140 131 148 141 73 241 46 94 139 203 111 59 223 63 62 187 151 210 16 191 185 60 180 15 1 171 189 117 255 0 245 158 28 59 237 19 114 231 215 249 225 112 46 101 0 243 95 101 0 243 95 101 0 243 95 101 0 243 95 101 0 243 95 101 0 243 95 
193 147 68 13 193 147 68 13 193 147 68 13 193 147 68 13 193 147 68 13 204 124 27 121 140 189 86 137 52 237 225 237 235 203 152 145 200 220 75 250 201 128 247 120 22 222 210 164 40 68 141 148 48 40 150 131 52 122 41 90 116 27 114 168 188 158 171 51 194 223 30 218 165 98 127 209 92 221 22 233 47 248 46 53 129 94 102 62 0 4 101 40 193 10 84 83 241 166 60 121 181 36 229 239 193 147 68 13 193 147 68 13 193 147 68 13 193 147 68 13 193 147 68 13 193 147 68 13 
87 103 105 200 87 103 105 200 87 103 105 200 87 103 105 200 147 227 123 16 111 221 198 26 48 33 182 223 246 83 11 227 59 228 20 221 222 24 47 119 169 252 226 79 232 242 30 152 109 204 59 109 183 50 226 197 37 71 173 19 165 105 242 9 242 77 83 220 97 154 219 156 153 204 122 21 140 169 179 217 148 150 63 112 121 176 109 164 53 196 86 186 153 116 32 160 87 103 105 200 87 103 105 200 87 103 105 200 87 103 105 200 87 103 105 200 87 103 105 200 87 103 105 200 87 103 105 200 
67 183 128 52 67 183 128 52 67 183 128 52 67 183 128 52 184 7 172 72 211 163 182 160 102 130 131 9 193 225 222 181 49 76 121 48 115 194 7 88 25 44 95 171 187 162 163 111 228 249 140 199 55 17 205 18 172 239 129 111 203 250 13 250 146 226 129 6 59 138 144 132 38 58 225 73 59 169 218 144 2 204 34 3 163 35 197 90 236 158 100 167 71 74 114 96 67 183 128 52 67 183 128 52 67 183 128 52 67 183 128 52 67 183 128 52 67 183 128 52 67 183 128 52 67 183 128 52 
101 0 243 95 101 0 243 95 101 0 243 95 101 0 243 95 216 75 185 120 116 215 133 124 62 161 73 196 122 246 201 242 219 150 29 144 29 111 237 68 244 239 45 242 62 59 229 3 250 153 60 63 101 70 37 151 184 98 218 17 250 102 112 155 101 87 173 202 223 76 211 61 195 244 185 32 233 202 93 181 135 235 134 83 81 225 22 101 77 130 100 40 120 155 181 62 101 0 243 95 101 0 243 95 101 0 243 95 101 0 243 95 101 0 243 95 101 0 243 95 101 0 243 95 101 0 243 95 
193 147 68 13 193 147 68 13 193 147 68 13 193 147 68 13 194 148 137 152 172 14 122 92 218 14 206 162 136 64 233 188 238 151 255 6 5 248 172 108 92 10 113 178 147 53 89 251 90 163 220 192 125 62 172 98 202 3 30 232 57 68 170 25 221 218 33 164 158 38 100 171 43 7 189 98 134 170 206 180 31 154 125 173 160 37 143 224 140 157 212 231 161 128 18 127 193 147 68 13 193 147 68 13 193 147 68 13 193 147 68 13 193 147 68 13 193 147 68 13 193 147 68 13 193 147 68 13 
87 103 105 200 87 103 105 200 87 103 105 200 87 103 105 200 163 33 116 65 254 193 9 239 160 135 225 252 173 233 207 251 163 19 90 23 168 148 74 218 60 82 111 195 105 154 112 247 0 132 188 179 186 179 198 19 202 1 115 123 5 1 138 69 138 134 141 39 9 37 238 116 69 251 207 155 198 49 104 161 144 176 145 11 229 92 201 141 99 78 235 86 215 130 136 125 87 103 105 200 87 103 105 200 87 103 105 200 87 103 105 200 87 103 105 200 87 103 105 200 87 103 105 200 87 103 105 200 
67 183 128 52 67 183 128 52 67 183 128 52 67 183 128 52 124 138 182 4 153 153 4 11 157 146 85 78 126 231 245 60 57 9 154 244 13 27 148 151 143 119 27 109 15 209 120 153 119 42 210 155 155 15 115 181 161 42 173 47 1 252 86 196 176 247 113 31 31 200 215 229 70 197 33 8 90 197 177 50 30 114 66 129 24 21 189 111 19 82 193 33 7 251 88 176 67 183 128 52 67 183 128 52 67 183 128 52 67 183 128 52 67 183 128 52 67 183 128 52 67 183 128 52 67 183 128 52 
101 0 243 95 101 0 243 95 101 0 243 95 101 0 243 95 142 195 254 36 79 36 37 183 184 172 110 150 228 148 164 54 227 115 16 236 193 237 222 114 187 4 87 248 113 28 239 248 57 103 230 230 188 35 83 88 98 173 35 174 124 170 64 85 122 198 155 73 7 246 35 157 253 169 96 17 85 175 45 203 250 47 222 255 205 147 109 207 39 197 195 50 187 149 159 38 101 0 243 95 101 0 243 95 101 0 243 95 101 0 243 95 101 0 243 95 101 0 243 95 101 0 243 95 101 0 243 95 
193 147 68 13 193 147 68 13 193 147 68 13 193 147 68 13 158 15 234 33 66 97 222 144 193 53 130 80 102 210 147 180 185 161 160 193 96 64 64 130 81 139 202 90 16 239 4 51 188 84 180 200 100 127 240 199 93 90 61 179 240 190 51 204 143 195 241 52 180 47 129 68 141 112 242 194 127 225 198 207 3 157 37 21 221 251 124 74 209 1 230 245 29 250 241 97 193 147 68 13 193 147 68 13 193 147 68 13 193 147 68 13 193 147 68 13 193 147 68 13 193 147 68 13 193 147 68 13 
87 103 105 200 87 103 105 200 87 103 105 200 87 103 105 200 87 103 105 200 87 103 105 200 71 32 196 129 149 99 58 208 63 196 147 166 230 17 108 113 31 103 109 44 106 146 230 255 102 219 241 163 234 23 147 127 66 50 179 90 158 35 53 19 63 232 86 115 154 240 185 203 216 171 47 222 124 117 135 61 26 168 189 204 45 96 88 18 125 198 142 107 201 20 243 74 87 103 105 200 87 103 105 200 87 103 105 200 87 103 105 200 87 103 105 200 87 103 105 200 87 103 105 200 87 103 105 200 
67 183 128 52 67 183 128 52 67 183 128 52 67 183 128 52 67 183 128 52 67 183 128 52 140 188 36 34 176 132 70 27 226 99 103 45 151 222 77 168 126 87 114 29 37 127 127 174 192 69 28 225 107 84 127 32 28 128 19 68 137 183 55 190 247 47 60 176 238 235 182 60 146 115 147 12 208 47 95 204 69 249 32 147 88 180 146 12 8 51 64 118 233 104 197 75 67 183 128 52 67 183 128 52 67 183 128 52 67 183 128 52 67 183 128 52 67 183 128 52 67 183 128 52 67 183 128 52 
101 0 243 95 101 0 243 95 101 0 243 95 101 0 243 95 101 0 243 95 101 0 243 95 167 18 42 198 255 38 18 55 198 76 108 158 46 189 98 113 165 215 144 213 49 187 231 72 125 73 48 63 51 11 244 173 165 65 120 46 203 161 238 111 229 135 177 51 205 117 181 63 62 201 201 42 233 181 145 219 103 181 231 37 186 183 19 238 104 2 184 75 98 58 2 185 101 0 243 95 101 0 243 95 101 0 243 95 101 0 243 95 101 0 243 95 101 0 243 95 101 0 243 95 101 0 243 95 
193 147 68 13 193 147 68 13 193 147 68 13 193 147 68 13 193 147 68 13 193 147 68 13 69 73 67 151 73 133 236 71 72 41 149 64 199 69 140 56 198 79 5 23 98 192 124 195 155 246 128 56 102 194 65 92 241 70 21 78 18 74 11 158 105 233 190 139 109 212 30 210 72 22 35 210 223 162 222 158 197 141 39 250 170 16 85 139 146 11 173 231 13 22 128 83 193 147 68 13 193 147 68 13 193 147 68 13 193 147 68 13 193 147 68 13 193 147 68 13 193 147 68 13 193 147 68 13 
87 103 105 200 87 103 105 200 87 103 105 200 87 103 105 200 87 103 105 200 87 103 105 200 72 233 124 22 40 163 53 179 8 10 210 148 192 106 24 25 4 56 224 220 145 104 175 230 83 78 15 146 137 196 39 214 59 96 19 73 203 123 69 211 143 92 34 147 154 91 2 245 38 195 187 249 221 83 1 46 224 79 67 14 120 13 105 191 252 224 164 172 173 102 6 51 87 103 105 200 87 103 105 200 87 103 105 200 87 103 105 200 87 103 105 200 87 103 105 200 87 103 105 200 87 103 105 200 
67 183 128 52 67 183 128 52 67 183 128 52 67 183 128 52 67 183 128 52 67 183 128 52 209 157 200 117 207 50 138 230 171 171 126 161 20 16 83 77 12 175 30 135 165 246 174 54 103 130 99 175 129 63 183 7 42 43 234 132 116 16 40 59 148 190 77 76 42 130 27 205 215 15 211 167 247 65 0 79 143 33 175 191 18 211 177 213 132 33 184 202 61 38 25 86 67 183 128 52 67 183 128 52 67 183 128 52 67 183 128 52 67 183 128 52 67 183 128 52 67 183 128 52 67 183 128 52 
101 0 243 95 101 0 243 95 101 0 243 95 101 0 243 95 101 0 243 95 101 0 243 95 186 18 88 101 144 75 20 99 150 37 151 124 93 69 93 112 57 121 177 149 92 187 105 106 119 193 104 148 33 2 237 96 249 47 38 1 52 72 193 179 177 35 10 106 137 153 81 1 27 66 31 241 28 13 145 32 247 237 236 141 129 98 51 223 254 41 183 155 232 96 232 50 101 0 243 95 101 0 243 95 101 0 243 95 101 0 243 95 101 0 243 95 101 0 243 95 101 0 243 95 101 0 243 95 
193 147 68 13 193 147 68 13 193 147 68 13 193 147 68 13 193 147 68 13 193 147 68 13 85 44 14 42 135 0 46 122 125 134 31 104 173 142 27 232 225 37 108 151 245 61 237 59 21 27 142 253 218 179 43 59 11 153 198 152 35 133 123 150 136 138 216 198 218 124 60 62 175 216 153 62 159 47 215 53 33 190 119 15 233 6 204 207 6 32 47 120 190 181 6 145 193 147 68 13 193 147 68 13 193 147 68 13 193 147 68 13 193 147 68 13 193 147 68 13 193 147 68 13 193 147 68 13 
87 103 105 200 87 103 105 200 87 103 105 200 87 103 105 200 87 103 105 200 87 103 105 200 87 103 105 200 87 103 105 200 255 204 182 245 93 213 166 75 52 204 18 239 188 210 208 211 204 224 209 93 44 214 127 24 34 150 7 66 147 124 64 76 53 222 218 207 4 19 215 215 183 133 227 172 142 89 123 143 12 20 91 118 135 214 21 213 216 67 41 248 180 198 182 250 87 103 105 200 87 103 105 200 87 103 105 200 87 103 105 200 87 103 105 200 87 103 105 200 87 103 105 200 87 103 105 200 
67 183 128 52 67 183 128 52 67 183 128 52 67 183 128 52 67 183 128 52 67 183 128 52 67 183 128 52 67 183 128 52 25 145 43 166 9 54 239 70 187 207 253 195 28 248 79 1 42 155 242 215 74 61 146 69 117 26 146 130 228 241 28 239 190 140 213 109 49 147 251 140 236 119 248 166 207 206 21 79 141 117 227 58 6 174 77 118 219 107 171 184 216 119 52 200 67 183 128 52 67 183 128 52 67 183 128 52 67 183 128 52 67 183 128 52 67 183 128 52 67 183 128 52 67 183 128 52 
101 0 243 95 101 0 243 95 101 0 243 95 101 0 243 95 101 0 243 95 101 0 243 95 101 0 243 95 101 0 243 95 70 134 210 21 178 191 249 188 57 207 104 249 112 89 213 239 31 77 149 206 155 222 63 61 26 60 144 236 15 145 215 17 189 111 232 143 59 228 34 108 7 173 120 152 99 217 174 188 119 129 64 141 43 58 152 38 206 4 109 231 150 244 96 155 101 0 243 95 101 0 243 95 101 0 243 95 101 0 243 95 101 0 243 95 101 0 243 95 101 0 243 95 101 0 243 95 
193 147 68 13 193 147 68 13 193 147 68 13 193 147 68 13 193 147 68 13 193 147 68 13 193 147 68 13 193 147 68 13 232 183 103 66 19 201 237 83 184 152 203 138 182 207 2 73 245 11 44 101 170 123 228 28 121 251 54 254 48 117 151 99 250 193 34 24 49 93 12 188 155 144 132 148 36 255 120 61 155 46 191 106 0 136 190 217 164 194 152 154 70 62 115 244 193 147 68 13 193 147 68 13 193 147 68 13 193 147 68 13 193 147 68 13 193 147 68 13 193 147 68 13 193 147 68 13 
87 103 105 200 87 103 105 200 87 103 105 200 87 103 105 200 87 103 105 200 87 103 105 200 87 103 105 200 87 103 105 200 218 80 178 83 19 1 124 240 121 245 130 67 227 173 174 179 224 235 101 240 39 2 42 70 133 6 230 26 81 243 244 69 130 2 43 27 213 254 85 23 65 28 254 205 85 236 134 221 92 240 152 197 223 88 246 72 211 113 63 74 245 96 51 228 87 103 105 200 87 103 105 200 87 103 105 200 87 103 105 200 87 103 105 200 87 103 105 200 87 103 105 200 87 103 105 200 
67 183 128 52 67 183 128 52 67 183 128 52 67 183 128 52 67 183 128 52 67 183 128 52 67 183 128 52 67 183 128 52 81 210 147 96 199 53 98 46 167 47 161 158 125 121 161 147 190 145 230 83 249 96 142 149 84 59 28 47 164 162 163 38 231 201 88 73 90 94 125 43 80 252 206 171 159 225 224 138 186 47 113 183 161 206 43 17 39 29 211 174 149 13 188 198 67 183 128 52 67 183 128 52 67 183 128 52 67 183 128 52 67 183 128 52 67 183 128 52 67 183 128 52 67 183 128 52 
101 0 243 95 101 0 243 95 101 0 243 95 101 0 243 95 101 0 243 95 101 0 243 95 101 0 243 95 101 0 243 95 211 11 132 62 55 220 148 35 132 220 253 21 32 120 161 254 17 96 60 88 59 183 31 54 125 93 93 170 222 217 53 135 137 120 214 109 83 153 55 125 34 25 157 24 112 33 121 213 20 240 91 105 68 81 172 225 24 137 28 237 248 1 5 132 101 0 243 95 101 0 243 95 101 0 243 95 101 0 243 95 101 0 243 95 101 0 243 95 101 0 243 95 101 0 243 95 
193 147 68 13 193 147 68 13 193 147 68 13 193 147 68 13 193 147 68 13 193 147 68 13 193 147 68 13 193 147 68 13 253 133 16 218 83 221 34 85 70 114 148 147 157 99 190 123 114 121 49 155 150 76 195 38 105 112 9 72 124 106 78 230 254 23 190 16 108 53 195 180 254 200 70 121 225 33 175 152 152 156 155 154 181 4 20 144 93 179 182 138 179 168 43 113 193 147 68 13 193 147 68 13 193 147 68 13 193 147 68 13 193 147 68 13 193 147 68 13 193 147 68 13 193 147 68 13 
