48 204 29 29 48 204 29 29 48 204 29 29 48 204 29 29 48 204 29 29 48 204 29 29 48 204 29 29 48 204 29 29 48 204 29 29 48 204 29 29 48 204 29 29 48 204 29 29 48 204 29 29 48 204 29 29 48 204 29 29 48 204 29 29 112 196 94 173 150 92 197 128 188 177 29 15 108 79 179 241 48 204 29 29 48 204 29 29 48 204 29 29 48 204 29 29 48 204 29 29 48 204 29 29 48 204 29 29 48 204 29 29 48 204 29 29 48 204 29 29 48 204 29 29 48 204 29 29 
40 152 130 203 40 152 130 203 40 152 130 203 40 152 130 203 40 152 130 203 40 152 130 203 40 152 130 203 40 152 130 203 40 152 130 203 40 152 130 203 40 152 130 203 40 152 130 203 40 152 130 203 40 152 130 203 40 152 130 203 40 152 130 203 75 71 105 149 255 37 63 104 141 238 84 236 60 215 133 104 40 152 130 203 40 152 130 203 40 152 130 203 40 152 130 203 40 152 130 203 40 152 130 203 40 152 130 203 40 152 130 203 40 152 130 203 40 152 130 203 40 152 130 203 40 152 130 203 
171 163 28 62 171 163 28 62 171 163 28 62 171 163 28 62 171 163 28 62 171 163 28 62 171 163 28 62 171 163 28 62 171 163 28 62 171 163 28 62 171 163 28 62 171 163 28 62 171 163 28 62 171 163 28 62 171 163 28 62 171 163 28 62 235 120 32 7 139 227 220 168 232 168 43 82 30 183 55 13 171 163 28 62 171 163 28 62 171 163 28 62 171 163 28 62 171 163 28 62 171 163 28 62 171 163 28 62 171 163 28 62 171 163 28 62 171 163 28 62 171 163 28 62 171 163 28 62 
77 205 184 25 77 205 184 25 77 205 184 25 77 205 184 25 77 205 184 25 77 205 184 25 77 205 184 25 77 205 184 25 77 205 184 25 77 205 184 25 77 205 184 25 77 205 184 25 77 205 184 25 77 205 184 25 77 205 184 25 77 205 184 25 184 33 27 153 80 168 112 93 250 215 174 79 218 24 28 26 77 205 184 25 77 205 184 25 77 205 184 25 77 205 184 25 77 205 184 25 77 205 184 25 77 205 184 25 77 205 184 25 77 205 184 25 77 205 184 25 77 205 184 25 77 205 184 25 
48 204 29 29 48 204 29 29 48 204 29 29 48 204 29 29 48 204 29 29 48 204 29 29 48 204 29 29 48 204 29 29 48 204 29 29 48 204 29 29 48 204 29 29 48 204 29 29 48 204 29 29 48 204 29 29 48 204 29 29 48 204 29 29 129 109 18 111 173 104 233 44 158 221 234 148 6 23 216 72 48 204 29 29 48 204 29 29 48 204 29 29 48 204 29 29 48 204 29 29 48 204 29 29 48 204 29 29 48 204 29 29 48 204 29 29 48 204 29 29 48 204 29 29 48 204 29 29 
40 152 130 203 40 152 130 203 40 152 130 203 40 152 130 203 40 152 130 203 40 152 130 203 40 152 130 203 40 152 130 203 40 152 130 203 40 152 130 203 40 152 130 203 40 152 130 203 40 152 130 203 40 152 130 203 40 152 130 203 40 152 130 203 44 127 125 34 210 38 88 243 235 2 182 62 151 30 44 75 40 152 130 203 40 152 130 203 40 152 130 203 40 152 130 203 40 152 130 203 40 152 130 203 40 152 130 203 40 152 130 203 40 152 130 203 40 152 130 203 40 152 130 203 40 152 130 203 
171 163 28 62 171 163 28 62 171 163 28 62 171 163 28 62 171 163 28 62 171 163 28 62 171 163 28 62 171 163 28 62 171 163 28 62 171 163 28 62 171 163 28 62 171 163 28 62 171 163 28 62 171 163 28 62 171 163 28 62 171 163 28 62 91 85 98 111 141 133 13 83 198 56 162 115 216 241 44 183 171 163 28 62 171 163 28 62 171 163 28 62 171 163 28 62 171 163 28 62 171 163 28 62 171 163 28 62 171 163 28 62 171 163 28 62 171 163 28 62 171 163 28 62 171 163 28 62 
77 205 184 25 77 205 184 25 77 205 184 25 77 205 184 25 77 205 184 25 77 205 184 25 77 205 184 25 77 205 184 25 77 205 184 25 77 205 184 25 77 205 184 25 77 205 184 25 77 205 184 25 77 205 184 25 77 205 184 25 77 205 184 25 145 105 77 51 172 157 185 239 150 250 88 178 18 163 93 83 77 205 184 25 77 205 184 25 77 205 184 25 77 205 184 25 77 205 184 25 77 205 184 25 77 205 184 25 77 205 184 25 77 205 184 25 77 205 184 25 77 205 184 25 77 205 184 25 
48 204 29 29 48 204 29 29 48 204 29 29 48 204 29 29 48 204 29 29 48 204 29 29 48 204 29 29 48 204 29 29 48 204 29 29 48 204 29 29 48 204 29 29 48 204 29 29 48 204 29 29 48 204 29 29 85 119 245 255 3 133 89 232 84 250 75 116 206 243 103 198 41 182 36 95 55 92 108 90 206 135 244 159 61 211 36 203 48 204 29 29 48 204 29 29 48 204 29 29 48 204 29 29 48 204 29 29 48 204 29 29 48 204 29 29 48 204 29 29 48 204 29 29 48 204 29 29 
40 152 130 203 40 152 130 203 40 152 130 203 40 152 130 203 40 152 130 203 40 152 130 203 40 152 130 203 40 152 130 203 40 152 130 203 40 152 130 203 40 152 130 203 40 152 130 203 40 152 130 203 40 152 130 203 111 99 50 153 138 241 126 168 111 236 228 28 125 168 101 23 218 161 26 150 241 52 198 83 217 137 187 124 102 200 178 160 40 152 130 203 40 152 130 203 40 152 130 203 40 152 130 203 40 152 130 203 40 152 130 203 40 152 130 203 40 152 130 203 40 152 130 203 40 152 130 203 
171 163 28 62 171 163 28 62 171 163 28 62 171 163 28 62 171 163 28 62 171 163 28 62 171 163 28 62 171 163 28 62 171 163 28 62 171 163 28 62 171 163 28 62 171 163 28 62 171 163 28 62 171 163 28 62 202 98 113 140 94 60 203 250 62 199 126 203 112 84 188 237 193 200 7 212 108 56 246 167 59 176 187 105 81 3 213 29 171 163 28 62 171 163 28 62 171 163 28 62 171 163 28 62 171 163 28 62 171 163 28 62 171 163 28 62 171 163 28 62 171 163 28 62 171 163 28 62 
77 205 184 25 77 205 184 25 77 205 184 25 77 205 184 25 77 205 184 25 77 205 184 25 77 205 184 25 77 205 184 25 77 205 184 25 77 205 184 25 77 205 184 25 77 205 184 25 77 205 184 25 77 205 184 25 1 131 113 79 117 151 55 238 101 120 70 29 82 89 143 234 150 197 193 241 8 6 132 40 1 172 253 45 75 142 134 41 77 205 184 25 77 205 184 25 77 205 184 25 77 205 184 25 77 205 184 25 77 205 184 25 77 205 184 25 77 205 184 25 77 205 184 25 77 205 184 25 
48 204 29 29 48 204 29 29 48 204 29 29 48 204 29 29 48 204 29 29 48 204 29 29 48 204 29 29 48 204 29 29 48 204 29 29 48 204 29 29 48 204 29 29 48 204 29 29 48 204 29 29 48 204 29 29 10 248 22 144 87 233 121 17 66 8 12 52 168 66 189 109 237 31 215 133 184 10 57 166 172 197 200 208 20 199 173 61 48 204 29 29 48 204 29 29 48 204 29 29 48 204 29 29 48 204 29 29 48 204 29 29 48 204 29 29 48 204 29 29 48 204 29 29 48 204 29 29 
40 152 130 203 40 152 130 203 40 152 130 203 40 152 130 203 40 152 130 203 40 152 130 203 40 152 130 203 40 152 130 203 40 152 130 203 40 152 130 203 40 152 130 203 40 152 130 203 40 152 130 203 40 152 130 203 101 151 11 165 151 226 208 53 234 122 142 247 207 225 166 186 56 142 131 14 186 20 138 177 208 222 181 46 147 212 83 178 40 152 130 203 40 152 130 203 40 152 130 203 40 152 130 203 40 152 130 203 40 152 130 203 40 152 130 203 40 152 130 203 40 152 130 203 40 152 130 203 
171 163 28 62 171 163 28 62 171 163 28 62 171 163 28 62 171 163 28 62 171 163 28 62 171 163 28 62 171 163 28 62 171 163 28 62 171 163 28 62 171 163 28 62 171 163 28 62 171 163 28 62 171 163 28 62 214 59 255 93 228 231 229 57 155 215 36 154 90 130 194 223 10 245 91 191 213 0 181 247 140 34 81 50 14 222 206 47 171 163 28 62 171 163 28 62 171 163 28 62 171 163 28 62 171 163 28 62 171 163 28 62 171 163 28 62 171 163 28 62 171 163 28 62 171 163 28 62 
77 205 184 25 77 205 184 25 77 205 184 25 77 205 184 25 77 205 184 25 77 205 184 25 77 205 184 25 77 205 184 25 77 205 184 25 77 205 184 25 77 205 184 25 77 205 184 25 77 205 184 25 77 205 184 25 184 38 78 70 78 60 62 101 96 36 142 18 119 231 155 144 84 113 50 11 187 185 19 62 3 30 63 7 12 147 198 228 77 205 184 25 77 205 184 25 77 205 184 25 77 205 184 25 77 205 184 25 77 205 184 25 77 205 184 25 77 205 184 25 77 205 184 25 77 205 184 25 
48 204 29 29 48 204 29 29 48 204 29 29 48 204 29 29 48 204 29 29 48 204 29 29 48 204 29 29 48 204 29 29 48 204 29 29 48 204 29 29 48 204 29 29 48 204 29 29 168 222 180 6 206 204 119 194 147 180 91 61 132 55 244 231 50 152 48 220 119 172 116 229 10 47 245 49 115 51 62 132 37 52 201 235 30 123 0 56 211 173 89 143 211 173 89 143 48 204 29 29 48 204 29 29 48 204 29 29 48 204 29 29 48 204 29 29 48 204 29 29 48 204 29 29 48 204 29 29 
40 152 130 203 40 152 130 203 40 152 130 203 40 152 130 203 40 152 130 203 40 152 130 203 40 152 130 203 40 152 130 203 40 152 130 203 40 152 130 203 40 152 130 203 40 152 130 203 37 232 27 203 51 253 45 234 95 78 130 63 118 159 189 126 159 83 1 245 215 43 217 59 245 183 32 63 157 23 115 86 3 232 143 202 83 223 16 82 210 4 118 219 210 4 118 219 40 152 130 203 40 152 130 203 40 152 130 203 40 152 130 203 40 152 130 203 40 152 130 203 40 152 130 203 40 152 130 203 
171 163 28 62 171 163 28 62 171 163 28 62 171 163 28 62 171 163 28 62 171 163 28 62 171 163 28 62 171 163 28 62 171 163 28 62 171 163 28 62 171 163 28 62 171 163 28 62 121 16 235 103 174 185 47 174 103 9 102 195 150 193 226 49 153 132 94 7 14 187 207 3 14 87 16 217 6 10 116 32 122 42 227 85 9 155 110 78 3 193 148 30 3 193 148 30 171 163 28 62 171 163 28 62 171 163 28 62 171 163 28 62 171 163 28 62 171 163 28 62 171 163 28 62 171 163 28 62 
77 205 184 25 77 205 184 25 77 205 184 25 77 205 184 25 77 205 184 25 77 205 184 25 77 205 184 25 77 205 184 25 77 205 184 25 77 205 184 25 77 205 184 25 77 205 184 25 47 55 150 36 136 197 117 70 117 196 161 167 176 53 66 193 31 203 53 135 235 138 0 88 103 204 96 137 63 36 178 157 210 214 150 118 183 198 231 10 246 0 120 70 246 0 120 70 77 205 184 25 77 205 184 25 77 205 184 25 77 205 184 25 77 205 184 25 77 205 184 25 77 205 184 25 77 205 184 25 
48 204 29 29 48 204 29 29 48 204 29 29 48 204 29 29 48 204 29 29 48 204 29 29 48 204 29 29 48 204 29 29 48 204 29 29 48 204 29 29 48 204 29 29 48 204 29 29 124 211 199 187 185 203 108 162 47 230 127 34 89 228 34 136 49 108 144 76 201 194 14 112 141 202 74 84 138 28 48 152 70 233 100 62 50 26 152 226 48 204 29 29 48 204 29 29 48 204 29 29 48 204 29 29 48 204 29 29 48 204 29 29 48 204 29 29 48 204 29 29 48 204 29 29 48 204 29 29 
40 152 130 203 40 152 130 203 40 152 130 203 40 152 130 203 40 152 130 203 40 152 130 203 40 152 130 203 40 152 130 203 40 152 130 203 40 152 130 203 40 152 130 203 40 152 130 203 12 110 42 53 134 96 209 152 148 106 218 86 171 26 36 35 44 64 161 31 11 66 107 253 26 17 158 164 170 246 254 105 153 65 28 30 87 3 95 47 40 152 130 203 40 152 130 203 40 152 130 203 40 152 130 203 40 152 130 203 40 152 130 203 40 152 130 203 40 152 130 203 40 152 130 203 40 152 130 203 
171 163 28 62 171 163 28 62 171 163 28 62 171 163 28 62 171 163 28 62 171 163 28 62 171 163 28 62 171 163 28 62 171 163 28 62 171 163 28 62 171 163 28 62 171 163 28 62 107 40 64 1 104 138 36 50 193 148 252 163 193 134 144 157 59 17 229 173 79 203 120 210 166 68 43 64 75 111 234 21 56 77 26 161 97 254 44 113 171 163 28 62 171 163 28 62 171 163 28 62 171 163 28 62 171 163 28 62 171 163 28 62 171 163 28 62 171 163 28 62 171 163 28 62 171 163 28 62 
77 205 184 25 77 205 184 25 77 205 184 25 77 205 184 25 77 205 184 25 77 205 184 25 77 205 184 25 77 205 184 25 77 205 184 25 77 205 184 25 77 205 184 25 77 205 184 25 15 184 147 81 65 206 151 222 181 79 254 24 83 6 200 84 132 201 78 59 15 191 219 208 170 144 3 103 213 53 113 201 207 175 190 67 0 183 34 84 77 205 184 25 77 205 184 25 77 205 184 25 77 205 184 25 77 205 184 25 77 205 184 25 77 205 184 25 77 205 184 25 77 205 184 25 77 205 184 25 
48 204 29 29 48 204 29 29 48 204 29 29 48 204 29 29 48 204 29 29 48 204 29 29 48 204 29 29 48 204 29 29 48 204 29 29 48 204 29 29 48 204 29 29 48 204 29 29 161 30 188 86 4 86 103 96 96 74 208 121 142 49 247 223 213 195 169 240 160 130 79 105 184 132 109 34 188 225 85 45 230 158 30 85 111 120 10 189 38 169 6 12 42 99 39 57 96 22 214 47 53 46 170 120 48 204 29 29 48 204 29 29 48 204 29 29 48 204 29 29 48 204 29 29 48 204 29 29 
40 152 130 203 40 152 130 203 40 152 130 203 40 152 130 203 40 152 130 203 40 152 130 203 40 152 130 203 40 152 130 203 40 152 130 203 40 152 130 203 40 152 130 203 40 152 130 203 244 36 114 145 21 33 13 244 202 73 243 250 41 71 134 217 254 248 192 229 119 72 233 74 233 108 67 214 37 19 155 25 22 118 218 72 103 11 154 231 210 211 78 74 209 32 170 236 62 60 58 29 54 27 239 101 40 152 130 203 40 152 130 203 40 152 130 203 40 152 130 203 40 152 130 203 40 152 130 203 
171 163 28 62 171 163 28 62 171 163 28 62 171 163 28 62 171 163 28 62 171 163 28 62 171 163 28 62 171 163 28 62 171 163 28 62 171 163 28 62 171 163 28 62 171 163 28 62 229 201 204 145 65 106 203 20 90 92 48 221 154 8 87 15 222 182 72 201 124 208 150 71 226 96 220 111 239 60 200 6 93 139 105 235 96 128 198 227 115 82 249 91 136 19 244 141 2 146 65 88 126 23 102 20 171 163 28 62 171 163 28 62 171 163 28 62 171 163 28 62 171 163 28 62 171 163 28 62 
77 205 184 25 77 205 184 25 77 205 184 25 77 205 184 25 77 205 184 25 77 205 184 25 77 205 184 25 77 205 184 25 77 205 184 25 77 205 184 25 77 205 184 25 77 205 184 25 248 205 116 175 172 0 236 150 168 77 232 160 196 103 190 199 119 248 138 18 126 59 221 12 244 189 205 111 115 215 168 88 70 230 33 254 233 143 131 174 106 217 0 139 61 147 26 26 175 158 130 91 62 228 148 64 77 205 184 25 77 205 184 25 77 205 184 25 77 205 184 25 77 205 184 25 77 205 184 25 
48 204 29 29 48 204 29 29 48 204 29 29 48 204 29 29 48 204 29 29 48 204 29 29 48 204 29 29 48 204 29 29 48 204 29 29 48 204 29 29 48 204 29 29 48 204 29 29 106 219 177 56 31 218 110 34 155 198 69 103 203 78 110 130 165 143 178 214 18 212 104 213 131 160 3 212 219 29 196 58 219 43 52 121 96 23 184 137 117 95 162 200 56 156 231 22 195 107 194 6 33 65 0 5 48 204 29 29 48 204 29 29 48 204 29 29 48 204 29 29 48 204 29 29 48 204 29 29 
40 152 130 203 40 152 130 203 40 152 130 203 40 152 130 203 40 152 130 203 40 152 130 203 40 152 130 203 40 152 130 203 40 152 130 203 40 152 130 203 40 152 130 203 40 152 130 203 31 240 188 221 97 128 125 237 184 202 92 205 237 12 202 147 170 254 237 21 46 19 153 58 100 241 6 179 81 77 19 208 179 185 100 78 238 91 18 185 221 197 153 96 82 248 186 245 50 10 136 241 105 250 206 85 40 152 130 203 40 152 130 203 40 152 130 203 40 152 130 203 40 152 130 203 40 152 130 203 
171 163 28 62 171 163 28 62 171 163 28 62 171 163 28 62 171 163 28 62 171 163 28 62 171 163 28 62 171 163 28 62 171 163 28 62 171 163 28 62 171 163 28 62 171 163 28 62 6 10 244 36 228 218 246 34 78 231 25 36 244 199 14 7 88 196 39 91 71 76 146 173 121 208 185 216 209 29 17 69 95 51 199 226 14 93 209 24 141 13 148 35 141 21 39 57 31 134 51 60 1 138 175 247 171 163 28 62 171 163 28 62 171 163 28 62 171 163 28 62 171 163 28 62 171 163 28 62 
77 205 184 25 77 205 184 25 77 205 184 25 77 205 184 25 77 205 184 25 77 205 184 25 77 205 184 25 77 205 184 25 77 205 184 25 77 205 184 25 77 205 184 25 77 205 184 25 187 147 23 198 222 96 181 163 87 144 144 23 55 46 21 180 5 144 164 245 180 149 49 213 246 3 130 119 54 49 189 244 243 156 140 189 43 235 222 11 14 22 39 183 250 242 171 207 54 175 122 131 188 242 61 218 77 205 184 25 77 205 184 25 77 205 184 25 77 205 184 25 77 205 184 25 77 205 184 25 
48 204 29 29 48 204 29 29 48 204 29 29 48 204 29 29 22 180 67 3 195 252 117 197 49 134 84 237 162 206 17 20 40 54 131 141 131 171 102 31 155 248 32 102 219 138 106 216 233 170 64 154 187 71 115 42 29 131 178 115 216 123 43 174 108 213 93 44 237 169 209 92 185 7 240 237 235 42 162 112 141 149 144 144 56 195 166 1 23 49 136 188 145 34 116 229 79 61 212 171 130 63 232 68 2 62 28 255 26 24 182 236 48 204 29 29 48 204 29 29 48 204 29 29 48 204 29 29 
40 152 130 203 40 152 130 203 40 152 130 203 40 152 130 203 203 207 114 94 118 32 15 23 181 70 201 110 184 16 225 195 39 197 159 218 97 191 196 129 168 159 61 55 36 3 58 230 248 48 118 131 128 81 115 132 120 195 78 155 142 255 212 225 88 189 207 252 79 127 73 36 160 173 16 7 72 130 67 37 192 150 7 29 99 78 198 182 108 207 39 196 104 136 7 0 187 149 226 101 125 67 49 95 137 146 252 55 35 42 77 146 40 152 130 203 40 152 130 203 40 152 130 203 40 152 130 203 
171 163 28 62 171 163 28 62 171 163 28 62 171 163 28 62 25 131 184 38 148 78 58 231 15 113 214 12 61 236 135 82 196 107 221 251 139 78 198 185 118 99 74 212 184 182 39 195 12 6 113 243 102 76 248 230 91 232 159 92 225 171 83 41 71 173 155 26 61 212 26 184 37 79 156 6 204 235 220 221 141 175 98 99 20 131 11 164 10 90 195 170 217 18 118 121 107 247 159 244 175 83 100 142 180 156 101 55 18 91 51 189 171 163 28 62 171 163 28 62 171 163 28 62 171 163 28 62 
77 205 184 25 77 205 184 25 77 205 184 25 77 205 184 25 83 41 172 134 126 57 131 178 33 117 90 223 106 15 15 211 90 242 199 199 49 162 53 46 253 181 140 157 217 67 90 152 244 200 250 108 234 156 243 13 68 121 190 44 38 146 17 86 217 215 111 45 196 84 43 180 49 27 148 12 240 5 132 130 110 133 108 27 124 173 131 211 114 87 213 160 243 42 225 163 76 143 83 72 85 56 14 65 110 253 245 208 226 26 26 193 77 205 184 25 77 205 184 25 77 205 184 25 77 205 184 25 
48 204 29 29 48 204 29 29 48 204 29 29 48 204 29 29 210 117 127 213 138 246 174 251 115 226 248 151 181 121 156 192 50 84 138 212 48 204 29 29 182 139 61 143 62 81 225 138 130 127 15 178 3 101 252 156 75 70 1 126 205 242 221 240 48 89 86 25 127 66 133 144 155 192 199 11 178 99 9 206 197 106 31 186 245 244 46 196 142 26 233 2 136 183 111 163 195 101 53 90 63 109 97 219 69 126 109 162 45 250 79 193 48 204 29 29 48 204 29 29 48 204 29 29 48 204 29 29 
40 152 130 203 40 152 130 203 40 152 130 203 40 152 130 203 160 110 89 147 223 153 241 134 2 114 160 235 90 12 151 151 112 45 60 151 40 152 130 203 19 83 11 240 191 195 153 131 40 247 174 167 76 52 208 116 17 224 173 115 51 148 124 115 190 179 147 143 206 157 5 54 205 126 45 185 126 34 93 82 222 160 151 73 135 51 28 158 248 68 164 253 236 223 28 14 16 177 174 56 142 200 26 177 219 111 53 49 158 7 63 145 40 152 130 203 40 152 130 203 40 152 130 203 40 152 130 203 
171 163 28 62 171 163 28 62 171 163 28 62 171 163 28 62 77 176 0 235 247 252 128 49 177 57 15 84 162 151 165 244 161 27 89 71 171 163 28 62 3 141 74 210 25 242 78 73 176 234 92 26 136 70 210 214 222 122 118 54 143 202 7 66 205 56 33 56 38 121 143 190 203 186 217 201 112 7 45 117 213 92 30 140 225 65 163 232 252 29 137 136 224 126 75 96 155 14 115 59 210 62 249 134 79 126 48 231 224 161 87 2 171 163 28 62 171 163 28 62 171 163 28 62 171 163 28 62 
77 205 184 25 77 205 184 25 77 205 184 25 77 205 184 25 31 132 55 37 219 131 159 229 244 100 239 107 244 124 15 32 65 38 1 195 77 205 184 25 194 197 165 112 131 107 204 190 167 33 225 206 196 240 137 2 186 88 119 168 225 235 203 113 51 15 221 17 203 111 203 132 238 105 176 154 95 231 107 187 175 108 4 225 207 159 218 111 221 0 45 175 162 36 105 57 122 14 75 71 86 102 56 149 34 35 159 172 6 50 45 24 77 205 184 25 77 205 184 25 77 205 184 25 77 205 184 25 
48 204 29 29 48 204 29 29 48 204 29 29 48 204 29 29 9 243 222 83 217 167 88 106 213 168 90 185 47 234 73 54 74 80 25 11 245 96 36 32 224 8 139 8 213 76 213 29 122 141 120 49 252 52 218 66 241 147 140 37 92 204 81 252 151 5 10 128 96 92 126 146 54 221 124 135 147 241 33 62 19 139 186 31 182 66 23 205 216 214 189 174 101 173 195 222 70 0 190 183 203 144 31 43 98 177 212 97 42 155 242 182 48 204 29 29 48 204 29 29 48 204 29 29 48 204 29 29 
40 152 130 203 40 152 130 203 40 152 130 203 40 152 130 203 13 82 72 236 250 172 249 163 68 104 100 8 210 90 141 100 33 242 7 255 221 170 244 59 216 234 180 38 110 211 44 79 189 44 144 179 155 111 132 196 102 80 145 6 41 63 121 133 250 130 4 227 165 200 200 154 111 201 235 67 34 155 25 149 218 75 50 236 170 238 13 121 106 100 126 24 115 75 220 106 75 122 23 125 222 54 147 99 124 204 78 2 61 185 203 235 40 152 130 203 40 152 130 203 40 152 130 203 40 152 130 203 
171 163 28 62 171 163 28 62 171 163 28 62 171 163 28 62 16 55 175 24 11 27 246 62 5 206 63 179 168 226 25 20 70 223 144 28 160 154 11 105 255 18 81 199 210 59 132 60 195 63 175 21 110 147 173 194 20 246 66 32 193 140 157 245 47 49 40 150 10 219 188 252 160 23 152 206 54 222 211 70 87 164 137 246 27 24 72 133 189 52 254 162 117 134 83 176 160 0 116 165 242 200 74 34 128 193 57 198 153 81 184 6 171 163 28 62 171 163 28 62 171 163 28 62 171 163 28 62 
77 205 184 25 77 205 184 25 77 205 184 25 77 205 184 25 56 62 240 140 165 212 122 40 88 116 5 79 96 87 66 239 129 101 99 92 218 81 156 61 25 90 53 219 66 114 129 249 6 112 209 115 158 77 173 182 174 202 212 28 1 138 59 215 149 6 48 106 77 4 136 168 76 17 19 20 171 142 210 138 199 23 70 32 253 143 208 78 192 76 233 120 109 85 129 14 43 140 212 60 234 15 79 1 21 141 87 120 215 31 79 41 77 205 184 25 77 205 184 25 77 205 184 25 77 205 184 25 
48 204 29 29 48 204 29 29 48 204 29 29 48 204 29 29 103 227 63 132 205 86 138 215 43 212 13 186 181 131 166 157 176 211 233 237 208 74 178 168 240 142 103 186 39 84 29 208 61 242 62 100 198 233 149 196 68 238 96 54 37 122 227 139 207 204 207 123 40 12 9 224 173 7 195 231 61 209 22 246 216 5 160 245 20 180 190 118 232 205 113 255 19 179 190 194 42 107 79 142 121 176 34 206 224 229 228 210 16 122 154 12 48 204 29 29 48 204 29 29 48 204 29 29 48 204 29 29 
40 152 130 203 40 152 130 203 40 152 130 203 40 152 130 203 23 63 154 24 68 98 102 182 202 66 233 28 83 84 128 236 44 145 219 0 211 13 205 188 250 18 53 57 158 187 138 48 31 197 159 9 41 89 147 184 94 112 140 203 65 125 243 239 164 207 94 137 103 246 0 78 113 83 162 182 212 174 252 205 87 127 191 102 252 0 71 16 198 62 114 114 159 23 75 251 74 101 12 135 123 44 173 62 78 87 227 244 31 37 183 206 40 152 130 203 40 152 130 203 40 152 130 203 40 152 130 203 
171 163 28 62 171 163 28 62 171 163 28 62 171 163 28 62 78 190 12 2 32 84 130 187 179 206 19 123 160 175 239 118 171 64 141 147 4 148 199 255 33 235 18 47 62 206 203 125 69 164 101 37 153 43 14 230 245 115 191 7 230 40 163 171 197 204 130 214 65 51 66 221 151 6 221 162 122 142 94 25 56 24 10 77 94 72 235 161 239 37 131 32 24 223 160 114 159 165 107 234 212 21 75 170 37 164 10 110 218 136 233 0 171 163 28 62 171 163 28 62 171 163 28 62 171 163 28 62 
77 205 184 25 77 205 184 25 77 205 184 25 77 205 184 25 194 9 213 215 93 58 12 184 99 202 71 251 147 170 40 167 154 63 23 22 169 123 172 181 164 205 216 126 85 201 214 147 223 79 125 185 234 171 168 86 155 246 135 57 145 241 80 15 46 172 251 114 22 116 206 36 162 7 23 113 65 232 205 139 71 219 140 205 177 222 101 119 102 225 169 246 248 73 216 28 142 147 148 7 185 242 195 117 88 232 14 56 3 42 100 20 77 205 184 25 77 205 184 25 77 205 184 25 77 205 184 25 
48 204 29 29 48 204 29 29 155 14 56 208 189 27 47 107 248 238 14 122 92 111 187 74 96 244 245 7 83 12 146 203 6 215 84 10 35 38 59 249 94 104 188 230 51 154 208 94 50 17 8 146 205 36 182 185 30 143 242 65 14 110 234 172 229 38 207 163 97 203 65 111 227 16 65 254 184 153 138 84 98 232 11 10 171 119 220 217 29 10 215 234 69 223 197 83 35 127 212 28 215 179 88 219 57 203 213 200 81 207 132 106 48 204 29 29 48 204 29 29 48 204 29 29 48 204 29 29 
40 152 130 203 40 152 130 203 16 96 3 205 247 130 127 98 218 109 211 48 212 233 135 63 235 175 39 107 56 169 252 137 188 101 37 137 211 23 238 232 87 170 237 131 194 80 244 239 243 35 209 111 31 219 101 117 194 185 8 36 249 123 252 145 100 36 222 38 181 134 25 211 253 47 59 123 150 64 223 176 192 227 80 43 108 212 135 32 9 18 37 254 100 187 61 75 8 54 188 131 72 181 132 218 65 175 29 223 73 86 174 30 40 152 130 203 40 152 130 203 40 152 130 203 40 152 130 203 
171 163 28 62 171 163 28 62 125 39 252 164 72 224 218 45 239 70 251 82 236 232 186 165 187 152 181 68 41 215 185 239 98 170 20 62 110 189 73 146 88 204 7 182 117 196 119 31 219 15 68 81 183 119 49 225 165 190 13 225 227 203 217 59 226 89 244 233 78 202 171 117 165 165 222 190 59 103 79 51 226 102 252 88 61 135 214 124 121 208 184 35 211 194 36 128 19 71 115 83 172 22 125 29 202 232 1 111 205 84 136 133 171 163 28 62 171 163 28 62 171 163 28 62 171 163 28 62 
77 205 184 25 77 205 184 25 191 51 48 171 213 178 79 210 213 106 110 228 95 188 61 23 184 34 133 242 167 203 248 135 91 89 151 38 29 184 56 24 116 194 54 171 231 20 186 133 124 213 111 38 130 27 162 139 18 83 219 154 214 45 22 127 202 245 191 44 5 76 3 154 38 165 51 126 95 242 254 143 168 3 145 92 116 130 28 161 51 19 126 17 48 57 174 203 111 157 113 84 160 55 167 16 224 175 14 190 189 143 238 150 77 205 184 25 77 205 184 25 77 205 184 25 77 205 184 25 
48 204 29 29 48 204 29 29 112 97 60 171 133 141 100 85 211 173 116 12 109 69 25 211 170 75 243 155 239 130 109 225 119 246 244 101 90 76 65 146 108 134 163 172 131 52 157 97 38 153 208 121 5 174 206 218 71 148 147 157 227 123 47 183 156 108 198 95 162 144 136 207 145 85 203 105 222 30 195 191 170 215 3 137 73 117 68 227 77 100 64 141 74 83 59 62 87 104 19 149 253 181 93 142 33 90 233 24 122 245 161 183 48 204 29 29 48 204 29 29 48 204 29 29 48 204 29 29 
40 152 130 203 40 152 130 203 206 120 163 227 77 155 152 18 90 31 115 24 156 148 0 8 154 87 177 189 196 228 157 178 65 122 171 194 110 154 121 104 240 249 22 72 131 195 35 103 254 31 143 3 192 179 93 183 217 176 168 172 116 78 138 151 240 229 177 247 68 208 255 170 106 174 250 226 172 66 76 215 48 12 218 103 23 73 132 50 197 58 218 198 199 7 192 194 27 76 55 210 85 198 208 146 121 133 172 106 141 109 57 218 40 152 130 203 40 152 130 203 40 152 130 203 40 152 130 203 
171 163 28 62 171 163 28 62 149 156 106 219 1 43 159 42 160 80 177 39 2 192 105 211 174 13 98 190 47 15 122 141 243 89 62 195 100 166 30 93 11 145 183 236 51 191 19 181 79 3 96 196 39 147 82 103 148 133 126 75 20 39 31 8 155 168 231 184 11 124 198 146 31 96 16 73 202 22 95 25 194 174 17 211 66 57 106 166 123 252 1 145 213 248 206 26 122 202 249 215 143 238 57 150 131 224 205 43 154 118 254 194 171 163 28 62 171 163 28 62 171 163 28 62 171 163 28 62 
77 205 184 25 77 205 184 25 24 89 214 85 94 46 146 12 4 42 160 189 83 62 146 234 104 107 137 179 170 70 51 82 220 130 131 63 29 191 53 39 195 169 43 106 187 120 103 5 53 1 240 209 143 14 9 1 226 218 157 30 146 253 3 120 187 103 153 175 198 80 61 219 186 76 219 83 21 96 57 30 56 242 98 171 144 142 226 184 166 65 158 17 56 110 190 168 242 210 193 247 142 209 114 99 81 17 95 197 83 215 247 52 77 205 184 25 77 205 184 25 77 205 184 25 77 205 184 25 
48 204 29 29 48 204 29 29 154 116 101 232 143 222 222 55 6 203 221 200 27 60 229 132 52 117 184 35 10 88 246 228 160 152 196 236 139 32 164 61 61 23 215 125 191 54 233 181 237 53 43 164 145 15 86 187 102 248 222 41 71 49 210 94 182 208 14 144 51 198 135 240 135 170 40 152 31 84 145 233 227 151 91 78 120 234 255 47 166 105 219 211 146 132 225 252 171 146 2 170 17 138 33 44 12 158 75 130 167 136 69 24 48 204 29 29 48 204 29 29 48 204 29 29 48 204 29 29 
40 152 130 203 40 152 130 203 206 163 12 3 166 109 235 10 98 163 110 95 4 156 112 118 161 175 154 136 4 58 118 91 144 202 63 9 31 104 232 109 17 204 125 150 135 135 43 242 129 170 28 42 194 168 34 166 95 0 89 254 234 90 186 148 205 91 104 176 109 236 76 123 12 100 238 205 23 0 69 68 42 59 237 169 84 83 123 170 133 156 92 20 115 248 158 239 11 19 252 14 135 124 113 70 180 77 242 72 112 108 177 226 40 152 130 203 40 152 130 203 40 152 130 203 40 152 130 203 
171 163 28 62 171 163 28 62 250 228 216 248 189 203 204 23 207 145 3 131 68 21 210 252 107 206 139 26 12 217 93 32 39 53 209 65 35 42 44 63 164 152 166 65 90 203 226 157 54 69 190 244 225 186 135 221 95 50 103 206 172 81 122 165 167 20 58 234 206 15 225 58 150 222 69 117 197 122 37 86 78 126 46 143 38 74 250 46 105 210 221 64 152 48 6 106 0 121 136 133 152 125 15 246 93 232 188 90 213 67 56 73 171 163 28 62 171 163 28 62 171 163 28 62 171 163 28 62 
77 205 184 25 77 205 184 25 123 86 170 43 178 92 132 7 196 109 184 216 43 45 93 19 105 190 100 204 132 232 106 209 151 124 64 146 243 247 176 39 179 209 7 117 213 157 238 86 78 161 119 12 105 195 153 166 198 154 202 15 148 196 175 81 82 42 114 153 50 145 83 101 92 120 194 204 156 35 14 103 65 69 172 195 214 99 180 123 25 1 119 224 233 193 178 148 123 77 120 61 1 208 171 99 163 67 163 167 0 0 95 240 77 205 184 25 77 205 184 25 77 205 184 25 77 205 184 25 
48 204 29 29 48 204 29 29 122 107 154 146 235 120 250 154 82 96 149 80 121 46 89 145 4 170 111 54 200 253 134 225 234 228 233 33 216 20 95 43 111 190 53 185 26 188 166 189 252 0 2 89 133 35 93 196 4 90 38 63 83 103 217 101 155 84 0 53 54 178 149 111 9 106 35 240 244 191 194 232 169 56 107 176 109 12 226 161 250 51 48 50 202 74 162 27 49 159 201 170 13 15 83 212 251 48 125 169 181 114 13 104 48 204 29 29 48 204 29 29 48 204 29 29 48 204 29 29 
40 152 130 203 40 152 130 203 123 155 72 125 152 247 243 102 184 73 126 189 113 16 62 1 231 14 140 211 240 129 27 58 228 33 24 92 124 103 132 62 188 162 16 129 160 178 88 196 200 221 62 216 54 54 173 104 113 193 62 89 127 92 166 232 197 108 43 138 123 252 202 232 25 88 242 80 110 218 246 85 230 58 254 116 71 20 183 97 239 227 164 29 210 179 52 135 205 113 105 140 161 163 82 227 178 101 246 231 247 167 43 147 40 152 130 203 40 152 130 203 40 152 130 203 40 152 130 203 
171 163 28 62 171 163 28 62 150 144 74 234 251 100 35 101 147 1 155 45 89 229 130 83 251 227 127 22 1 157 50 81 162 169 242 61 61 100 16 32 64 58 218 71 39 162 43 201 229 230 76 200 155 7 172 56 65 33 213 144 74 75 110 227 10 118 14 249 158 209 231 188 40 81 25 89 130 63 229 48 208 219 9 9 33 239 169 35 21 153 130 69 87 1 136 9 87 126 236 20 233 88 53 70 4 225 108 72 2 16 233 33 171 163 28 62 171 163 28 62 171 163 28 62 171 163 28 62 
77 205 184 25 77 205 184 25 28 140 108 47 171 221 230 70 132 29 246 160 235 98 97 9 86 135 149 185 63 59 113 157 72 62 220 40 32 246 70 48 254 232 180 235 24 223 108 16 245 44 40 250 95 160 74 100 119 145 160 228 48 224 29 19 120 136 42 46 212 229 151 141 232 38 103 199 145 208 158 222 195 12 60 178 200 26 153 165 217 151 40 186 58 19 150 162 121 28 194 251 86 167 236 66 81 69 5 8 123 116 16 253 77 205 184 25 77 205 184 25 77 205 184 25 77 205 184 25 
48 204 29 29 48 204 29 29 47 168 147 151 128 130 16 11 140 219 17 237 102 91 49 67 138 160 36 31 181 109 149 140 160 132 156 57 2 124 46 45 207 49 207 254 117 70 183 140 110 162 100 105 16 4 183 218 135 155 17 159 138 76 205 149 134 170 53 124 79 106 170 55 185 247 50 167 38 34 180 208 82 249 143 155 190 117 190 113 251 161 142 59 25 204 158 248 52 30 129 19 67 60 87 7 9 98 86 223 138 192 94 198 189 147 251 236 224 19 252 187 48 204 29 29 212 14 13 26 
40 152 130 203 40 152 130 203 243 37 254 218 112 141 34 251 216 70 187 139 94 126 77 3 13 128 30 1 96 199 141 14 192 133 194 64 69 204 63 82 69 37 160 89 240 59 103 44 210 115 106 246 233 128 1 106 146 195 193 239 110 209 88 160 231 142 239 211 22 124 196 91 116 172 7 191 193 56 63 76 30 38 153 86 80 150 250 107 211 54 172 229 52 101 240 213 168 114 203 125 187 173 242 46 62 52 156 177 19 213 214 127 228 73 40 12 79 246 219 9 40 152 130 203 103 179 175 191 
171 163 28 62 171 163 28 62 72 78 116 117 190 236 214 88 194 105 109 66 5 43 197 216 22 24 132 243 16 166 238 153 198 217 98 126 126 208 49 153 98 251 151 73 68 140 204 108 119 179 222 215 198 127 171 20 19 176 247 95 47 98 213 231 22 160 172 107 223 237 241 217 54 208 103 249 50 173 127 20 105 85 167 113 166 7 156 127 70 121 110 118 70 244 49 127 96 12 134 64 203 233 73 17 188 232 134 40 183 158 39 124 99 151 48 110 166 17 155 90 171 163 28 62 246 14 186 87 
77 205 184 25 77 205 184 25 65 199 191 7 204 206 243 138 202 207 107 231 9 199 177 80 147 76 206 173 84 39 87 56 237 219 200 30 85 206 246 69 0 36 55 247 186 167 148 149 251 38 131 13 150 255 23 128 201 121 85 225 113 132 118 214 170 39 185 237 231 14 194 227 249 70 135 133 16 103 178 50 241 110 114 184 124 184 204 171 3 55 222 16 253 203 162 236 7 232 253 159 86 125 242 214 37 216 31 173 64 198 124 164 127 85 0 88 120 200 19 212 77 205 184 25 233 20 164 142 
48 204 29 29 48 204 29 29 54 252 25 203 57 150 190 144 228 228 251 155 41 116 90 160 123 146 80 164 84 157 156 245 234 233 23 43 186 100 221 250 207 98 16 30 65 16 86 144 106 91 165 236 52 120 246 220 43 186 197 52 112 16 215 87 62 2 72 236 141 242 161 240 103 126 151 95 9 146 43 67 87 47 108 150 47 195 173 111 73 91 68 97 143 104 116 37 183 97 156 203 119 102 195 1 7 169 159 85 135 220 217 52 107 84 59 81 130 240 247 78 48 204 29 29 212 14 13 26 
40 152 130 203 40 152 130 203 107 249 24 106 216 10 134 234 127 1 161 221 136 8 166 98 112 249 193 213 183 145 59 8 223 192 222 140 64 20 249 207 30 59 182 12 121 35 11 204 120 236 186 209 205 81 192 45 115 142 133 225 154 125 179 75 214 126 186 1 163 27 1 58 57 137 52 72 67 66 117 212 28 139 139 196 109 39 235 139 70 255 79 165 138 36 249 144 80 237 82 213 193 246 60 99 151 154 201 160 130 142 198 32 23 71 25 202 95 123 42 29 40 152 130 203 103 179 175 191 
171 163 28 62 171 163 28 62 94 213 211 15 60 167 137 108 76 133 85 120 6 60 153 87 200 12 33 181 147 65 8 7 225 195 9 238 71 98 133 81 84 16 19 96 230 230 112 211 199 224 121 151 203 170 44 184 246 143 187 150 117 253 140 108 214 139 157 130 39 196 244 250 112 202 194 18 177 226 143 177 100 94 247 35 239 24 231 174 41 210 152 139 13 90 132 11 226 7 39 209 71 64 74 65 50 28 44 134 118 77 241 134 230 154 172 178 186 40 197 47 171 163 28 62 246 14 186 87 
77 205 184 25 77 205 184 25 132 8 76 75 54 57 170 100 245 65 2 140 153 129 116 3 105 228 247 43 160 161 129 117 119 171 131 251 253 85 249 164 226 192 102 95 114 172 238 129 177 185 6 47 64 196 165 191 208 69 158 183 190 57 154 178 76 153 170 214 131 153 78 124 130 173 42 224 47 183 4 237 90 157 29 123 229 163 173 95 71 52 2 129 112 60 208 111 193 240 202 5 193 128 200 112 37 11 167 234 35 82 227 50 124 142 112 233 117 137 105 193 77 205 184 25 233 20 164 142 
48 204 29 29 48 204 29 29 48 204 29 29 48 204 29 29 48 204 29 29 48 204 29 29 48 204 29 29 48 204 29 29 160 159 6 97 150 204 177 206 118 10 171 242 233 56 98 195 202 76 71 97 31 125 93 100 202 248 120 42 75 2 154 158 150 189 139 240 175 230 120 130 48 204 29 29 48 204 29 29 48 204 29 29 48 204 29 29 48 204 29 29 48 204 29 29 186 37 69 31 120 139 139 110 98 40 16 215 226 26 79 76 174 67 138 137 180 93 41 11 48 204 29 29 212 14 13 26 
40 152 130 203 40 152 130 203 40 152 130 203 40 152 130 203 40 152 130 203 40 152 130 203 40 152 130 203 40 152 130 203 63 3 83 237 170 168 147 178 53 212 2 55 69 250 2 81 227 231 64 184 185 42 51 127 36 2 195 248 78 76 214 28 137 127 192 65 177 65 175 232 40 152 130 203 40 152 130 203 40 152 130 203 40 152 130 203 40 152 130 203 40 152 130 203 98 66 216 242 100 23 202 107 162 86 121 94 178 82 197 158 246 124 211 151 93 155 118 177 40 152 130 203 103 179 175 191 
171 163 28 62 171 163 28 62 171 163 28 62 171 163 28 62 171 163 28 62 171 163 28 62 171 163 28 62 171 163 28 62 127 29 19 22 101 68 65 1 76 33 42 63 22 105 135 201 220 89 132 107 59 228 129 112 111 52 111 188 171 19 191 133 119 212 51 26 151 244 203 213 171 163 28 62 171 163 28 62 171 163 28 62 171 163 28 62 171 163 28 62 171 163 28 62 215 28 6 114 197 106 195 124 74 137 197 66 14 36 96 153 182 181 254 41 66 217 23 211 171 163 28 62 246 14 186 87 
77 205 184 25 77 205 184 25 77 205 184 25 77 205 184 25 77 205 184 25 77 205 184 25 77 205 184 25 77 205 184 25 44 194 174 4 143 74 174 93 51 109 46 199 93 121 227 158 161 146 65 182 24 180 176 103 127 134 87 75 69 47 4 71 127 48 189 194 135 199 76 118 77 205 184 25 77 205 184 25 77 205 184 25 77 205 184 25 77 205 184 25 77 205 184 25 161 166 164 158 155 223 225 11 75 197 44 35 251 42 208 202 118 198 8 158 160 35 14 65 77 205 184 25 233 20 164 142 
48 204 29 29 48 204 29 29 48 204 29 29 48 204 29 29 48 204 29 29 48 204 29 29 48 204 29 29 48 204 29 29 43 92 208 22 2 151 193 132 20 47 163 46 205 162 194 237 145 29 64 227 179 62 112 238 101 8 153 144 6 253 59 100 51 122 227 200 221 69 116 55 48 204 29 29 48 204 29 29 48 204 29 29 48 204 29 29 48 204 29 29 48 204 29 29 37 17 56 87 116 91 78 61 225 36 235 62 37 52 16 249 186 163 163 79 208 51 203 63 148 90 116 39 133 130 2 108 
40 152 130 203 40 152 130 203 40 152 130 203 40 152 130 203 40 152 130 203 40 152 130 203 40 152 130 203 40 152 130 203 109 109 104 69 47 211 228 237 20 205 48 185 119 30 247 159 183 171 185 105 30 173 63 46 130 159 49 127 20 223 34 243 167 218 203 5 112 162 122 79 40 152 130 203 40 152 130 203 40 152 130 203 40 152 130 203 40 152 130 203 40 152 130 203 9 24 73 148 196 130 178 220 234 162 104 7 63 234 222 171 58 252 47 51 70 123 126 49 200 71 229 121 63 177 134 69 
171 163 28 62 171 163 28 62 171 163 28 62 171 163 28 62 171 163 28 62 171 163 28 62 171 163 28 62 171 163 28 62 151 62 29 64 104 152 14 242 212 53 159 28 68 95 121 56 68 172 49 32 119 115 125 113 251 135 44 190 212 152 124 221 160 95 56 123 180 45 71 113 171 163 28 62 171 163 28 62 171 163 28 62 171 163 28 62 171 163 28 62 171 163 28 62 85 86 43 112 73 90 198 55 229 206 76 142 244 196 213 19 173 161 93 67 207 64 219 57 150 184 119 185 149 67 132 178 
77 205 184 25 77 205 184 25 77 205 184 25 77 205 184 25 77 205 184 25 77 205 184 25 77 205 184 25 77 205 184 25 29 146 75 58 28 196 139 206 143 236 218 106 221 54 50 143 199 36 86 50 153 65 223 61 0 76 45 76 209 236 210 198 239 105 48 202 19 224 87 248 77 205 184 25 77 205 184 25 77 205 184 25 77 205 184 25 77 205 184 25 77 205 184 25 67 169 151 130 55 35 243 66 120 184 47 19 156 238 75 16 252 211 213 247 33 101 212 64 32 197 218 42 151 203 184 232 
48 204 29 29 48 204 29 29 48 204 29 29 48 204 29 29 48 204 29 29 48 204 29 29 48 204 29 29 48 204 29 29 249 205 105 134 126 126 10 250 254 122 198 240 139 228 206 211 8 3 38 81 33 135 136 22 22 59 7 166 231 38 126 218 192 228 48 22 105 223 40 225 41 83 84 146 139 202 123 216 48 204 29 29 48 204 29 29 48 204 29 29 48 204 29 29 48 204 29 29 48 204 29 29 48 204 29 29 48 204 29 29 48 204 29 29 48 204 29 29 48 204 29 29 48 204 29 29 
40 152 130 203 40 152 130 203 40 152 130 203 40 152 130 203 40 152 130 203 40 152 130 203 40 152 130 203 40 152 130 203 86 35 139 149 223 175 102 187 64 35 189 11 162 69 220 198 9 78 171 175 0 112 62 49 24 192 23 110 221 15 126 254 159 62 1 29 125 255 229 237 226 26 58 234 55 222 91 76 40 152 130 203 40 152 130 203 40 152 130 203 40 152 130 203 40 152 130 203 40 152 130 203 40 152 130 203 40 152 130 203 40 152 130 203 40 152 130 203 40 152 130 203 40 152 130 203 
171 163 28 62 171 163 28 62 171 163 28 62 171 163 28 62 171 163 28 62 171 163 28 62 171 163 28 62 171 163 28 62 111 189 100 39 138 11 239 15 0 186 211 16 59 70 215 182 112 182 60 206 90 90 73 78 88 110 92 74 149 149 133 89 56 25 8 71 61 115 124 191 196 108 73 57 191 180 112 226 171 163 28 62 171 163 28 62 171 163 28 62 171 163 28 62 171 163 28 62 171 163 28 62 171 163 28 62 171 163 28 62 171 163 28 62 171 163 28 62 171 163 28 62 171 163 28 62 
77 205 184 25 77 205 184 25 77 205 184 25 77 205 184 25 77 205 184 25 77 205 184 25 77 205 184 25 77 205 184 25 193 94 149 251 252 28 92 73 138 165 180 142 243 200 186 252 185 95 86 122 155 172 244 67 45 115 118 25 132 183 105 65 196 76 144 112 6 10 11 249 185 228 147 232 120 0 249 86 77 205 184 25 77 205 184 25 77 205 184 25 77 205 184 25 77 205 184 25 77 205 184 25 77 205 184 25 77 205 184 25 77 205 184 25 77 205 184 25 77 205 184 25 77 205 184 25 
48 204 29 29 48 204 29 29 48 204 29 29 48 204 29 29 48 204 29 29 48 204 29 29 48 204 29 29 48 204 29 29 53 236 174 55 97 119 0 2 207 28 195 180 146 121 73 123 246 180 43 225 54 38 242 25 125 211 43 102 238 251 200 43 89 148 188 153 88 255 66 146 184 59 132 44 61 189 229 214 48 204 29 29 48 204 29 29 48 204 29 29 48 204 29 29 48 204 29 29 48 204 29 29 48 204 29 29 48 204 29 29 48 204 29 29 48 204 29 29 48 204 29 29 48 204 29 29 
40 152 130 203 40 152 130 203 40 152 130 203 40 152 130 203 40 152 130 203 40 152 130 203 40 152 130 203 40 152 130 203 188 17 79 143 167 69 246 154 208 153 206 212 231 87 93 171 5 106 40 112 42 89 213 84 118 160 90 185 48 235 14 220 40 181 122 235 64 187 220 50 99 101 211 199 150 200 250 117 40 152 130 203 40 152 130 203 40 152 130 203 40 152 130 203 40 152 130 203 40 152 130 203 40 152 130 203 40 152 130 203 40 152 130 203 40 152 130 203 40 152 130 203 40 152 130 203 
171 163 28 62 171 163 28 62 171 163 28 62 171 163 28 62 171 163 28 62 171 163 28 62 171 163 28 62 171 163 28 62 191 72 22 20 0 160 88 243 140 16 232 21 102 207 5 51 115 21 42 192 50 245 152 14 146 59 18 55 76 211 175 113 77 9 174 72 2 22 196 50 213 80 17 223 236 239 33 75 171 163 28 62 171 163 28 62 171 163 28 62 171 163 28 62 171 163 28 62 171 163 28 62 171 163 28 62 171 163 28 62 171 163 28 62 171 163 28 62 171 163 28 62 171 163 28 62 
77 205 184 25 77 205 184 25 77 205 184 25 77 205 184 25 77 205 184 25 77 205 184 25 77 205 184 25 77 205 184 25 214 27 251 181 216 228 24 158 186 80 183 201 193 81 37 17 89 230 84 239 220 207 84 98 150 62 190 129 118 1 92 150 66 181 93 113 196 32 160 57 48 91 10 132 105 97 179 93 77 205 184 25 77 205 184 25 77 205 184 25 77 205 184 25 77 205 184 25 77 205 184 25 77 205 184 25 77 205 184 25 77 205 184 25 77 205 184 25 77 205 184 25 77 205 184 25 
48 204 29 29 48 204 29 29 48 204 29 29 48 204 29 29 48 204 29 29 48 204 29 29 146 137 61 149 134 248 60 223 73 141 54 173 227 200 194 65 126 123 99 71 247 33 208 137 119 167 63 104 79 220 90 22 162 113 68 169 141 235 87 84 139 222 110 59 133 211 115 226 18 206 141 107 210 235 214 185 80 136 194 29 52 154 1 70 48 204 29 29 48 204 29 29 48 204 29 29 48 204 29 29 48 204 29 29 48 204 29 29 48 204 29 29 48 204 29 29 48 204 29 29 48 204 29 29 
40 152 130 203 40 152 130 203 40 152 130 203 40 152 130 203 40 152 130 203 40 152 130 203 111 39 178 220 105 191 230 85 76 28 159 101 71 203 32 86 231 132 69 171 70 62 73 209 176 27 90 64 135 229 225 194 187 56 220 184 113 203 50 200 93 165 160 204 244 192 88 149 125 93 173 150 225 235 101 21 199 206 75 41 239 87 101 165 40 152 130 203 40 152 130 203 40 152 130 203 40 152 130 203 40 152 130 203 40 152 130 203 40 152 130 203 40 152 130 203 40 152 130 203 40 152 130 203 
171 163 28 62 171 163 28 62 171 163 28 62 171 163 28 62 171 163 28 62 171 163 28 62 184 159 241 22 167 186 22 131 223 135 154 161 51 151 49 19 3 221 73 216 157 167 243 151 125 106 95 80 237 153 58 37 23 140 27 246 147 71 249 222 209 241 202 20 196 210 234 133 123 115 220 207 153 221 110 95 223 202 128 117 104 58 138 140 171 163 28 62 171 163 28 62 171 163 28 62 171 163 28 62 171 163 28 62 171 163 28 62 171 163 28 62 171 163 28 62 171 163 28 62 171 163 28 62 
77 205 184 25 77 205 184 25 77 205 184 25 77 205 184 25 77 205 184 25 77 205 184 25 28 70 24 104 252 144 230 95 88 145 101 10 24 24 116 233 198 5 5 137 206 95 205 17 28 23 150 206 89 86 170 45 11 180 31 60 222 36 35 240 65 166 61 129 164 71 230 77 170 200 69 173 186 238 11 17 144 78 42 65 86 97 233 86 77 205 184 25 77 205 184 25 77 205 184 25 77 205 184 25 77 205 184 25 77 205 184 25 77 205 184 25 77 205 184 25 77 205 184 25 77 205 184 25 
48 204 29 29 48 204 29 29 48 204 29 29 48 204 29 29 48 204 29 29 48 204 29 29 204 183 89 206 67 217 38 200 48 78 28 231 206 158 107 84 255 212 134 92 188 193 211 52 125 232 111 17 24 198 93 19 15 15 167 13 111 245 12 95 19 167 51 70 30 255 194 104 91 253 35 209 177 96 128 157 43 44 184 17 154 10 168 234 48 204 29 29 48 204 29 29 48 204 29 29 48 204 29 29 48 204 29 29 48 204 29 29 48 204 29 29 48 204 29 29 48 204 29 29 48 204 29 29 
40 152 130 203 40 152 130 203 40 152 130 203 40 152 130 203 40 152 130 203 40 152 130 203 66 215 25 135 192 5 168 201 162 249 133 252 114 1 78 215 43 202 225 12 25 191 161 211 42 203 126 48 115 18 180 207 76 144 184 73 155 4 229 5 77 97 25 43 156 174 114 152 97 206 242 111 174 133 117 69 1 253 183 113 144 131 117 199 40 152 130 203 40 152 130 203 40 152 130 203 40 152 130 203 40 152 130 203 40 152 130 203 40 152 130 203 40 152 130 203 40 152 130 203 40 152 130 203 
171 163 28 62 171 163 28 62 171 163 28 62 171 163 28 62 171 163 28 62 171 163 28 62 241 230 83 7 248 155 41 236 40 45 103 197 173 205 37 69 31 148 169 107 251 244 45 81 177 14 117 186 66 41 62 29 83 181 163 161 39 58 152 158 241 211 14 209 175 0 209 45 36 136 128 3 249 235 233 109 186 26 60 59 196 4 39 87 171 163 28 62 171 163 28 62 171 163 28 62 171 163 28 62 171 163 28 62 171 163 28 62 171 163 28 62 171 163 28 62 171 163 28 62 171 163 28 62 
77 205 184 25 77 205 184 25 77 205 184 25 77 205 184 25 77 205 184 25 77 205 184 25 24 15 246 26 253 11 216 0 35 254 182 56 67 66 229 244 134 145 214 24 232 107 78 214 238 207 107 108 89 145 241 209 77 104 178 68 14 65 52 178 10 25 229 112 46 8 48 41 11 142 222 132 213 5 211 159 251 227 166 49 12 200 200 133 77 205 184 25 77 205 184 25 77 205 184 25 77 205 184 25 77 205 184 25 77 205 184 25 77 205 184 25 77 205 184 25 77 205 184 25 77 205 184 25 
48 204 29 29 48 204 29 29 48 204 29 29 48 204 29 29 217 192 179 145 48 204 29 29 249 230 14 5 28 43 210 212 161 207 242 230 208 184 248 191 83 133 188 22 80 245 127 219 250 190 243 57 133 181 122 95 173 174 186 17 220 231 154 209 89 245 51 49 210 99 19 193 166 69 137 155 2 241 114 18 171 235 206 5 7 125 213 187 148 176 234 146 36 146 32 120 39 141 140 135 163 227 111 56 48 204 29 29 48 204 29 29 48 204 29 29 48 204 29 29 48 204 29 29 48 204 29 29 
40 152 130 203 40 152 130 203 40 152 130 203 40 152 130 203 23 57 219 190 40 152 130 203 109 22 182 108 180 57 163 223 26 76 75 131 72 12 76 169 60 111 128 22 189 233 111 158 114 98 147 244 218 121 48 222 33 233 230 100 130 162 119 37 154 62 98 49 203 219 159 64 112 29 251 182 60 116 206 236 215 137 12 19 251 106 127 168 177 178 172 249 44 199 129 28 245 6 6 254 140 12 0 248 40 152 130 203 40 152 130 203 40 152 130 203 40 152 130 203 40 152 130 203 40 152 130 203 
171 163 28 62 171 163 28 62 171 163 28 62 171 163 28 62 46 69 167 165 171 163 28 62 19 254 195 23 104 88 116 58 213 2 25 207 236 94 75 224 215 240 32 173 243 80 145 62 81 134 128 140 210 178 187 85 94 39 58 35 223 250 116 181 64 66 221 233 153 222 69 150 123 67 99 209 156 42 178 45 12 252 174 175 110 226 234 163 64 22 3 202 235 102 97 196 200 58 8 159 251 43 103 130 171 163 28 62 171 163 28 62 171 163 28 62 171 163 28 62 171 163 28 62 171 163 28 62 
77 205 184 25 77 205 184 25 77 205 184 25 77 205 184 25 217 51 17 17 77 205 184 25 99 19 130 97 148 243 138 176 41 240 137 250 97 99 166 111 220 106 86 95 173 139 40 211 243 214 224 114 207 178 56 153 117 82 51 162 71 64 70 79 191 244 131 146 90 207 220 74 83 172 131 105 110 192 67 109 33 175 69 222 85 29 72 175 35 59 24 133 85 44 122 216 233 16 180 47 92 118 188 233 77 205 184 25 77 205 184 25 77 205 184 25 77 205 184 25 77 205 184 25 77 205 184 25 
48 204 29 29 48 204 29 29 48 204 29 29 48 204 29 29 130 226 160 229 78 154 99 222 243 9 5 54 202 22 163 62 233 154 150 79 93 26 17 154 167 198 119 97 14 140 110 128 12 124 14 231 122 84 3 221 129 42 179 27 82 123 177 190 83 21 224 14 128 150 99 100 20 206 170 81 164 236 146 69 215 118 132 50 60 165 137 134 230 127 6 239 240 128 249 191 8 14 154 241 149 43 183 86 48 204 29 29 48 204 29 29 48 204 29 29 48 204 29 29 48 204 29 29 48 204 29 29 
40 152 130 203 40 152 130 203 40 152 130 203 40 152 130 203 219 85 246 81 175 106 38 140 90 71 11 109 219 118 199 18 243 67 139 166 95 180 161 101 141 117 17 118 239 232 214 229 255 18 254 220 118 72 51 34 23 45 196 50 5 32 7 11 241 248 26 150 94 229 187 200 3 29 77 78 167 20 17 104 175 153 200 23 56 179 141 42 170 230 10 37 186 62 196 120 143 224 43 241 29 44 99 26 40 152 130 203 40 152 130 203 40 152 130 203 40 152 130 203 40 152 130 203 40 152 130 203 
171 163 28 62 171 163 28 62 171 163 28 62 171 163 28 62 119 242 105 22 141 181 4 213 49 66 165 43 65 102 85 0 236 246 11 189 140 92 104 145 177 156 190 89 53 176 21 26 217 110 105 67 218 161 30 79 170 137 164 222 183 86 193 49 117 155 253 94 173 72 91 189 76 120 81 249 75 205 117 171 17 250 134 37 248 45 252 83 176 23 12 48 32 134 165 168 210 45 196 233 187 142 198 6 171 163 28 62 171 163 28 62 171 163 28 62 171 163 28 62 171 163 28 62 171 163 28 62 
77 205 184 25 77 205 184 25 77 205 184 25 77 205 184 25 7 87 132 4 183 19 194 112 11 129 43 120 146 235 235 91 45 122 120 185 16 120 234 179 63 48 142 52 141 213 157 181 213 18 244 126 174 183 102 223 130 129 19 193 159 18 148 251 67 191 29 218 238 240 82 164 220 54 61 3 25 159 26 60 24 13 62 209 114 33 74 85 165 115 215 240 221 147 182 134 191 69 166 164 197 16 67 208 77 205 184 25 77 205 184 25 77 205 184 25 77 205 184 25 77 205 184 25 77 205 184 25 
48 204 29 29 48 204 29 29 48 204 29 29 48 204 29 29 174 218 34 26 44 40 109 205 137 164 177 122 120 235 165 65 185 131 235 192 13 142 84 195 136 21 87 107 28 82 69 84 66 74 27 216 98 181 53 61 223 64 43 227 232 150 19 127 108 199 168 38 192 104 38 67 151 243 212 4 232 86 46 181 176 201 68 24 36 176 245 139 147 29 225 15 130 21 35 151 48 204 29 29 48 204 29 29 48 204 29 29 48 204 29 29 48 204 29 29 48 204 29 29 48 204 29 29 48 204 29 29 
40 152 130 203 40 152 130 203 40 152 130 203 40 152 130 203 80 53 240 40 188 112 24 71 111 80 153 77 209 196 99 203 192 131 185 100 241 27 43 170 109 141 189 106 244 150 104 104 159 84 85 110 31 25 153 66 62 42 195 79 93 176 123 129 158 255 14 74 135 1 135 37 160 30 183 153 224 47 140 178 142 31 243 212 9 155 45 30 12 107 62 13 233 162 1 80 40 152 130 203 40 152 130 203 40 152 130 203 40 152 130 203 40 152 130 203 40 152 130 203 40 152 130 203 40 152 130 203 
171 163 28 62 171 163 28 62 171 163 28 62 171 163 28 62 41 28 129 3 127 179 38 190 197 180 238 97 54 133 140 98 220 190 66 161 32 167 234 126 146 91 46 201 30 140 39 104 12 68 192 122 167 58 79 81 100 126 174 143 149 129 30 64 102 9 5 250 109 85 64 84 216 59 251 0 232 145 170 120 72 236 92 156 213 243 17 158 134 100 12 180 155 242 135 73 171 163 28 62 171 163 28 62 171 163 28 62 171 163 28 62 171 163 28 62 171 163 28 62 171 163 28 62 171 163 28 62 
77 205 184 25 77 205 184 25 77 205 184 25 77 205 184 25 73 86 219 173 245 190 252 124 90 71 53 52 202 20 171 99 39 145 141 124 149 30 76 147 167 56 217 54 213 240 186 224 105 153 90 219 253 164 103 181 91 114 248 196 162 64 193 184 73 134 211 110 165 167 172 84 51 167 154 189 172 21 204 22 229 183 105 114 32 240 235 218 209 253 74 245 111 117 239 133 77 205 184 25 77 205 184 25 77 205 184 25 77 205 184 25 77 205 184 25 77 205 184 25 77 205 184 25 77 205 184 25 
48 204 29 29 48 204 29 29 48 204 29 29 48 204 29 29 159 174 247 32 97 185 200 87 192 196 94 110 255 50 139 216 243 233 181 64 243 233 181 64 166 66 87 12 19 85 141 172 137 250 185 13 30 59 80 13 221 18 248 138 248 51 213 167 240 147 255 60 82 50 124 54 212 88 52 209 23 221 36 62 64 119 199 97 113 175 253 212 37 179 116 67 176 30 6 82 48 204 29 29 48 204 29 29 48 204 29 29 48 204 29 29 48 204 29 29 48 204 29 29 48 204 29 29 48 204 29 29 
40 152 130 203 40 152 130 203 40 152 130 203 40 152 130 203 97 176 0 92 139 164 171 3 244 53 12 19 160 9 101 17 152 169 174 235 152 169 174 235 83 225 100 22 96 49 81 186 225 212 22 51 171 189 207 117 108 248 185 178 111 253 228 193 133 12 72 210 125 34 37 51 150 98 175 221 13 197 246 242 113 141 69 133 210 21 35 234 133 197 229 241 219 184 31 115 40 152 130 203 40 152 130 203 40 152 130 203 40 152 130 203 40 152 130 203 40 152 130 203 40 152 130 203 40 152 130 203 
171 163 28 62 171 163 28 62 171 163 28 62 171 163 28 62 20 27 45 188 96 88 116 113 120 192 96 202 160 11 201 147 153 55 196 218 153 55 196 218 247 137 254 204 255 134 26 22 86 183 26 199 155 114 152 64 46 126 153 134 164 90 117 33 103 184 103 159 71 74 91 63 3 7 38 21 183 7 170 139 215 58 15 218 141 18 189 190 68 187 208 187 56 170 12 86 171 163 28 62 171 163 28 62 171 163 28 62 171 163 28 62 171 163 28 62 171 163 28 62 171 163 28 62 171 163 28 62 
77 205 184 25 77 205 184 25 77 205 184 25 77 205 184 25 65 142 228 249 192 66 123 252 185 9 83 156 173 239 229 102 16 86 249 53 16 86 249 53 128 8 64 22 28 206 7 77 113 69 197 37 192 220 60 15 65 253 51 221 219 226 204 252 36 220 127 171 86 84 85 158 203 100 165 125 65 193 214 105 203 82 229 39 65 224 36 98 56 139 99 119 16 187 210 166 77 205 184 25 77 205 184 25 77 205 184 25 77 205 184 25 77 205 184 25 77 205 184 25 77 205 184 25 77 205 184 25 
48 204 29 29 48 204 29 29 48 204 29 29 48 204 29 29 48 204 29 29 48 204 29 29 129 198 147 162 212 253 88 150 190 255 154 110 69 116 78 141 131 36 219 254 196 72 78 42 65 170 196 33 49 66 180 106 141 70 54 227 114 203 101 127 11 232 177 186 126 169 171 30 154 144 154 110 247 6 167 3 9 5 43 57 241 0 193 189 210 29 91 42 88 98 216 142 48 204 29 29 48 204 29 29 48 204 29 29 48 204 29 29 48 204 29 29 48 204 29 29 48 204 29 29 48 204 29 29 
40 152 130 203 40 152 130 203 40 152 130 203 40 152 130 203 40 152 130 203 40 152 130 203 83 47 217 20 239 194 171 243 1 30 26 241 28 206 114 60 20 42 131 84 165 0 192 251 51 244 224 18 67 130 99 157 193 10 255 175 28 251 145 149 204 191 68 77 73 193 100 186 176 166 238 142 157 100 38 50 226 210 12 180 0 111 119 137 196 25 98 173 220 228 53 34 40 152 130 203 40 152 130 203 40 152 130 203 40 152 130 203 40 152 130 203 40 152 130 203 40 152 130 203 40 152 130 203 
171 163 28 62 171 163 28 62 171 163 28 62 171 163 28 62 171 163 28 62 171 163 28 62 105 152 252 230 42 188 179 60 99 201 60 176 106 89 249 216 45 206 175 30 1 102 11 46 135 138 144 209 204 152 190 252 112 239 23 183 99 178 125 200 96 145 184 81 255 253 230 99 20 195 170 16 201 118 13 54 243 26 167 31 199 34 104 207 99 56 174 78 18 77 182 255 171 163 28 62 171 163 28 62 171 163 28 62 171 163 28 62 171 163 28 62 171 163 28 62 171 163 28 62 171 163 28 62 
77 205 184 25 77 205 184 25 77 205 184 25 77 205 184 25 77 205 184 25 77 205 184 25 19 253 234 141 92 53 189 183 191 158 79 155 83 95 8 218 178 89 95 139 80 116 82 232 145 15 205 205 60 233 88 89 127 93 244 244 133 65 115 14 114 198 199 38 7 181 63 11 79 161 123 32 112 109 109 109 31 134 14 14 192 0 5 113 19 123 139 230 244 139 153 218 77 205 184 25 77 205 184 25 77 205 184 25 77 205 184 25 77 205 184 25 77 205 184 25 77 205 184 25 77 205 184 25 
48 204 29 29 48 204 29 29 48 204 29 29 48 204 29 29 48 204 29 29 48 204 29 29 162 202 11 63 47 12 252 66 131 176 75 239 143 7 75 176 139 238 35 55 23 99 46 127 2 161 182 178 75 88 122 47 218 172 197 45 119 215 12 193 148 151 90 187 155 79 167 8 11 31 186 175 185 31 221 59 238 214 67 203 16 65 155 152 70 219 178 113 58 22 183 88 48 204 29 29 48 204 29 29 48 204 29 29 48 204 29 29 48 204 29 29 48 204 29 29 48 204 29 29 48 204 29 29 
40 152 130 203 40 152 130 203 40 152 130 203 40 152 130 203 40 152 130 203 40 152 130 203 232 36 218 83 132 179 223 116 16 216 64 161 222 91 188 95 74 23 1 179 242 221 229 110 33 103 77 254 195 21 33 90 133 38 110 19 224 88 207 181 204 109 62 224 184 138 115 144 185 65 2 144 33 233 161 119 114 98 228 85 154 243 178 221 49 44 40 178 185 212 80 39 40 152 130 203 40 152 130 203 40 152 130 203 40 152 130 203 40 152 130 203 40 152 130 203 40 152 130 203 40 152 130 203 
171 163 28 62 171 163 28 62 171 163 28 62 171 163 28 62 171 163 28 62 171 163 28 62 164 26 4 220 30 192 50 202 191 180 226 55 96 35 90 193 37 33 79 0 146 244 51 131 240 157 222 184 51 89 136 126 79 199 60 67 8 5 180 14 174 232 220 133 89 41 38 166 201 182 129 97 244 220 49 252 221 199 139 251 125 93 11 49 66 105 79 186 242 68 46 247 171 163 28 62 171 163 28 62 171 163 28 62 171 163 28 62 171 163 28 62 171 163 28 62 171 163 28 62 171 163 28 62 
77 205 184 25 77 205 184 25 77 205 184 25 77 205 184 25 77 205 184 25 77 205 184 25 88 157 16 84 12 253 90 157 50 22 198 160 213 47 110 7 12 119 120 225 137 67 41 123 121 133 27 59 55 71 72 26 131 149 55 166 196 240 127 111 225 14 57 21 144 247 135 185 78 64 62 205 22 79 20 90 187 205 6 90 147 221 68 39 214 233 137 44 70 114 158 130 77 205 184 25 77 205 184 25 77 205 184 25 77 205 184 25 77 205 184 25 77 205 184 25 77 205 184 25 77 205 184 25 
48 204 29 29 48 204 29 29 48 204 29 29 48 204 29 29 48 204 29 29 48 204 29 29 48 204 29 29 48 204 29 29 174 177 43 239 5 137 253 168 207 229 197 164 59 46 49 224 42 43 156 1 18 153 230 19 129 57 214 215 178 49 49 239 33 243 40 209 115 190 58 91 142 142 54 69 90 217 227 55 85 31 89 26 231 127 13 133 196 117 151 3 158 173 125 199 48 204 29 29 48 204 29 29 48 204 29 29 48 204 29 29 48 204 29 29 48 204 29 29 48 204 29 29 48 204 29 29 
40 152 130 203 40 152 130 203 40 152 130 203 40 152 130 203 40 152 130 203 40 152 130 203 40 152 130 203 40 152 130 203 209 90 140 224 82 43 17 133 131 31 18 21 205 36 156 211 88 166 89 30 97 14 127 89 17 16 240 44 52 218 230 53 154 137 187 50 71 180 89 118 46 232 84 38 165 57 152 204 14 236 49 37 80 93 175 197 166 107 20 74 170 112 254 74 40 152 130 203 40 152 130 203 40 152 130 203 40 152 130 203 40 152 130 203 40 152 130 203 40 152 130 203 40 152 130 203 
171 163 28 62 171 163 28 62 171 163 28 62 171 163 28 62 171 163 28 62 171 163 28 62 171 163 28 62 171 163 28 62 240 106 201 25 225 244 94 209 172 153 247 242 173 116 129 145 58 79 73 26 205 94 123 199 124 34 125 65 3 234 158 124 250 32 182 77 98 68 233 19 15 6 217 107 111 164 153 67 5 68 161 100 111 38 176 236 44 163 11 136 73 53 39 165 171 163 28 62 171 163 28 62 171 163 28 62 171 163 28 62 171 163 28 62 171 163 28 62 171 163 28 62 171 163 28 62 
77 205 184 25 77 205 184 25 77 205 184 25 77 205 184 25 77 205 184 25 77 205 184 25 77 205 184 25 77 205 184 25 120 98 120 246 127 77 114 150 184 221 126 136 12 150 9 121 126 124 24 58 121 173 132 221 116 209 174 2 111 101 197 201 236 151 22 232 141 65 201 111 144 116 27 248 194 136 32 188 47 63 247 109 119 183 214 78 217 47 3 233 209 243 91 67 77 205 184 25 77 205 184 25 77 205 184 25 77 205 184 25 77 205 184 25 77 205 184 25 77 205 184 25 77 205 184 25 
48 204 29 29 48 204 29 29 48 204 29 29 48 204 29 29 48 204 29 29 48 204 29 29 48 204 29 29 48 204 29 29 136 198 91 111 127 173 34 19 12 10 227 220 228 212 229 238 220 140 231 202 37 255 220 68 209 9 136 138 164 136 121 35 178 71 31 197 64 31 171 192 221 194 141 194 52 126 68 107 77 238 90 196 93 238 171 48 19 45 153 2 173 148 22 135 48 204 29 29 48 204 29 29 48 204 29 29 48 204 29 29 48 204 29 29 48 204 29 29 48 204 29 29 48 204 29 29 
40 152 130 203 40 152 130 203 40 152 130 203 40 152 130 203 40 152 130 203 40 152 130 203 40 152 130 203 40 152 130 203 168 87 233 95 138 84 27 48 40 103 208 167 216 238 75 185 172 27 110 73 249 99 14 178 146 51 78 11 151 225 69 245 214 155 57 14 93 171 59 9 239 192 129 231 11 225 72 107 42 140 120 43 93 220 42 85 200 200 73 158 254 9 72 23 40 152 130 203 40 152 130 203 40 152 130 203 40 152 130 203 40 152 130 203 40 152 130 203 40 152 130 203 40 152 130 203 
171 163 28 62 171 163 28 62 171 163 28 62 171 163 28 62 171 163 28 62 171 163 28 62 171 163 28 62 171 163 28 62 129 255 209 217 193 180 88 8 95 89 102 136 0 117 143 158 9 238 65 93 170 63 13 139 237 160 91 190 162 168 83 21 199 127 217 165 39 60 248 63 155 251 131 6 143 126 12 13 71 34 87 171 14 116 237 239 150 56 2 35 199 103 136 2 171 163 28 62 171 163 28 62 171 163 28 62 171 163 28 62 171 163 28 62 171 163 28 62 171 163 28 62 171 163 28 62 
77 205 184 25 77 205 184 25 77 205 184 25 77 205 184 25 77 205 184 25 77 205 184 25 77 205 184 25 77 205 184 25 132 68 197 49 75 17 207 106 214 250 138 122 78 206 57 248 84 188 203 125 52 24 34 44 48 48 221 196 39 97 109 149 175 251 249 105 126 41 96 44 60 243 23 208 71 251 56 104 123 35 135 132 125 86 141 177 27 190 176 157 135 190 209 32 77 205 184 25 77 205 184 25 77 205 184 25 77 205 184 25 77 205 184 25 77 205 184 25 77 205 184 25 77 205 184 25 
