87 103 105 200 4 6 220 47 87 103 105 200 44 35 153 198 87 103 105 200 87 103 105 200 139 197 143 194 87 103 105 200 49 1 247 111 87 103 105 200 4 6 220 47 110 94 13 196 4 6 220 47 148 88 113 240 38 149 170 34 55 84 239 89 128 3 38 75 4 6 220 47 87 103 105 200 64 185 24 69 40 100 252 3 87 103 105 200 62 245 180 29 87 103 105 200 4 6 220 47 207 118 164 209 83 164 255 49 87 103 105 200 4 68 51 67 213 225 11 69 122 169 4 231 162 48 130 3 
67 183 128 52 50 30 190 104 67 183 128 52 7 243 52 215 67 183 128 52 67 183 128 52 115 181 53 84 67 183 128 52 140 17 180 163 67 183 128 52 50 30 190 104 88 81 130 50 50 30 190 104 244 17 96 239 150 126 110 183 76 110 2 110 200 101 25 72 50 30 190 104 67 183 128 52 155 6 33 150 134 251 94 135 67 183 128 52 219 105 75 85 67 183 128 52 50 30 190 104 236 49 31 225 45 43 203 52 67 183 128 52 69 82 157 22 139 90 85 166 17 98 155 176 192 200 213 130 
101 0 243 95 193 127 196 141 101 0 243 95 255 224 119 4 101 0 243 95 101 0 243 95 2 1 234 182 101 0 243 95 161 64 204 250 101 0 243 95 193 127 196 141 129 148 157 144 193 127 196 141 144 241 17 230 211 251 126 168 86 6 160 34 107 14 165 14 193 127 196 141 101 0 243 95 83 4 12 191 205 73 129 3 101 0 243 95 93 234 164 28 101 0 243 95 193 127 196 141 23 122 206 178 33 32 250 236 101 0 243 95 30 181 162 98 77 138 66 53 55 157 48 166 52 239 200 219 
193 147 68 13 193 94 236 221 193 147 68 13 176 68 69 114 193 147 68 13 193 147 68 13 152 46 179 206 193 147 68 13 94 139 251 136 193 147 68 13 193 94 236 221 115 189 39 83 193 94 236 221 60 40 104 12 187 118 225 216 248 146 136 6 145 203 9 105 193 94 236 221 193 147 68 13 137 21 48 9 222 72 190 8 193 147 68 13 22 233 154 209 193 147 68 13 193 94 236 221 148 190 65 161 23 180 253 97 193 147 68 13 190 209 111 24 7 205 134 61 167 74 235 36 3 90 135 154 
81 212 60 195 126 130 177 203 4 6 220 47 87 103 105 200 194 149 62 13 127 25 105 113 219 22 113 45 110 4 129 8 87 103 105 200 177 2 117 132 4 6 220 47 87 103 105 200 57 236 193 79 223 82 182 147 80 60 90 41 42 63 13 4 87 103 105 200 136 102 77 119 4 6 220 47 223 228 143 6 153 240 65 235 4 6 220 47 4 6 220 47 10 232 218 193 84 140 92 204 87 103 105 200 165 243 129 184 224 154 144 253 55 242 52 42 87 103 105 200 177 166 112 62 245 176 55 197 
190 202 146 86 23 99 36 24 50 30 190 104 67 183 128 52 80 216 173 181 68 124 151 148 216 170 215 39 170 158 135 143 67 183 128 52 46 62 232 66 50 30 190 104 67 183 128 52 43 20 46 19 87 105 175 190 37 77 144 127 174 87 67 212 67 183 128 52 147 109 110 116 50 30 190 104 182 1 72 187 91 195 4 33 50 30 190 104 50 30 190 104 135 47 5 200 93 78 65 173 67 183 128 52 162 57 241 184 189 188 94 161 108 37 176 67 67 183 128 52 15 100 155 105 220 201 65 45 
199 5 42 52 104 83 148 138 193 127 196 141 101 0 243 95 134 174 43 143 30 175 212 32 12 111 83 153 15 121 149 160 101 0 243 95 222 98 31 106 193 127 196 141 101 0 243 95 98 11 90 94 116 199 80 6 211 216 126 101 104 180 58 79 101 0 243 95 203 101 225 197 193 127 196 141 242 26 102 207 166 60 69 62 193 127 196 141 193 127 196 141 30 10 1 68 238 7 16 35 101 0 243 95 179 225 145 81 210 27 91 16 214 29 159 252 101 0 243 95 234 43 61 90 78 160 209 17 
199 129 79 116 108 173 230 202 193 94 236 221 193 147 68 13 226 81 255 121 106 249 233 165 155 23 0 249 39 60 49 120 193 147 68 13 130 196 42 215 193 94 236 221 193 147 68 13 253 123 73 88 246 165 144 160 190 141 239 151 7 171 87 114 193 147 68 13 101 67 206 230 193 94 236 221 40 42 160 4 161 58 149 188 193 94 236 221 193 94 236 221 118 104 30 33 238 239 153 13 193 147 68 13 172 216 135 67 124 134 99 54 111 238 106 136 193 147 68 13 5 77 214 122 139 25 88 134 
87 103 105 200 4 6 220 47 238 19 74 114 87 103 105 200 57 164 136 4 166 31 132 211 4 6 220 47 4 6 220 47 232 230 173 228 25 255 116 227 138 142 239 92 4 6 220 47 87 103 105 200 21 193 73 229 33 127 68 157 189 107 226 239 166 3 8 17 4 6 220 47 189 159 127 81 129 159 140 1 6 186 5 238 54 93 54 240 75 137 89 224 4 6 220 47 87 103 105 200 87 103 105 200 174 242 45 250 4 6 220 47 30 152 84 1 232 0 186 134 238 145 195 234 87 103 105 200 
67 183 128 52 50 30 190 104 250 159 88 85 67 183 128 52 185 81 157 223 229 136 103 180 50 30 190 104 50 30 190 104 38 180 168 24 40 236 25 108 71 204 224 77 50 30 190 104 67 183 128 52 27 133 132 85 116 155 114 195 40 90 209 177 57 120 178 3 50 30 190 104 174 110 229 25 250 172 170 22 119 107 63 234 41 175 236 24 220 184 74 254 50 30 190 104 67 183 128 52 67 183 128 52 188 37 126 2 50 30 190 104 38 75 239 94 213 206 31 247 76 8 127 149 67 183 128 52 
101 0 243 95 193 127 196 141 62 10 245 177 101 0 243 95 214 187 230 184 236 174 34 79 193 127 196 141 193 127 196 141 148 114 108 27 10 116 239 215 9 243 38 36 193 127 196 141 101 0 243 95 193 243 71 161 130 209 128 57 167 121 2 44 76 106 135 234 193 127 196 141 72 30 193 129 202 252 164 161 37 4 207 193 136 20 8 28 75 133 229 113 193 127 196 141 101 0 243 95 101 0 243 95 210 33 77 169 193 127 196 141 64 0 236 142 24 0 238 166 88 196 89 12 101 0 243 95 
193 147 68 13 193 94 236 221 74 94 36 114 193 147 68 13 158 174 173 64 255 117 95 119 193 94 236 221 193 94 236 221 159 254 144 85 27 48 11 85 115 227 68 35 193 94 236 221 193 147 68 13 2 232 49 163 85 174 142 199 106 240 234 183 127 140 182 145 193 94 236 221 178 130 99 25 193 109 178 17 161 103 69 193 67 210 201 88 67 239 114 250 193 94 236 221 193 147 68 13 193 147 68 13 50 83 105 199 193 94 236 221 77 57 96 68 69 165 79 129 184 167 111 184 193 147 68 13 
87 103 105 200 53 244 173 211 4 6 220 47 87 103 105 200 87 103 105 200 23 126 64 187 87 103 105 200 87 103 105 200 87 103 105 200 4 6 220 47 87 103 105 200 4 6 220 47 128 150 57 42 31 213 205 45 73 199 239 226 4 6 220 47 87 103 105 200 87 103 105 200 63 172 36 116 127 82 255 45 87 103 105 200 128 219 69 250 158 1 22 73 162 203 183 243 62 50 139 197 4 6 220 47 79 160 165 201 4 6 220 47 4 6 220 47 125 9 219 32 231 72 17 72 229 52 99 107 
67 183 128 52 174 80 207 95 50 30 190 104 67 183 128 52 67 183 128 52 156 56 149 81 67 183 128 52 67 183 128 52 67 183 128 52 50 30 190 104 67 183 128 52 50 30 190 104 167 114 205 98 49 68 85 172 184 119 73 23 50 30 190 104 67 183 128 52 67 183 128 52 226 65 255 38 172 66 1 244 67 183 128 52 232 91 185 64 151 97 14 159 114 96 18 3 27 84 27 137 50 30 190 104 48 66 120 254 50 30 190 104 50 30 190 104 86 235 248 239 104 154 56 54 77 205 180 89 
101 0 243 95 66 182 4 178 193 127 196 141 101 0 243 95 101 0 243 95 38 158 148 122 101 0 243 95 101 0 243 95 101 0 243 95 193 127 196 141 101 0 243 95 193 127 196 141 208 22 140 104 1 27 194 114 252 199 210 16 193 127 196 141 101 0 243 95 101 0 243 95 153 197 22 104 131 246 42 188 101 0 243 95 168 42 245 221 120 80 208 88 199 74 68 31 238 192 149 156 193 127 196 141 254 243 75 184 193 127 196 141 193 127 196 141 98 82 38 27 253 6 138 250 239 24 14 139 
193 147 68 13 202 200 12 232 193 94 236 221 193 147 68 13 193 147 68 13 246 69 49 189 193 147 68 13 193 147 68 13 193 147 68 13 193 94 236 221 193 147 68 13 193 94 236 221 203 148 24 176 102 96 194 172 6 223 147 96 193 94 236 221 193 147 68 13 193 147 68 13 213 241 198 30 35 84 138 137 193 147 68 13 191 182 58 2 143 20 42 207 225 239 161 44 170 7 1 135 193 94 236 221 122 253 19 91 193 94 236 221 193 94 236 221 254 4 172 93 65 49 178 181 190 127 4 155 
87 103 105 200 187 4 38 164 41 246 233 190 87 103 105 200 134 59 240 76 87 103 105 200 87 103 105 200 87 103 105 200 52 178 128 56 114 132 69 49 67 184 52 253 157 79 194 42 208 192 60 86 4 6 220 47 120 185 121 79 87 103 105 200 90 199 160 66 112 55 248 71 80 225 66 4 111 200 182 195 241 25 189 65 223 10 241 138 101 118 93 16 87 103 105 200 162 70 95 48 137 121 130 54 87 103 105 200 87 103 105 200 4 6 220 47 148 136 47 243 44 143 65 251 213 144 199 236 
67 183 128 52 57 206 119 56 173 201 49 32 67 183 128 52 228 206 129 222 67 183 128 52 67 183 128 52 67 183 128 52 215 70 189 136 183 63 238 187 184 25 140 244 18 165 211 234 99 106 77 52 50 30 190 104 172 55 163 205 67 183 128 52 221 248 35 126 35 123 88 222 187 24 199 202 240 94 235 27 160 58 71 31 218 179 103 248 24 71 160 123 67 183 128 52 174 210 243 149 248 36 90 133 67 183 128 52 67 183 128 52 50 30 190 104 86 138 12 153 214 47 165 63 246 34 139 227 
101 0 243 95 210 215 226 231 125 61 60 232 101 0 243 95 53 52 119 188 101 0 243 95 101 0 243 95 101 0 243 95 135 204 208 7 27 191 170 55 221 197 200 74 109 52 141 215 72 151 227 225 193 127 196 141 234 17 55 114 101 0 243 95 241 67 239 96 107 100 31 210 46 26 144 120 196 220 139 77 90 132 54 218 141 208 187 117 247 15 170 228 101 0 243 95 116 216 175 123 39 246 180 153 101 0 243 95 101 0 243 95 193 127 196 141 105 201 9 102 21 157 117 128 94 127 196 52 
193 147 68 13 121 217 15 222 247 83 97 96 193 147 68 13 30 192 247 40 193 147 68 13 193 147 68 13 193 147 68 13 160 166 18 3 252 221 109 90 64 163 191 45 72 209 117 197 230 18 54 72 193 94 236 221 100 129 103 217 193 147 68 13 135 231 8 206 213 185 38 138 11 144 17 232 67 57 167 221 247 249 156 115 141 199 5 110 3 47 223 132 193 147 68 13 59 12 58 120 28 154 161 231 193 147 68 13 193 147 68 13 193 94 236 221 125 105 104 77 120 167 101 5 142 248 185 111 
127 50 212 48 87 103 105 200 87 103 105 200 87 103 105 200 61 67 112 89 116 137 70 16 9 148 15 64 76 81 48 148 242 241 58 175 4 6 220 47 87 103 105 200 4 6 220 47 103 95 5 109 140 172 187 109 239 99 26 181 58 160 135 85 87 103 105 200 189 218 52 232 87 103 105 200 137 13 68 166 4 6 220 47 4 6 220 47 139 0 224 26 52 89 188 115 87 103 105 200 4 6 220 47 87 103 105 200 4 6 220 47 179 162 187 108 4 6 220 47 4 6 220 47 176 201 216 48 
138 221 91 213 67 183 128 52 67 183 128 52 67 183 128 52 109 197 214 166 226 49 95 18 204 75 201 139 106 229 48 10 222 23 225 11 50 30 190 104 67 183 128 52 50 30 190 104 151 40 174 53 23 120 66 181 17 161 104 119 49 102 95 67 67 183 128 52 130 171 223 92 67 183 128 52 150 44 229 113 50 30 190 104 50 30 190 104 29 106 42 8 254 123 189 168 67 183 128 52 50 30 190 104 67 183 128 52 50 30 190 104 92 40 150 220 50 30 190 104 50 30 190 104 180 17 96 85 
96 199 226 195 101 0 243 95 101 0 243 95 101 0 243 95 44 197 110 116 247 178 206 149 36 65 17 94 244 152 93 228 99 118 252 204 193 127 196 141 101 0 243 95 193 127 196 141 158 22 104 67 47 206 25 169 113 194 153 96 56 84 148 206 101 0 243 95 253 65 199 251 101 0 243 95 62 131 76 31 193 127 196 141 193 127 196 141 88 126 11 81 240 233 251 54 101 0 243 95 193 127 196 141 101 0 243 95 193 127 196 141 212 160 158 120 193 127 196 141 193 127 196 141 34 160 227 111 
120 188 51 251 193 147 68 13 193 147 68 13 193 147 68 13 166 254 50 56 147 172 20 28 185 196 118 165 123 120 96 239 16 21 111 161 193 94 236 221 193 147 68 13 193 94 236 221 205 178 3 73 240 48 134 118 161 80 24 162 37 168 190 152 193 147 68 13 154 144 57 242 193 147 68 13 51 24 50 12 193 94 236 221 193 94 236 221 74 254 159 139 19 164 234 111 193 147 68 13 193 94 236 221 193 147 68 13 193 94 236 221 53 33 175 106 193 94 236 221 193 94 236 221 142 113 94 227 
87 103 105 200 183 125 132 104 174 227 216 54 87 103 105 200 92 133 204 70 70 36 39 4 72 103 253 255 87 103 105 200 172 66 134 136 136 30 135 212 87 103 105 200 4 6 220 47 237 0 187 204 4 6 220 47 4 6 220 47 87 103 105 200 39 154 232 222 58 13 119 71 205 59 185 83 75 104 186 123 87 103 105 200 87 103 105 200 7 6 98 173 87 103 105 200 169 132 38 130 197 224 169 227 87 103 105 200 4 6 220 47 161 140 247 84 182 146 197 232 41 135 13 125 87 103 105 200 
67 183 128 52 176 79 192 255 234 170 82 254 67 183 128 52 92 226 6 115 253 32 249 206 228 60 242 39 67 183 128 52 234 3 57 129 248 119 143 196 67 183 128 52 50 30 190 104 191 63 57 164 50 30 190 104 50 30 190 104 67 183 128 52 74 100 24 130 53 38 199 93 79 230 36 215 138 58 52 187 67 183 128 52 67 183 128 52 28 31 222 2 67 183 128 52 78 216 88 112 88 183 183 240 67 183 128 52 50 30 190 104 89 118 154 239 45 213 220 208 131 56 16 86 67 183 128 52 
101 0 243 95 253 12 175 118 124 160 242 200 101 0 243 95 59 28 213 128 162 191 208 97 235 22 66 167 101 0 243 95 52 54 50 68 229 46 143 197 101 0 243 95 193 127 196 141 97 220 155 76 193 127 196 141 193 127 196 141 101 0 243 95 68 218 67 0 88 254 4 161 109 195 211 18 189 196 88 20 101 0 243 95 101 0 243 95 139 29 255 74 101 0 243 95 128 117 27 44 131 177 29 225 101 0 243 95 193 127 196 141 112 55 77 115 35 60 47 123 64 142 225 189 101 0 243 95 
193 147 68 13 152 57 163 235 70 13 106 22 193 147 68 13 148 70 191 103 138 209 172 217 225 42 93 82 193 147 68 13 144 205 132 170 1 129 16 93 193 147 68 13 193 94 236 221 103 209 223 78 193 94 236 221 193 94 236 221 193 147 68 13 166 63 186 65 31 116 84 157 163 227 84 108 156 126 164 93 193 147 68 13 193 147 68 13 69 112 167 129 193 147 68 13 126 57 77 66 163 245 232 117 193 147 68 13 193 94 236 221 205 163 162 222 13 115 130 163 185 140 9 222 193 147 68 13 
87 103 105 200 87 103 105 200 87 103 105 200 108 99 49 113 105 192 28 83 218 238 91 192 4 6 220 47 87 103 105 200 73 199 239 226 94 180 93 5 73 165 146 14 4 6 220 47 4 6 220 47 4 6 220 47 26 54 158 92 4 6 220 47 212 51 223 4 87 103 105 200 87 103 105 200 4 6 220 47 117 165 46 151 4 6 220 47 4 6 220 47 62 188 90 27 200 104 84 66 4 6 220 47 4 6 220 47 179 206 88 112 201 13 66 195 25 122 27 151 158 192 87 86 4 6 220 47 
67 183 128 52 67 183 128 52 67 183 128 52 216 143 15 209 82 210 136 241 9 76 125 23 50 30 190 104 67 183 128 52 184 119 73 23 0 253 68 35 83 156 94 239 50 30 190 104 50 30 190 104 50 30 190 104 141 1 45 1 50 30 190 104 255 86 59 220 67 183 128 52 67 183 128 52 50 30 190 104 232 81 2 87 50 30 190 104 50 30 190 104 11 161 33 136 247 100 238 164 50 30 190 104 50 30 190 104 165 249 232 92 225 96 94 122 249 218 70 230 174 5 84 106 50 30 190 104 
101 0 243 95 101 0 243 95 101 0 243 95 163 201 48 105 204 128 118 73 238 232 5 137 193 127 196 141 101 0 243 95 252 199 210 16 197 239 151 137 129 28 209 247 193 127 196 141 193 127 196 141 193 127 196 141 92 161 175 159 193 127 196 141 55 82 249 77 101 0 243 95 101 0 243 95 193 127 196 141 154 55 79 241 193 127 196 141 193 127 196 141 29 122 127 149 251 27 149 137 193 127 196 141 193 127 196 141 66 95 120 44 193 53 53 194 92 90 57 163 178 18 147 229 193 127 196 141 
193 147 68 13 193 147 68 13 193 147 68 13 182 76 172 236 20 115 79 249 63 251 207 199 193 94 236 221 193 147 68 13 6 223 147 96 246 179 38 73 56 146 54 31 193 94 236 221 193 94 236 221 193 94 236 221 136 52 122 138 193 94 236 221 132 48 62 106 193 147 68 13 193 147 68 13 193 94 236 221 36 36 18 181 193 94 236 221 193 94 236 221 42 123 215 244 160 81 95 166 193 94 236 221 193 94 236 221 64 40 18 5 42 10 166 58 226 207 184 110 141 228 74 95 193 94 236 221 
87 103 105 200 4 6 220 47 4 6 220 47 4 6 220 47 130 63 46 88 4 6 220 47 201 58 62 90 102 185 233 238 24 51 241 27 233 160 155 142 154 126 125 246 7 229 220 225 87 103 105 200 122 242 66 242 209 75 72 180 4 6 220 47 87 103 105 200 189 221 102 232 11 166 206 92 157 224 217 161 4 6 220 47 216 154 103 249 87 103 105 200 46 12 253 127 90 200 139 183 252 18 58 39 4 6 220 47 87 103 105 200 137 12 172 215 0 1 114 61 130 1 84 191 189 213 58 231 
67 183 128 52 50 30 190 104 50 30 190 104 50 30 190 104 134 169 117 162 50 30 190 104 39 216 182 16 196 29 80 64 44 41 123 107 108 179 197 30 16 128 111 243 191 69 43 122 67 183 128 52 69 195 150 34 37 228 164 72 50 30 190 104 67 183 128 52 236 15 155 55 228 80 126 133 207 17 101 99 50 30 190 104 51 122 134 34 67 183 128 52 92 146 187 87 151 230 25 140 235 230 218 147 50 30 190 104 67 183 128 52 77 50 157 178 60 231 103 182 8 138 110 187 32 79 71 84 
101 0 243 95 193 127 196 141 193 127 196 141 193 127 196 141 180 160 225 232 193 127 196 141 37 93 232 230 75 240 77 43 221 233 191 137 69 214 66 46 216 5 96 59 200 255 131 253 101 0 243 95 136 215 74 177 198 245 133 140 193 127 196 141 101 0 243 95 76 0 109 94 143 160 152 50 7 166 154 217 193 127 196 141 233 60 156 4 101 0 243 95 116 82 165 228 210 234 247 122 169 88 23 244 193 127 196 141 101 0 243 95 177 24 44 54 103 243 113 57 19 137 43 139 225 117 120 21 
193 147 68 13 193 94 236 221 193 94 236 221 193 94 236 221 178 33 236 15 193 94 236 221 241 167 242 105 142 103 74 50 227 138 140 218 152 158 237 247 123 31 43 214 105 47 188 62 193 147 68 13 72 106 155 109 73 67 243 38 193 94 236 221 193 147 68 13 115 233 101 42 7 84 39 234 241 67 61 43 193 94 236 221 211 62 9 125 193 147 68 13 234 73 161 105 24 250 153 163 69 48 226 137 193 94 236 221 193 147 68 13 66 83 167 106 95 153 255 251 34 175 62 230 98 255 72 9 
237 20 64 235 207 200 255 121 87 103 105 200 87 103 105 200 93 51 69 92 3 240 161 44 4 6 220 47 148 41 94 228 233 226 219 96 254 255 88 210 4 6 220 47 89 188 188 113 87 103 105 200 4 6 220 47 79 38 130 52 120 250 123 115 235 225 207 35 87 103 105 200 87 175 103 182 132 18 27 20 191 116 181 188 4 6 220 47 89 105 211 233 251 235 86 161 125 42 235 129 169 82 181 125 4 6 220 47 38 72 212 137 87 103 105 200 168 44 59 186 4 6 220 47 87 103 105 200 
137 183 159 173 121 56 16 18 67 183 128 52 67 183 128 52 41 130 20 129 41 65 6 198 50 30 190 104 166 24 200 20 80 203 9 179 105 129 162 238 50 30 190 104 159 176 206 86 67 183 128 52 50 30 190 104 129 228 177 204 217 190 92 7 128 106 247 188 67 183 128 52 44 22 50 4 28 62 81 218 151 99 31 184 50 30 190 104 24 243 161 246 20 195 121 221 41 174 1 154 247 177 44 252 50 30 190 104 122 252 225 248 67 183 128 52 116 41 1 141 50 30 190 104 67 183 128 52 
16 1 211 164 0 57 207 164 101 0 243 95 101 0 243 95 133 166 77 13 75 165 81 18 193 127 196 141 16 227 184 175 125 99 23 70 183 195 10 134 193 127 196 141 188 110 152 82 101 0 243 95 193 127 196 141 30 71 233 177 172 123 93 218 143 213 152 146 101 0 243 95 202 0 230 24 77 59 71 189 190 46 13 47 193 127 196 141 244 203 254 191 3 93 215 113 46 41 113 238 115 68 34 194 193 127 196 141 127 188 151 64 101 0 243 95 138 180 13 190 193 127 196 141 101 0 243 95 
64 163 84 112 76 167 134 123 193 147 68 13 193 147 68 13 64 140 145 18 13 18 135 2 193 94 236 221 216 123 180 96 82 200 149 160 31 115 34 8 193 94 236 221 83 33 116 159 193 147 68 13 193 94 236 221 40 89 202 59 141 136 135 192 178 148 179 187 193 147 68 13 182 50 45 179 174 154 65 71 17 217 224 69 193 94 236 221 63 8 156 32 28 190 79 162 56 18 236 39 201 184 206 34 193 94 236 221 204 163 12 29 193 147 68 13 248 158 129 52 193 94 236 221 193 147 68 13 
4 6 220 47 73 199 239 226 87 103 105 200 4 6 220 47 4 6 220 47 4 6 220 47 193 74 149 202 4 6 220 47 116 250 33 14 214 225 244 42 87 103 105 200 87 103 105 200 47 210 19 41 87 103 105 200 103 84 99 87 4 6 220 47 4 6 220 47 93 105 32 44 87 103 105 200 236 82 51 143 4 6 220 47 4 6 220 47 206 197 123 21 4 252 123 125 4 6 220 47 54 200 10 140 240 209 161 146 87 103 105 200 249 146 251 247 87 103 105 200 87 103 105 200 4 6 220 47 
50 30 190 104 184 119 73 23 67 183 128 52 50 30 190 104 50 30 190 104 50 30 190 104 125 120 206 69 50 30 190 104 45 185 68 254 42 106 186 175 67 183 128 52 67 183 128 52 178 235 79 230 67 183 128 52 155 83 21 10 50 30 190 104 50 30 190 104 144 187 4 87 67 183 128 52 210 118 229 72 50 30 190 104 50 30 190 104 246 173 63 195 142 189 15 40 50 30 190 104 134 150 108 232 7 178 255 187 67 183 128 52 87 234 89 118 67 183 128 52 67 183 128 52 50 30 190 104 
193 127 196 141 252 199 210 16 101 0 243 95 193 127 196 141 193 127 196 141 193 127 196 141 215 51 10 175 193 127 196 141 21 96 202 227 198 107 217 250 101 0 243 95 101 0 243 95 64 28 219 139 101 0 243 95 250 147 161 159 193 127 196 141 193 127 196 141 11 128 232 225 101 0 243 95 142 34 145 132 193 127 196 141 193 127 196 141 89 186 54 218 236 217 221 0 193 127 196 141 19 243 41 213 37 97 65 14 101 0 243 95 219 73 225 206 101 0 243 95 101 0 243 95 193 127 196 141 
193 94 236 221 6 223 147 96 193 147 68 13 193 94 236 221 193 94 236 221 193 94 236 221 252 80 58 159 193 94 236 221 64 117 163 177 77 161 68 204 193 147 68 13 193 147 68 13 180 76 176 238 193 147 68 13 213 132 124 30 193 94 236 221 193 94 236 221 236 26 125 235 193 147 68 13 9 171 164 207 193 94 236 221 193 94 236 221 119 194 13 6 149 134 237 224 193 94 236 221 218 189 193 225 170 163 5 107 193 147 68 13 233 53 30 115 193 147 68 13 193 147 68 13 193 94 236 221 
169 34 112 129 87 103 105 200 235 198 71 143 4 6 220 47 14 47 185 55 101 92 26 150 4 6 220 47 87 103 105 200 45 128 13 223 180 124 82 150 87 103 105 200 71 150 164 157 87 103 105 200 213 131 183 193 87 103 105 200 37 149 32 245 87 103 105 200 87 103 105 200 87 103 105 200 4 6 220 47 77 28 8 228 54 238 236 63 131 181 182 155 60 5 2 75 176 6 156 101 96 247 79 252 95 151 75 206 87 103 105 200 226 26 134 98 4 6 220 47 87 103 105 200 206 52 226 10 
49 173 220 21 67 183 128 52 103 236 20 55 50 30 190 104 118 80 145 50 50 236 24 248 50 30 190 104 67 183 128 52 98 15 246 199 228 218 195 4 67 183 128 52 28 203 232 150 67 183 128 52 23 77 74 96 67 183 128 52 113 249 58 29 67 183 128 52 67 183 128 52 67 183 128 52 50 30 190 104 160 242 251 85 215 192 122 79 201 78 181 26 47 241 86 105 101 247 247 25 228 138 22 174 122 92 176 114 67 183 128 52 100 226 10 1 50 30 190 104 67 183 128 52 252 247 154 101 
70 101 56 16 101 0 243 95 138 105 245 251 193 127 196 141 211 157 25 227 178 162 29 172 193 127 196 141 101 0 243 95 219 206 254 7 6 36 226 164 101 0 243 95 105 180 187 234 101 0 243 95 167 29 125 232 101 0 243 95 35 158 207 27 101 0 243 95 101 0 243 95 101 0 243 95 193 127 196 141 130 182 63 132 83 170 236 179 239 235 83 155 22 48 208 235 228 36 147 243 49 12 79 19 66 22 189 118 101 0 243 95 34 69 223 132 193 127 196 141 101 0 243 95 165 35 89 78 
25 195 9 88 193 147 68 13 61 110 125 50 193 94 236 221 37 85 165 209 159 12 108 159 193 94 236 221 193 147 68 13 139 164 173 175 229 52 181 241 193 147 68 13 246 223 14 140 193 147 68 13 20 26 21 71 193 147 68 13 204 233 149 31 193 147 68 13 193 147 68 13 193 147 68 13 193 94 236 221 123 177 168 76 29 55 190 216 62 13 102 1 121 131 204 2 84 100 16 139 60 107 101 213 34 42 234 250 193 147 68 13 73 239 34 19 193 94 236 221 193 147 68 13 204 23 54 205 
4 6 220 47 114 88 0 53 161 186 252 240 4 6 220 47 189 99 117 249 4 6 220 47 136 125 212 230 4 6 220 47 4 6 220 47 87 103 105 200 87 103 105 200 4 6 220 47 4 6 220 47 87 103 105 200 159 91 12 192 56 73 78 79 4 6 220 47 4 6 220 47 67 196 53 63 160 73 8 161 56 246 205 158 4 6 220 47 224 236 231 53 109 204 62 64 238 75 207 99 241 166 15 58 133 56 77 195 4 6 220 47 4 6 220 47 149 248 227 120 87 103 105 200 4 6 220 47 
50 30 190 104 202 211 63 199 159 219 179 244 50 30 190 104 219 14 206 149 50 30 190 104 244 225 25 89 50 30 190 104 50 30 190 104 67 183 128 52 67 183 128 52 50 30 190 104 50 30 190 104 67 183 128 52 208 18 123 37 188 2 45 9 50 30 190 104 50 30 190 104 182 78 58 108 102 205 106 160 213 115 5 216 50 30 190 104 253 6 64 61 56 151 253 151 7 101 231 147 80 167 155 53 47 53 244 48 50 30 190 104 50 30 190 104 230 230 36 174 67 183 128 52 50 30 190 104 
193 127 196 141 220 128 171 33 221 242 99 112 193 127 196 141 149 91 87 140 193 127 196 141 109 249 252 190 193 127 196 141 193 127 196 141 101 0 243 95 101 0 243 95 193 127 196 141 193 127 196 141 101 0 243 95 149 195 116 54 68 123 133 177 193 127 196 141 193 127 196 141 44 189 115 206 40 34 212 172 95 242 59 205 193 127 196 141 208 138 111 59 135 141 239 73 17 176 87 193 121 136 239 47 182 43 146 136 193 127 196 141 193 127 196 141 202 28 41 90 101 0 243 95 193 127 196 141 
193 94 236 221 143 238 195 120 235 199 210 56 193 94 236 221 232 13 171 27 193 94 236 221 155 15 74 155 193 94 236 221 193 94 236 221 193 147 68 13 193 147 68 13 193 94 236 221 193 94 236 221 193 147 68 13 32 234 142 231 106 179 18 233 193 94 236 221 193 94 236 221 216 0 149 73 11 98 4 228 169 223 132 137 193 94 236 221 189 224 196 119 244 205 96 45 77 35 63 46 103 96 103 128 21 172 93 142 193 94 236 221 193 94 236 221 88 80 44 128 193 147 68 13 193 94 236 221 
87 103 105 200 4 6 220 47 24 158 120 72 192 43 52 54 4 6 220 47 142 211 10 61 87 103 105 200 4 6 220 47 4 6 220 47 102 75 40 21 87 103 105 200 93 211 229 51 4 6 220 47 199 177 149 158 192 101 88 6 76 243 83 97 151 28 196 203 205 35 93 239 4 6 220 47 153 85 111 45 4 6 220 47 164 22 123 40 87 103 105 200 4 6 220 47 4 6 220 47 249 99 91 161 87 103 105 200 4 6 220 47 152 61 54 50 205 123 172 18 87 103 105 200 4 6 220 47 
67 183 128 52 50 30 190 104 159 255 122 147 50 44 117 47 50 30 190 104 199 96 238 222 67 183 128 52 50 30 190 104 50 30 190 104 211 238 231 16 67 183 128 52 42 124 199 91 50 30 190 104 197 25 119 1 191 35 88 40 187 181 243 154 63 134 37 190 247 144 140 222 50 30 190 104 117 21 122 246 50 30 190 104 65 33 2 59 67 183 128 52 50 30 190 104 50 30 190 104 240 178 146 45 67 183 128 52 50 30 190 104 221 137 199 200 237 107 181 128 67 183 128 52 50 30 190 104 
101 0 243 95 193 127 196 141 97 160 63 3 30 14 239 0 193 127 196 141 222 52 166 154 101 0 243 95 193 127 196 141 193 127 196 141 209 214 15 28 101 0 243 95 70 23 83 32 193 127 196 141 61 96 254 94 148 69 6 0 13 12 245 246 51 126 67 242 63 112 30 182 193 127 196 141 200 180 108 251 193 127 196 141 0 108 15 246 101 0 243 95 193 127 196 141 193 127 196 141 193 29 216 239 101 0 243 95 193 127 196 141 117 142 48 174 202 187 171 226 101 0 243 95 193 127 196 141 
193 147 68 13 193 94 236 221 17 137 52 222 191 226 91 244 193 94 236 221 217 42 241 130 193 147 68 13 193 94 236 221 193 94 236 221 167 116 217 238 193 147 68 13 192 112 244 166 193 94 236 221 244 159 24 168 179 93 146 160 252 171 110 77 35 207 40 213 40 80 70 77 193 94 236 221 194 234 19 24 193 94 236 221 144 237 156 72 193 147 68 13 193 94 236 221 193 94 236 221 53 237 182 45 193 147 68 13 193 94 236 221 52 59 72 132 231 147 222 174 193 147 68 13 193 94 236 221 
87 103 105 200 87 103 105 200 4 6 220 47 249 61 64 155 166 108 252 251 87 103 105 200 68 179 50 84 87 103 105 200 179 26 90 214 121 17 252 89 188 212 136 64 87 103 105 200 4 6 220 47 4 6 220 47 253 128 48 110 4 6 220 47 220 128 146 199 204 170 116 134 4 6 220 47 4 6 220 47 87 103 105 200 87 103 105 200 231 52 85 80 17 127 204 20 253 164 151 146 21 152 187 9 230 49 203 79 87 103 105 200 82 34 33 116 222 34 131 131 206 36 125 58 144 198 91 51 
67 183 128 52 67 183 128 52 50 30 190 104 42 157 191 123 190 32 223 155 67 183 128 52 55 135 36 141 67 183 128 52 25 18 224 120 235 170 106 84 228 49 70 215 67 183 128 52 50 30 190 104 50 30 190 104 192 154 20 112 50 30 190 104 233 180 19 221 134 46 29 128 50 30 190 104 50 30 190 104 67 183 128 52 67 183 128 52 4 253 18 44 14 198 83 159 125 238 91 96 29 233 12 172 97 145 190 30 67 183 128 52 194 148 169 117 120 189 102 249 104 244 153 16 154 84 217 220 
101 0 243 95 101 0 243 95 193 127 196 141 52 137 35 220 180 185 172 241 101 0 243 95 10 233 92 244 101 0 243 95 207 148 146 201 203 142 88 157 156 166 163 146 101 0 243 95 193 127 196 141 193 127 196 141 137 94 159 130 193 127 196 141 153 142 132 6 89 194 218 56 193 127 196 141 193 127 196 141 101 0 243 95 101 0 243 95 122 160 139 23 7 38 171 91 53 156 195 53 41 36 36 201 145 27 18 46 101 0 243 95 147 137 9 78 144 13 177 50 97 167 153 41 99 160 207 234 
193 147 68 13 193 147 68 13 193 94 236 221 73 102 49 182 123 115 207 5 193 147 68 13 212 44 66 242 193 147 68 13 172 206 203 21 33 243 224 102 67 203 65 213 193 147 68 13 193 94 236 221 193 94 236 221 85 224 4 211 193 94 236 221 222 199 27 201 127 138 215 3 193 94 236 221 193 94 236 221 193 147 68 13 193 147 68 13 211 225 238 224 225 124 159 97 17 184 233 227 241 65 90 142 228 253 44 146 193 147 68 13 97 36 27 167 152 121 73 101 152 117 188 65 253 118 216 103 
4 6 220 47 4 6 220 47 87 103 105 200 22 3 61 124 161 26 188 144 4 6 220 47 139 48 111 48 87 103 105 200 73 199 239 226 4 6 220 47 87 103 105 200 4 6 220 47 4 6 220 47 4 6 220 47 87 103 105 200 48 204 207 248 4 6 220 47 4 6 220 47 87 103 105 200 87 103 105 200 7 244 151 76 222 26 179 0 157 239 42 242 87 103 105 200 65 76 196 17 52 204 63 53 87 103 105 200 99 23 17 0 94 19 56 246 204 122 127 38 87 103 105 200 4 6 220 47 
50 30 190 104 50 30 190 104 67 183 128 52 251 131 191 96 39 9 174 242 50 30 190 104 177 227 19 6 67 183 128 52 184 119 73 23 50 30 190 104 67 183 128 52 50 30 190 104 50 30 190 104 50 30 190 104 67 183 128 52 105 13 254 228 50 30 190 104 50 30 190 104 67 183 128 52 67 183 128 52 97 149 15 170 173 224 52 39 204 204 198 109 67 183 128 52 226 88 189 216 153 177 129 142 67 183 128 52 98 85 251 2 253 20 20 143 101 219 228 214 67 183 128 52 50 30 190 104 
193 127 196 141 193 127 196 141 101 0 243 95 242 71 226 91 85 244 53 228 193 127 196 141 241 62 145 192 101 0 243 95 252 199 210 16 193 127 196 141 101 0 243 95 193 127 196 141 193 127 196 141 193 127 196 141 101 0 243 95 181 42 16 134 193 127 196 141 193 127 196 141 101 0 243 95 101 0 243 95 37 80 115 114 102 95 137 247 20 93 133 106 101 0 243 95 26 110 3 77 168 240 151 158 101 0 243 95 209 17 183 188 127 28 102 130 234 233 220 172 101 0 243 95 193 127 196 141 
193 94 236 221 193 94 236 221 193 147 68 13 69 67 245 26 234 210 246 227 193 94 236 221 47 240 121 187 193 147 68 13 6 223 147 96 193 94 236 221 193 147 68 13 193 94 236 221 193 94 236 221 193 94 236 221 193 147 68 13 124 150 109 210 193 94 236 221 193 94 236 221 193 147 68 13 193 147 68 13 90 185 15 255 254 142 246 202 247 53 35 108 193 147 68 13 34 92 199 167 75 61 84 192 193 147 68 13 152 150 11 165 28 122 242 77 124 145 59 167 193 147 68 13 193 94 236 221 
87 103 105 200 140 236 180 207 120 180 42 83 4 6 220 47 87 103 105 200 87 103 105 200 110 198 216 158 179 244 104 2 123 159 219 183 87 103 105 200 4 6 220 47 158 145 9 246 4 6 220 47 4 6 220 47 65 64 66 60 32 227 172 204 132 61 227 223 202 151 150 218 87 103 105 200 173 40 179 180 47 41 19 137 87 103 105 200 203 167 188 95 106 7 129 209 4 6 220 47 20 164 141 223 190 230 48 95 87 103 105 200 120 191 45 171 58 18 91 251 74 113 22 214 4 6 220 47 
67 183 128 52 223 164 87 217 67 238 224 252 50 30 190 104 67 183 128 52 67 183 128 52 109 128 107 101 152 160 237 10 11 198 131 202 67 183 128 52 50 30 190 104 178 74 146 220 50 30 190 104 50 30 190 104 171 44 42 27 68 197 16 69 146 52 45 80 45 195 123 139 67 183 128 52 219 76 160 16 22 143 32 238 67 183 128 52 77 197 139 251 36 217 129 85 50 30 190 104 30 220 74 194 2 81 91 32 67 183 128 52 51 87 173 222 95 87 80 158 132 128 168 154 50 30 190 104 
101 0 243 95 230 28 51 139 174 190 61 65 193 127 196 141 101 0 243 95 101 0 243 95 112 222 194 28 133 165 16 243 252 82 251 105 101 0 243 95 193 127 196 141 216 202 163 244 193 127 196 141 193 127 196 141 179 252 31 234 58 50 103 72 90 73 56 115 254 181 187 245 101 0 243 95 247 225 11 210 64 53 61 38 101 0 243 95 181 144 161 37 3 153 255 162 193 127 196 141 75 138 100 198 30 162 254 55 101 0 243 95 176 87 122 188 116 89 239 71 159 183 124 145 193 127 196 141 
193 147 68 13 28 138 110 147 169 119 35 227 193 94 236 221 193 147 68 13 193 147 68 13 248 23 242 34 139 147 32 184 58 51 76 185 193 147 68 13 193 94 236 221 52 122 41 90 193 94 236 221 193 94 236 221 191 207 133 98 153 74 143 249 249 12 232 37 219 60 228 225 193 147 68 13 43 83 101 159 163 87 156 84 193 147 68 13 177 94 80 48 125 81 106 77 193 94 236 221 188 222 159 201 194 240 16 161 193 147 68 13 201 61 214 145 47 32 120 43 98 7 29 230 193 94 236 221 
109 254 98 149 4 6 220 47 144 34 99 12 87 103 105 200 254 152 215 233 145 26 143 141 142 217 155 164 73 87 187 50 87 103 105 200 53 198 229 213 4 6 220 47 87 103 105 200 87 103 105 200 59 96 19 73 228 109 131 197 32 39 248 75 87 103 105 200 108 190 191 41 236 31 81 55 96 237 18 207 4 6 220 47 234 155 186 50 4 6 220 47 39 248 187 144 87 103 105 200 87 103 105 200 175 128 220 183 87 103 105 200 26 168 189 204 87 103 105 200 4 6 220 47 4 6 220 47 
91 215 59 77 50 30 190 104 243 131 218 191 67 183 128 52 24 36 206 229 175 60 53 192 137 238 202 188 125 44 194 141 67 183 128 52 32 242 210 42 50 30 190 104 67 183 128 52 67 183 128 52 42 43 234 132 103 7 110 100 22 128 109 237 67 183 128 52 223 18 235 46 176 127 154 186 81 246 206 131 50 30 190 104 73 40 10 160 50 30 190 104 242 129 224 180 67 183 128 52 67 183 128 52 160 5 64 68 67 183 128 52 69 249 32 147 67 183 128 52 50 30 190 104 50 30 190 104 
68 220 55 180 193 127 196 141 131 228 231 9 101 0 243 95 166 161 39 183 32 135 210 217 66 162 79 209 60 111 171 244 101 0 243 95 239 248 9 149 193 127 196 141 101 0 243 95 101 0 243 95 249 47 38 1 71 124 170 161 246 23 52 72 101 0 243 95 213 51 81 48 214 237 144 97 197 45 209 75 193 127 196 141 196 98 28 76 193 127 196 141 203 98 224 192 101 0 243 95 101 0 243 95 231 172 229 115 101 0 243 95 103 181 231 37 101 0 243 95 193 127 196 141 193 127 196 141 
75 80 34 24 193 94 236 221 8 108 47 44 193 147 68 13 53 151 168 134 184 4 40 23 151 255 172 115 49 225 31 119 193 147 68 13 195 244 182 207 193 94 236 221 193 147 68 13 193 147 68 13 11 153 198 152 59 149 108 194 165 101 110 38 193 147 68 13 5 187 141 242 40 237 162 21 123 120 178 217 193 94 236 221 213 213 8 78 193 94 236 221 9 30 240 253 193 147 68 13 193 147 68 13 156 6 18 111 193 147 68 13 197 141 39 250 193 147 68 13 193 94 236 221 193 94 236 221 
87 103 105 200 157 98 157 17 87 103 105 200 87 103 105 200 48 33 182 223 87 103 105 200 4 6 220 47 98 23 107 233 34 150 7 66 173 118 60 90 207 152 35 57 113 82 96 190 87 103 105 200 121 245 130 67 4 6 220 47 123 148 245 253 87 103 105 200 4 6 220 47 155 74 100 19 87 103 105 200 53 196 86 186 216 171 47 222 4 6 220 47 193 128 189 98 87 103 105 200 87 103 105 200 251 0 85 124 239 87 121 163 180 19 33 117 87 103 105 200 129 43 220 75 87 103 105 200 
67 183 128 52 241 171 153 43 67 183 128 52 67 183 128 52 102 130 131 9 67 183 128 52 50 30 190 104 158 21 138 118 117 26 146 130 36 194 179 45 202 31 230 60 181 209 59 240 67 183 128 52 167 47 161 158 50 30 190 104 142 61 173 215 67 183 128 52 50 30 190 104 74 254 94 200 67 183 128 52 236 158 100 167 146 115 147 12 50 30 190 104 196 227 173 8 67 183 128 52 67 183 128 52 252 16 156 147 73 224 164 166 214 104 43 6 67 183 128 52 154 64 233 197 67 183 128 52 
101 0 243 95 74 106 162 180 101 0 243 95 101 0 243 95 62 161 73 196 101 0 243 95 193 127 196 141 215 243 98 73 26 60 144 236 104 225 89 151 108 106 172 128 37 43 137 26 101 0 243 95 132 220 253 21 193 127 196 141 218 109 233 102 101 0 243 95 193 127 196 141 191 185 60 180 101 0 243 95 77 130 100 40 62 201 201 42 193 127 196 141 138 85 38 178 101 0 243 95 101 0 243 95 41 29 120 127 139 198 216 55 194 153 252 128 101 0 243 95 135 180 78 192 101 0 243 95 
193 147 68 13 233 141 68 244 193 147 68 13 193 147 68 13 218 14 206 162 193 147 68 13 193 94 236 221 54 255 121 161 121 251 54 254 28 121 40 103 36 153 17 202 65 43 174 175 193 147 68 13 70 114 148 147 193 94 236 221 192 153 122 190 193 147 68 13 193 94 236 221 47 248 46 53 193 147 68 13 140 157 212 231 72 22 35 210 193 94 236 221 205 54 183 193 193 147 68 13 193 147 68 13 251 2 157 63 76 76 210 6 69 253 68 66 193 147 68 13 111 120 179 159 193 147 68 13 
38 179 243 145 218 146 141 36 4 6 220 47 18 251 146 26 43 196 99 197 172 105 40 199 87 103 105 200 87 103 105 200 136 130 94 54 28 94 223 245 87 103 105 200 232 135 42 162 100 62 25 234 129 75 3 170 4 6 220 47 4 6 220 47 250 146 65 185 27 74 162 14 129 99 137 218 87 103 105 200 43 189 143 169 4 6 220 47 87 103 105 200 69 251 207 155 87 103 105 200 4 6 220 47 153 204 122 21 4 6 220 47 4 6 220 47 4 6 220 47 153 102 181 252 4 6 220 47 
22 49 159 242 34 174 163 85 50 30 190 104 249 22 231 3 230 125 7 150 201 111 181 9 67 183 128 52 67 183 128 52 187 147 84 202 144 117 135 151 67 183 128 52 106 101 47 241 30 110 251 149 253 144 52 181 50 30 190 104 50 30 190 104 6 61 113 232 24 121 79 163 10 244 40 226 67 183 128 52 51 197 25 172 50 30 190 104 67 183 128 52 70 197 33 8 67 183 128 52 50 30 190 104 38 58 225 73 50 30 190 104 50 30 190 104 50 30 190 104 255 157 63 41 50 30 190 104 
51 87 165 241 252 193 113 132 193 127 196 141 29 53 80 130 42 38 101 248 188 90 90 42 101 0 243 95 101 0 243 95 229 1 20 159 247 144 138 138 101 0 243 95 56 63 148 250 160 179 130 20 195 53 61 243 193 127 196 141 193 127 196 141 175 190 41 157 0 105 249 248 127 82 186 121 101 0 243 95 196 247 135 12 193 127 196 141 101 0 243 95 253 169 96 17 101 0 243 95 193 127 196 141 195 244 185 32 193 127 196 141 193 127 196 141 193 127 196 141 195 248 229 124 193 127 196 141 
30 204 84 87 10 142 11 103 193 94 236 221 229 167 25 152 29 189 182 118 173 74 218 198 193 147 68 13 193 147 68 13 192 99 167 221 163 251 89 56 193 147 68 13 121 72 109 175 117 207 53 125 44 120 158 172 193 94 236 221 193 94 236 221 231 85 85 231 218 198 69 199 225 205 116 77 193 147 68 13 192 238 132 162 193 94 236 221 193 147 68 13 141 112 242 194 193 147 68 13 193 94 236 221 43 7 189 98 193 94 236 221 193 94 236 221 193 94 236 221 226 182 226 123 193 94 236 221 
87 103 105 200 218 80 178 83 87 103 105 200 87 103 105 200 178 54 38 69 134 47 89 127 250 114 170 59 205 13 183 47 87 103 105 200 147 227 123 16 4 172 112 85 102 219 241 163 197 5 42 40 4 6 220 47 160 135 225 252 87 103 105 200 180 148 127 139 87 103 105 200 211 113 63 74 74 214 28 1 25 45 49 158 87 103 105 200 241 91 130 115 240 68 162 56 224 79 67 14 148 150 63 112 87 103 105 200 87 103 105 200 4 6 220 47 207 244 160 138 99 78 235 86 241 234 5 150 
67 183 128 52 81 210 147 96 67 183 128 52 67 183 128 52 14 26 115 147 105 33 7 186 175 25 208 245 171 169 81 1 67 183 128 52 184 7 172 72 143 119 241 0 192 69 28 225 192 33 122 116 50 30 190 104 157 146 85 78 67 183 128 52 181 111 71 2 67 183 128 52 39 29 211 174 215 239 225 99 32 176 10 92 67 183 128 52 144 179 254 113 12 22 107 39 143 33 175 191 2 204 34 3 67 183 128 52 67 183 128 52 50 30 190 104 126 249 249 91 19 82 193 33 198 202 251 112 
101 0 243 95 211 11 132 62 101 0 243 95 101 0 243 95 202 169 245 50 17 173 4 204 156 9 115 42 123 13 166 168 101 0 243 95 216 75 185 120 42 93 96 237 125 73 48 63 179 53 45 168 193 127 196 141 184 172 110 150 101 0 243 95 139 164 156 157 101 0 243 95 24 137 28 237 252 207 72 93 222 143 88 86 101 0 243 95 19 114 231 215 136 21 123 225 247 237 236 141 135 235 134 83 101 0 243 95 101 0 243 95 193 127 196 141 20 180 44 126 39 197 195 50 59 223 63 62 
193 147 68 13 253 133 16 218 193 147 68 13 193 147 68 13 81 198 56 181 118 249 184 55 235 203 152 145 196 228 193 116 193 147 68 13 194 148 137 152 139 94 61 17 155 246 128 56 157 16 64 241 193 94 236 221 193 53 130 80 193 147 68 13 105 157 36 112 193 147 68 13 93 179 182 138 37 245 181 48 147 45 94 21 193 147 68 13 241 166 60 121 206 181 96 171 33 190 119 15 31 154 125 173 193 147 68 13 193 147 68 13 193 94 236 221 90 3 35 178 209 1 230 245 165 98 127 209 
91 214 11 122 87 103 105 200 16 45 34 158 87 103 105 200 127 92 226 254 31 78 209 206 45 42 122 187 4 56 224 220 142 160 239 178 165 25 211 138 87 103 105 200 4 6 220 47 126 153 125 39 47 146 43 208 104 108 174 133 77 32 248 125 87 103 105 200 136 17 199 53 87 103 105 200 78 217 206 246 4 6 220 47 4 6 220 47 4 6 220 47 87 103 105 200 87 103 105 200 230 220 87 130 87 103 105 200 4 6 220 47 48 12 1 214 4 6 220 47 4 6 220 47 102 57 121 175 
250 111 99 102 67 183 128 52 183 226 123 127 67 183 128 52 181 7 2 61 17 26 121 105 108 171 254 132 12 175 30 135 193 96 231 161 150 216 240 23 67 183 128 52 50 30 190 104 91 204 87 32 51 239 146 254 65 220 180 115 89 242 24 155 67 183 128 52 189 227 180 183 67 183 128 52 94 247 111 236 50 30 190 104 50 30 190 104 50 30 190 104 67 183 128 52 67 183 128 52 214 237 8 39 67 183 128 52 50 30 190 104 138 215 180 42 50 30 190 104 50 30 190 104 113 157 174 76 
231 175 72 183 101 0 243 95 213 195 8 30 101 0 243 95 71 107 54 222 216 121 52 120 32 52 205 153 57 121 177 149 158 183 129 240 127 111 181 179 101 0 243 95 193 127 196 141 134 91 9 85 6 110 62 242 58 206 138 200 13 111 83 250 101 0 243 95 106 34 48 200 101 0 243 95 114 94 223 30 193 127 196 141 193 127 196 141 193 127 196 141 101 0 243 95 101 0 243 95 224 159 154 118 101 0 243 95 193 127 196 141 169 41 247 241 193 127 196 141 193 127 196 141 197 149 240 38 
180 46 217 69 193 147 68 13 243 72 250 8 193 147 68 13 16 111 173 214 96 147 252 47 25 96 162 19 225 37 108 151 6 169 107 179 202 165 87 194 193 147 68 13 193 94 236 221 15 169 174 169 39 111 217 89 25 49 127 127 190 235 141 22 193 147 68 13 78 84 191 3 193 147 68 13 79 254 246 169 193 94 236 221 193 94 236 221 193 94 236 221 193 147 68 13 193 147 68 13 72 178 181 241 193 147 68 13 193 94 236 221 200 185 248 207 193 94 236 221 193 94 236 221 186 56 6 13 
87 103 105 200 8 10 210 148 172 214 3 245 87 103 105 200 43 67 30 35 0 132 188 179 4 6 220 47 202 188 102 14 4 6 220 47 87 103 105 200 198 205 130 145 117 230 7 100 163 19 90 23 4 6 220 47 4 6 220 47 128 155 32 9 134 197 16 61 87 103 105 200 4 6 220 47 15 57 221 168 87 103 105 200 87 103 105 200 43 44 28 161 160 135 164 29 222 192 0 155 12 20 91 118 87 103 105 200 141 81 136 219 87 103 105 200 54 113 122 189 4 6 220 47 30 101 203 5 
67 183 128 52 171 171 126 161 65 180 49 19 67 183 128 52 218 71 161 132 119 42 210 155 50 30 190 104 58 235 103 254 50 30 190 104 67 183 128 52 32 27 126 142 171 176 175 92 57 9 154 244 50 30 190 104 50 30 190 104 9 51 151 78 222 142 41 150 67 183 128 52 50 30 190 104 240 86 23 151 67 183 128 52 67 183 128 52 190 211 156 20 221 154 112 158 120 112 129 189 141 117 227 58 67 183 128 52 13 244 92 107 67 183 128 52 186 171 210 1 50 30 190 104 187 137 104 161 
101 0 243 95 150 37 151 124 126 134 221 1 101 0 243 95 216 73 65 131 57 103 230 230 193 127 196 141 152 244 54 41 193 127 196 141 101 0 243 95 194 109 89 55 223 80 186 65 227 115 16 236 193 127 196 141 193 127 196 141 101 73 198 209 141 73 241 46 101 0 243 95 193 127 196 141 104 248 110 202 101 0 243 95 101 0 243 95 176 72 51 154 226 69 214 5 135 21 204 4 119 129 64 141 101 0 243 95 71 16 132 151 101 0 243 95 163 135 83 232 193 127 196 141 129 47 181 89 
193 147 68 13 125 134 31 104 202 134 137 157 193 147 68 13 217 238 115 14 188 84 180 200 193 94 236 221 138 150 232 216 193 94 236 221 193 147 68 13 165 234 66 143 22 103 12 59 185 161 160 193 193 94 236 221 193 94 236 221 17 82 50 191 188 158 171 51 193 147 68 13 193 94 236 221 147 106 13 243 193 147 68 13 193 147 68 13 208 189 12 91 20 167 202 35 166 76 93 162 155 46 191 106 193 147 68 13 2 228 117 150 193 147 68 13 168 87 195 216 193 94 236 221 198 174 192 22 
87 103 105 200 121 189 119 23 25 105 68 32 68 32 80 225 31 103 109 44 144 21 116 218 38 131 56 112 68 243 220 177 4 6 220 47 111 57 211 91 203 101 227 230 42 100 20 231 4 6 220 47 90 232 46 28 241 202 224 117 156 237 95 83 143 92 34 147 38 129 210 196 213 90 29 0 4 6 220 47 87 103 105 200 241 210 225 109 127 189 254 224 18 156 84 23 173 135 4 252 4 6 220 47 4 6 220 47 208 4 33 154 9 76 20 139 16 200 211 151 87 103 105 200 4 6 220 47 
67 183 128 52 59 0 192 253 228 61 247 99 73 8 99 65 126 87 114 29 40 73 99 49 143 242 254 206 68 240 109 44 50 30 190 104 25 221 73 93 200 186 138 62 242 68 92 62 50 30 190 104 24 98 173 126 43 111 17 250 238 221 73 110 148 190 77 76 94 6 16 244 66 23 204 101 50 30 190 104 67 183 128 52 13 241 49 216 242 83 34 122 81 49 83 170 176 184 58 230 50 30 190 104 50 30 190 104 55 224 178 119 45 218 181 123 38 14 185 121 67 183 128 52 50 30 190 104 
101 0 243 95 226 119 26 111 152 106 124 22 17 173 195 52 165 215 144 213 175 55 200 112 221 112 69 145 113 87 23 52 193 127 196 141 150 72 103 185 165 125 253 7 122 236 79 50 193 127 196 141 115 102 138 68 232 85 60 32 251 189 115 152 177 35 10 106 10 80 43 117 183 56 208 43 193 127 196 141 101 0 243 95 34 244 18 238 97 98 247 122 66 48 30 95 101 230 61 13 193 127 196 141 193 127 196 141 16 229 57 186 1 232 92 38 174 212 44 214 101 0 243 95 193 127 196 141 
193 147 68 13 47 248 174 24 151 176 2 7 33 34 39 208 198 79 5 23 89 168 197 13 139 248 24 61 88 27 0 33 193 94 236 221 240 191 9 57 97 6 210 123 250 81 19 227 193 94 236 221 206 132 218 30 20 224 119 36 226 201 187 1 136 138 216 198 59 226 7 11 247 146 15 234 193 94 236 221 193 147 68 13 201 199 152 29 51 42 219 124 189 57 173 98 56 109 149 101 193 94 236 221 193 94 236 221 162 115 55 38 214 19 30 1 36 107 45 124 193 147 68 13 193 94 236 221 
62 184 115 0 4 6 220 47 4 6 220 47 4 6 220 47 115 168 74 126 11 45 182 41 83 78 15 146 52 204 18 239 226 203 186 202 87 103 105 200 49 151 202 111 66 50 179 90 87 103 105 200 163 33 116 65 87 103 105 200 4 6 220 47 160 20 11 112 242 74 235 94 95 210 141 162 72 130 98 173 4 6 220 47 4 6 220 47 87 103 105 200 87 103 105 200 122 27 2 29 65 28 254 205 4 6 220 47 87 103 105 200 130 2 43 27 144 176 145 11 216 67 41 248 28 173 201 11 
225 240 40 243 50 30 190 104 50 30 190 104 50 30 190 104 169 62 186 156 169 16 156 146 103 130 99 175 187 207 253 195 214 176 78 15 67 183 128 52 169 50 169 218 28 128 19 68 67 183 128 52 124 138 182 4 67 183 128 52 50 30 190 104 59 64 2 51 114 9 209 225 150 253 70 146 238 84 13 94 50 30 190 104 50 30 190 104 67 183 128 52 67 183 128 52 69 87 165 243 80 252 206 171 50 30 190 104 67 183 128 52 231 201 88 73 30 114 66 129 219 107 171 184 118 55 137 129 
8 16 234 2 193 127 196 141 193 127 196 141 193 127 196 141 235 143 178 73 207 89 21 200 119 193 104 148 57 207 104 249 112 19 206 56 101 0 243 95 32 102 242 152 165 65 120 46 101 0 243 95 142 195 254 36 101 0 243 95 193 127 196 141 142 103 153 34 25 180 138 238 26 47 136 228 189 215 189 228 193 127 196 141 193 127 196 141 101 0 243 95 101 0 243 95 255 196 169 31 34 25 157 24 193 127 196 141 101 0 243 95 137 120 214 109 250 47 222 255 206 4 109 231 15 120 133 145 
35 111 241 10 193 94 236 221 193 94 236 221 193 94 236 221 214 228 207 253 253 178 24 143 21 27 142 253 184 152 203 138 165 110 110 82 193 147 68 13 20 233 13 217 241 70 21 78 193 147 68 13 158 15 234 33 193 147 68 13 193 94 236 221 52 207 49 209 189 82 156 142 191 31 87 93 21 20 144 115 193 94 236 221 193 94 236 221 193 147 68 13 193 147 68 13 46 153 238 21 254 200 70 121 193 94 236 221 193 147 68 13 254 23 190 16 3 157 37 21 164 194 152 154 61 108 90 24 
38 212 48 15 109 204 59 109 87 103 105 200 87 103 105 200 4 6 220 47 230 246 46 183 4 6 220 47 172 12 46 35 87 103 105 200 228 9 43 71 4 6 220 47 255 204 182 245 51 92 197 189 4 6 220 47 28 84 9 41 172 89 173 16 195 255 163 190 87 103 105 200 6 155 236 224 87 103 105 200 92 243 48 23 4 6 220 47 4 6 220 47 107 153 30 205 183 133 227 172 4 6 220 47 4 6 220 47 87 103 105 200 145 64 13 181 165 159 7 89 4 6 220 47 87 103 105 200 
255 107 174 247 228 249 140 199 67 183 128 52 67 183 128 52 50 30 190 104 23 164 88 245 50 30 190 104 33 21 230 98 67 183 128 52 152 11 79 66 50 30 190 104 25 145 43 166 85 187 22 52 50 30 190 104 161 188 187 167 128 173 192 170 201 37 97 226 67 183 128 52 212 147 155 126 67 183 128 52 52 134 31 14 50 30 190 104 50 30 190 104 227 8 226 34 236 119 248 166 50 30 190 104 50 30 190 104 67 183 128 52 126 67 137 94 241 124 159 130 50 30 190 104 67 183 128 52 
182 31 181 110 250 153 60 63 101 0 243 95 101 0 243 95 193 127 196 141 4 130 22 36 193 127 196 141 39 120 109 82 101 0 243 95 225 91 107 221 193 127 196 141 70 134 210 21 137 192 224 223 193 127 196 141 5 125 162 147 48 246 230 144 117 255 0 245 101 0 243 95 218 143 67 19 101 0 243 95 87 136 235 133 193 127 196 141 193 127 196 141 161 141 53 168 7 173 120 152 193 127 196 141 193 127 196 141 101 0 243 95 241 39 236 50 40 117 53 58 193 127 196 141 101 0 243 95 
140 189 86 137 90 163 220 192 193 147 68 13 193 147 68 13 193 94 236 221 249 181 154 42 193 94 236 221 21 199 194 254 193 147 68 13 232 238 5 195 193 94 236 221 232 183 103 66 201 75 128 129 193 94 236 221 171 111 88 42 134 118 81 49 0 4 101 40 193 147 68 13 38 217 170 229 193 147 68 13 35 22 103 25 193 94 236 221 193 94 236 221 46 182 189 128 155 144 132 148 193 94 236 221 193 94 236 221 193 147 68 13 161 106 174 131 249 76 143 104 193 94 236 221 193 147 68 13 
4 6 220 47 4 6 220 47 30 52 111 201 4 6 220 47 191 23 98 78 19 82 163 203 4 6 220 47 11 245 216 23 62 186 104 136 248 245 231 119 87 103 105 200 248 193 29 178 169 252 226 79 141 129 232 216 202 1 115 123 177 32 119 224 4 6 220 47 180 165 188 142 0 152 100 66 79 165 207 179 116 44 3 180 76 66 209 19 239 82 35 57 132 127 212 194 4 6 220 47 152 223 20 242 242 175 125 38 122 224 159 38 87 103 105 200 15 246 124 53 87 103 105 200 156 59 82 46 
50 30 190 104 50 30 190 104 213 69 179 147 50 30 190 104 248 17 55 74 178 184 157 206 50 30 190 104 200 114 203 12 223 229 105 220 165 149 153 22 67 183 128 52 113 241 142 195 25 44 95 171 242 169 243 66 161 42 173 47 251 112 153 99 50 30 190 104 82 102 130 244 208 185 119 123 49 98 209 45 216 109 190 223 21 236 50 245 93 112 250 23 78 239 3 59 50 30 190 104 138 161 223 117 213 84 229 117 133 33 173 206 67 183 128 52 250 176 106 86 67 183 128 52 121 120 211 108 
193 127 196 141 193 127 196 141 150 192 42 31 193 127 196 141 200 90 131 149 122 4 168 172 193 127 196 141 91 217 30 189 254 204 2 174 17 39 104 52 101 0 243 95 72 111 202 213 244 239 45 242 51 255 209 79 98 173 35 174 48 82 5 200 193 127 196 141 137 179 145 89 157 188 240 196 41 112 111 166 128 4 11 183 171 75 127 60 77 49 241 85 92 131 6 169 193 127 196 141 212 37 235 8 29 75 250 163 189 143 216 218 101 0 243 95 69 69 140 246 101 0 243 95 70 197 154 24 
193 94 236 221 193 94 236 221 130 18 95 170 193 94 236 221 238 84 96 238 160 87 175 154 193 94 236 221 119 255 70 36 107 73 151 204 94 202 63 193 193 147 68 13 250 127 38 207 92 10 113 178 5 193 121 94 93 90 61 179 59 89 90 168 193 94 236 221 55 193 195 221 8 51 179 93 249 81 7 176 125 155 27 186 146 82 139 81 129 100 168 70 35 118 0 150 193 94 236 221 233 131 61 240 180 51 196 16 204 66 207 19 193 147 68 13 73 141 91 7 193 147 68 13 252 98 203 43 
224 235 101 240 87 103 105 200 219 41 178 89 244 34 21 205 71 32 196 129 87 103 105 200 59 84 186 255 87 103 105 200 109 217 243 22 87 91 64 118 87 103 105 200 133 6 230 26 153 253 251 234 251 70 139 8 203 80 203 113 87 103 105 200 87 103 105 200 87 103 105 200 47 46 254 108 4 6 220 47 125 198 142 107 38 195 187 249 4 6 220 47 52 227 168 107 87 103 105 200 4 6 220 47 63 232 86 115 87 103 105 200 87 103 105 200 4 6 220 47 87 103 105 200 92 240 152 197 
190 145 230 83 67 183 128 52 138 131 229 149 14 247 110 90 140 188 36 34 67 183 128 52 223 31 232 241 67 183 128 52 241 255 147 76 28 134 187 3 67 183 128 52 84 59 28 47 110 167 247 120 39 148 247 87 248 130 130 91 67 183 128 52 67 183 128 52 67 183 128 52 83 117 204 235 50 30 190 104 8 51 64 118 215 15 211 167 50 30 190 104 175 33 173 35 67 183 128 52 50 30 190 104 247 47 60 176 67 183 128 52 67 183 128 52 50 30 190 104 67 183 128 52 186 47 113 183 
17 96 60 88 101 0 243 95 24 48 139 244 158 216 122 177 167 18 42 198 101 0 243 95 121 95 16 50 101 0 243 95 72 207 195 165 215 39 68 4 101 0 243 95 125 93 93 170 45 62 225 81 159 235 64 141 18 6 126 145 101 0 243 95 101 0 243 95 101 0 243 95 33 82 247 15 193 127 196 141 104 2 184 75 27 66 31 241 193 127 196 141 6 4 146 213 101 0 243 95 193 127 196 141 229 135 177 51 101 0 243 95 101 0 243 95 193 127 196 141 101 0 243 95 20 240 91 105 
114 121 49 155 193 147 68 13 54 35 187 59 95 8 142 34 69 73 67 151 193 147 68 13 145 33 95 180 193 147 68 13 201 128 247 120 14 215 161 191 193 147 68 13 105 112 9 72 125 235 204 248 56 119 27 242 91 96 243 240 193 147 68 13 193 147 68 13 193 147 68 13 105 94 188 83 193 94 236 221 146 11 173 231 175 216 153 62 193 94 236 221 101 171 71 70 193 147 68 13 193 94 236 221 105 233 190 139 193 147 68 13 193 147 68 13 193 94 236 221 193 147 68 13 152 156 155 154 
187 213 206 194 162 233 184 33 59 228 20 221 4 6 220 47 129 203 90 21 75 210 116 156 103 29 209 71 4 6 220 47 4 6 220 47 204 34 177 30 87 103 105 200 160 93 173 175 4 6 220 47 87 103 105 200 204 224 209 93 177 64 155 228 234 155 186 50 4 6 220 47 87 103 105 200 4 6 220 47 230 106 165 141 156 81 198 226 25 46 119 170 135 68 251 0 93 142 3 225 1 237 174 110 75 41 134 39 4 6 220 47 4 6 220 47 83 247 155 13 87 103 105 200 4 6 220 47 
196 145 188 177 123 5 160 229 49 76 121 48 50 30 190 104 213 25 83 171 223 224 89 88 103 227 38 120 50 30 190 104 50 30 190 104 205 125 135 181 67 183 128 52 226 70 190 46 50 30 190 104 67 183 128 52 42 155 242 215 149 95 46 112 73 40 10 160 50 30 190 104 67 183 128 52 50 30 190 104 239 162 7 218 71 168 116 76 163 218 219 190 98 62 229 95 176 150 65 135 223 18 100 154 138 122 1 40 50 30 190 104 50 30 190 104 238 35 184 243 67 183 128 52 50 30 190 104 
85 90 112 183 232 159 101 200 219 150 29 144 193 127 196 141 246 3 238 15 181 179 139 247 190 181 143 147 193 127 196 141 193 127 196 141 187 42 203 119 101 0 243 95 4 251 60 109 193 127 196 141 101 0 243 95 31 77 149 206 129 191 55 255 196 98 28 76 193 127 196 141 101 0 243 95 193 127 196 141 31 45 254 42 13 4 90 108 27 160 104 200 58 125 76 166 22 231 179 211 253 193 245 66 186 64 188 156 193 127 196 141 193 127 196 141 66 1 185 196 101 0 243 95 193 127 196 141 
89 223 163 205 115 253 199 117 238 151 255 6 193 94 236 221 101 234 219 78 27 113 37 254 252 101 142 97 193 94 236 221 193 94 236 221 56 159 29 94 193 147 68 13 25 51 49 138 193 94 236 221 193 147 68 13 245 11 44 101 39 0 101 253 213 213 8 78 193 94 236 221 193 147 68 13 193 94 236 221 96 109 148 119 24 195 71 246 65 21 244 40 32 122 121 238 44 83 109 158 134 238 57 199 11 133 236 68 193 94 236 221 193 94 236 221 160 124 149 38 193 147 68 13 193 94 236 221 
87 103 105 200 4 6 220 47 244 126 63 136 169 251 146 194 98 207 94 1 100 150 245 211 208 156 137 252 111 35 7 108 222 175 127 192 4 6 220 47 192 214 195 154 35 11 125 50 4 6 220 47 80 202 206 8 9 150 149 126 142 12 97 73 39 253 74 224 145 23 47 48 4 6 220 47 4 6 220 47 208 136 134 203 5 170 230 183 87 103 105 200 67 137 173 116 137 247 198 210 137 20 24 174 87 103 105 200 4 6 220 47 105 251 90 242 4 6 220 47 87 103 105 200 4 6 220 47 
67 183 128 52 50 30 190 104 53 225 114 166 111 16 19 102 206 224 65 109 237 142 168 124 194 210 74 198 55 38 228 90 48 84 165 85 50 30 190 104 149 25 1 188 245 168 101 209 50 30 190 104 150 45 136 87 223 200 171 60 211 100 179 126 17 175 50 171 138 3 74 246 50 30 190 104 50 30 190 104 98 80 230 178 168 95 195 184 67 183 128 52 28 108 23 254 121 113 1 249 68 103 68 42 67 183 128 52 50 30 190 104 237 196 174 85 50 30 190 104 67 183 128 52 50 30 190 104 
101 0 243 95 193 127 196 141 201 212 58 188 193 140 208 243 7 14 9 228 117 240 203 185 61 240 12 138 197 251 236 80 168 46 174 120 193 127 196 141 230 27 227 134 22 30 91 230 193 127 196 141 158 40 48 6 12 178 217 231 129 115 32 140 245 20 30 230 166 19 244 148 193 127 196 141 193 127 196 141 176 103 175 103 133 168 146 130 101 0 243 95 118 163 118 199 177 21 14 198 96 234 180 235 101 0 243 95 193 127 196 141 123 132 96 75 193 127 196 141 101 0 243 95 193 127 196 141 
193 147 68 13 193 94 236 221 147 73 141 81 192 217 99 56 19 159 15 191 67 59 100 183 80 125 132 27 150 193 89 38 167 76 46 157 193 94 236 221 249 102 132 55 13 18 78 64 193 94 236 221 116 206 24 251 40 68 141 148 30 92 143 145 58 204 217 84 229 24 99 148 193 94 236 221 193 94 236 221 221 0 221 172 48 152 9 87 193 147 68 13 112 240 22 82 66 171 17 96 84 100 233 77 193 147 68 13 193 94 236 221 251 107 150 255 193 94 236 221 193 147 68 13 193 94 236 221 
87 103 105 200 87 103 105 200 95 122 169 253 249 210 140 59 37 71 173 19 18 149 173 205 4 6 220 47 87 103 105 200 63 196 147 166 27 63 136 141 14 95 213 132 17 27 126 168 4 6 220 47 4 6 220 47 6 121 108 106 4 6 220 47 242 77 83 220 53 222 218 207 77 13 82 181 4 6 220 47 87 103 105 200 60 161 177 13 47 134 134 86 138 134 141 39 87 103 105 200 4 6 220 47 4 6 220 47 156 227 153 62 182 54 137 254 237 11 74 88 119 142 185 66 234 208 245 3 
67 183 128 52 67 183 128 52 114 176 147 77 93 255 54 215 172 239 129 111 221 22 231 185 50 30 190 104 67 183 128 52 226 99 103 45 246 31 18 219 200 96 54 9 191 33 161 255 50 30 190 104 50 30 190 104 196 24 53 239 50 30 190 104 146 226 129 6 190 140 213 109 37 94 181 168 50 30 190 104 67 183 128 52 116 36 230 213 26 0 22 160 176 247 113 31 67 183 128 52 50 30 190 104 50 30 190 104 106 243 143 114 131 141 101 189 140 29 234 246 249 15 183 216 226 37 71 169 
101 0 243 95 101 0 243 95 78 132 191 150 27 173 209 112 184 98 218 17 91 146 130 193 193 127 196 141 101 0 243 95 198 76 108 158 151 180 236 160 84 114 197 163 85 225 154 83 193 127 196 141 193 127 196 141 147 4 155 163 193 127 196 141 101 87 173 202 189 111 232 143 128 92 159 251 193 127 196 141 101 0 243 95 227 213 177 222 30 40 22 226 122 198 155 73 101 0 243 95 193 127 196 141 193 127 196 141 163 197 185 144 69 167 229 241 193 193 66 175 95 77 37 87 219 28 206 241 
193 147 68 13 193 147 68 13 201 197 202 12 82 68 9 118 202 3 30 232 102 98 211 148 193 94 236 221 193 147 68 13 72 41 149 64 9 46 123 32 252 85 63 226 144 12 154 169 193 94 236 221 193 94 236 221 170 5 28 177 193 94 236 221 221 218 33 164 250 193 34 24 236 119 93 73 193 94 236 221 193 147 68 13 248 124 24 23 155 102 252 92 143 195 241 52 193 147 68 13 193 94 236 221 193 94 236 221 224 74 3 51 182 32 190 80 68 94 90 211 177 93 148 123 240 138 215 179 
17 83 94 158 212 65 26 235 228 220 45 137 206 13 230 188 60 82 111 195 218 79 109 101 72 233 124 22 87 103 105 200 4 6 220 47 5 173 25 84 93 247 250 243 4 6 220 47 4 6 220 47 4 6 220 47 164 181 161 232 182 203 82 226 9 252 133 108 208 12 176 74 48 155 214 56 87 103 105 200 87 103 105 200 4 6 220 47 252 224 164 172 87 103 105 200 126 51 148 234 4 6 220 47 27 150 139 34 138 9 206 89 4 6 220 47 37 35 236 4 104 235 253 109 4 6 220 47 
205 182 92 78 108 63 125 248 118 129 202 158 195 30 135 55 143 119 27 109 241 101 59 140 209 157 200 117 67 183 128 52 50 30 190 104 113 194 235 237 132 228 210 71 50 30 190 104 50 30 190 104 50 30 190 104 185 144 100 3 234 225 110 94 93 34 92 152 43 44 168 45 74 149 245 114 67 183 128 52 67 183 128 52 50 30 190 104 132 33 184 202 67 183 128 52 246 151 0 101 50 30 190 104 134 230 215 255 42 244 25 202 50 30 190 104 21 180 239 107 183 24 63 154 50 30 190 104 
24 120 220 173 42 189 66 124 91 198 13 17 197 208 7 46 187 4 87 248 65 75 146 41 186 18 88 101 101 0 243 95 193 127 196 141 245 233 187 159 244 91 115 78 193 127 196 141 193 127 196 141 193 127 196 141 201 156 195 61 217 26 111 56 44 225 2 83 125 165 189 23 78 247 202 168 101 0 243 95 101 0 243 95 193 127 196 141 254 41 183 155 101 0 243 95 96 65 25 102 193 127 196 141 7 11 162 24 78 128 245 143 193 127 196 141 160 209 103 12 130 218 85 205 193 127 196 141 
113 134 177 254 51 32 175 134 117 233 251 61 165 135 12 28 81 139 202 90 166 20 94 149 85 44 14 42 193 147 68 13 193 94 236 221 90 211 67 147 242 26 40 139 193 94 236 221 193 94 236 221 193 94 236 221 42 85 224 254 79 139 69 168 219 74 3 154 95 159 183 180 251 33 94 136 193 147 68 13 193 147 68 13 193 94 236 221 6 32 47 120 193 147 68 13 193 13 153 242 193 94 236 221 156 193 86 123 112 176 236 37 193 94 236 221 39 123 139 124 71 229 170 114 193 94 236 221 
