87 103 105 200 4 6 220 47 87 103 105 200 177 91 202 59 87 103 105 200 87 103 105 200 107 222 110 47 87 103 105 200 32 192 220 99 87 103 105 200 4 6 220 47 69 141 223 168 4 6 220 47 212 125 228 185 149 62 27 45 18 212 22 175 182 145 236 254 4 6 220 47 87 103 105 200 16 2 106 96 62 108 19 207 87 103 105 200 22 223 220 214 87 103 105 200 4 6 220 47 110 214 44 253 23 230 142 229 87 103 105 200 111 134 147 81 243 220 45 172 41 158 139 10 179 1 167 58 
67 183 128 52 50 30 190 104 67 183 128 52 6 133 202 128 67 183 128 52 67 183 128 52 160 157 159 225 67 183 128 52 148 133 133 92 67 183 128 52 50 30 190 104 187 235 57 155 50 30 190 104 252 8 118 90 114 219 230 226 195 73 0 32 238 168 111 201 50 30 190 104 67 183 128 52 225 68 162 165 210 254 92 14 67 183 128 52 92 242 199 93 67 183 128 52 50 30 190 104 76 239 91 180 114 229 97 182 67 183 128 52 18 128 110 54 201 250 156 163 231 244 70 104 89 200 93 74 
101 0 243 95 193 127 196 141 101 0 243 95 16 247 254 92 101 0 243 95 101 0 243 95 73 140 112 158 101 0 243 95 239 18 225 57 101 0 243 95 193 127 196 141 87 254 153 136 193 127 196 141 200 74 144 71 18 231 0 72 66 125 99 66 190 32 134 103 193 127 196 141 101 0 243 95 76 208 145 5 46 50 116 228 101 0 243 95 199 121 46 45 101 0 243 95 193 127 196 141 214 122 133 48 128 30 252 101 101 0 243 95 182 99 52 182 14 252 250 125 182 141 146 133 98 6 173 120 
193 147 68 13 193 94 236 221 193 147 68 13 65 35 2 183 193 147 68 13 193 147 68 13 188 231 116 109 193 147 68 13 137 174 216 96 193 147 68 13 193 94 236 221 198 75 68 197 193 94 236 221 117 165 51 155 222 34 226 155 146 30 18 241 97 103 213 167 193 94 236 221 193 147 68 13 193 175 120 240 88 113 18 9 193 147 68 13 122 252 192 201 193 147 68 13 193 94 236 221 45 3 153 25 189 29 241 70 193 147 68 13 22 102 145 79 16 1 178 66 67 198 62 210 62 239 57 15 
90 92 4 82 217 182 248 171 4 6 220 47 87 103 105 200 11 225 143 189 127 25 105 113 23 249 205 254 110 4 129 8 87 103 105 200 119 131 47 46 4 6 220 47 87 103 105 200 15 200 135 47 166 154 85 120 147 91 77 255 252 191 144 10 87 103 105 200 9 169 188 66 4 6 220 47 77 188 85 90 166 131 118 157 4 6 220 47 4 6 220 47 198 223 3 44 84 140 92 204 87 103 105 200 141 153 60 44 123 40 188 162 251 181 133 4 87 103 105 200 47 40 172 117 122 144 210 17 
54 55 221 50 223 137 9 178 50 30 190 104 67 183 128 52 27 59 89 193 68 124 151 148 212 137 141 101 170 158 135 143 67 183 128 52 212 30 156 79 50 30 190 104 67 183 128 52 12 217 89 127 141 54 8 80 2 165 9 183 250 233 36 15 67 183 128 52 193 240 117 2 50 30 190 104 233 68 229 173 230 110 16 235 50 30 190 104 50 30 190 104 111 160 202 59 93 78 65 173 67 183 128 52 54 219 31 11 26 253 189 123 193 0 254 198 67 183 128 52 157 45 78 147 11 187 7 153 
114 233 23 186 188 38 40 134 193 127 196 141 101 0 243 95 151 102 57 236 30 175 212 32 35 190 34 141 15 121 149 160 101 0 243 95 144 37 150 127 193 127 196 141 101 0 243 95 209 251 185 188 255 223 4 58 60 77 1 113 179 75 250 68 101 0 243 95 234 198 128 137 193 127 196 141 152 182 51 179 17 54 244 90 193 127 196 141 193 127 196 141 31 88 67 234 238 7 16 35 101 0 243 95 118 183 90 173 125 24 252 199 34 163 105 236 101 0 243 95 90 121 114 128 7 37 252 8 
137 48 226 126 234 106 120 129 193 94 236 221 193 147 68 13 97 61 93 80 106 249 233 165 238 54 90 78 39 60 49 120 193 147 68 13 74 21 5 78 193 94 236 221 193 147 68 13 66 57 240 134 134 246 134 202 21 255 19 237 13 44 175 48 193 147 68 13 156 65 100 109 193 94 236 221 111 120 110 185 64 196 121 89 193 94 236 221 193 94 236 221 9 95 55 26 238 239 153 13 193 147 68 13 115 9 19 0 235 130 43 82 170 174 245 144 193 147 68 13 141 75 158 77 91 232 197 95 
87 103 105 200 4 6 220 47 238 19 74 114 87 103 105 200 20 199 58 84 244 180 135 56 4 6 220 47 4 6 220 47 123 158 121 223 213 86 90 82 101 192 7 169 4 6 220 47 87 103 105 200 48 18 25 35 184 194 148 68 16 115 211 79 145 214 70 73 4 6 220 47 46 38 214 33 128 141 53 80 136 16 182 6 188 105 14 109 188 234 58 50 4 6 220 47 87 103 105 200 87 103 105 200 118 249 113 144 4 6 220 47 89 17 99 65 153 89 232 33 45 155 37 209 87 103 105 200 
67 183 128 52 50 30 190 104 250 159 88 85 67 183 128 52 192 7 36 113 197 183 27 9 50 30 190 104 50 30 190 104 12 216 219 86 66 160 20 139 43 71 123 198 50 30 190 104 67 183 128 52 49 29 20 184 186 16 245 101 242 248 135 79 163 210 187 227 50 30 190 104 9 83 92 216 70 93 125 223 223 201 127 201 242 192 68 116 152 107 153 222 50 30 190 104 67 183 128 52 67 183 128 52 16 62 240 239 50 30 190 104 210 95 215 116 1 107 242 51 169 26 255 113 67 183 128 52 
101 0 243 95 193 127 196 141 62 10 245 177 101 0 243 95 254 212 252 9 137 246 219 101 193 127 196 141 193 127 196 141 128 250 150 51 12 195 239 25 167 231 123 223 193 127 196 141 101 0 243 95 164 215 5 43 149 77 89 75 106 134 62 94 159 218 248 249 193 127 196 141 96 2 9 92 33 99 149 196 244 227 244 2 218 179 146 149 0 249 81 243 193 127 196 141 101 0 243 95 101 0 243 95 153 218 96 24 193 127 196 141 64 96 38 226 118 165 124 50 7 124 236 90 101 0 243 95 
193 147 68 13 193 94 236 221 74 94 36 114 193 147 68 13 134 179 1 241 34 98 120 221 193 94 236 221 193 94 236 221 254 251 145 17 128 156 94 120 26 4 157 235 193 94 236 221 193 147 68 13 169 75 57 198 179 84 179 166 41 253 185 153 60 8 49 5 193 94 236 221 156 70 36 188 249 240 85 186 48 178 13 113 249 234 11 158 152 157 46 83 193 94 236 221 193 147 68 13 193 147 68 13 216 203 199 0 193 94 236 221 196 229 230 117 178 240 113 146 193 32 46 103 193 147 68 13 
87 103 105 200 53 244 173 211 4 6 220 47 87 103 105 200 87 103 105 200 51 227 23 152 87 103 105 200 87 103 105 200 87 103 105 200 4 6 220 47 87 103 105 200 4 6 220 47 71 102 188 170 173 125 177 228 4 6 220 47 4 6 220 47 87 103 105 200 87 103 105 200 9 129 87 61 125 6 194 76 87 103 105 200 97 254 30 103 158 1 22 73 15 215 133 189 186 156 59 1 4 6 220 47 189 28 59 215 4 6 220 47 4 6 220 47 154 234 169 247 44 100 68 92 229 52 99 107 
67 183 128 52 174 80 207 95 50 30 190 104 67 183 128 52 67 183 128 52 39 237 134 154 67 183 128 52 67 183 128 52 67 183 128 52 50 30 190 104 67 183 128 52 50 30 190 104 119 29 35 6 219 109 1 222 50 30 190 104 50 30 190 104 67 183 128 52 67 183 128 52 248 239 21 90 6 217 66 115 67 183 128 52 81 84 188 40 151 97 14 159 204 165 93 229 80 255 218 109 50 30 190 104 94 105 51 156 50 30 190 104 50 30 190 104 208 207 93 43 245 193 68 229 77 205 180 89 
101 0 243 95 66 182 4 178 193 127 196 141 101 0 243 95 101 0 243 95 245 149 249 161 101 0 243 95 101 0 243 95 101 0 243 95 193 127 196 141 101 0 243 95 193 127 196 141 36 154 62 15 90 107 205 127 193 127 196 141 193 127 196 141 101 0 243 95 101 0 243 95 160 144 240 65 78 37 167 28 101 0 243 95 59 253 56 84 120 80 208 88 94 208 96 207 167 0 6 129 193 127 196 141 81 141 21 139 193 127 196 141 193 127 196 141 67 191 42 158 46 64 12 213 239 24 14 139 
193 147 68 13 202 200 12 232 193 94 236 221 193 147 68 13 193 147 68 13 65 246 55 78 193 147 68 13 193 147 68 13 193 147 68 13 193 94 236 221 193 147 68 13 193 94 236 221 126 216 68 187 239 211 73 200 193 94 236 221 193 94 236 221 193 147 68 13 193 147 68 13 238 227 185 67 68 250 60 20 193 147 68 13 159 190 4 143 143 20 42 207 54 200 83 255 5 155 63 176 193 94 236 221 106 140 14 100 193 94 236 221 193 94 236 221 94 113 232 14 64 17 59 12 190 127 4 155 
87 103 105 200 11 91 180 100 26 203 8 87 87 103 105 200 135 152 19 89 87 103 105 200 29 23 84 72 87 103 105 200 55 71 152 129 88 104 121 161 148 25 122 230 52 145 224 212 33 57 186 159 4 6 220 47 180 212 137 187 87 103 105 200 40 188 11 247 5 17 143 151 143 42 192 14 161 174 218 189 249 122 244 51 223 10 241 138 253 213 230 180 87 103 105 200 234 53 111 65 245 42 37 83 87 103 105 200 87 103 105 200 4 6 220 47 131 217 94 63 215 216 69 255 66 231 169 193 
67 183 128 52 48 27 192 106 200 101 165 128 67 183 128 52 125 83 221 223 67 183 128 52 191 223 125 52 67 183 128 52 168 20 92 202 162 48 57 216 232 156 63 203 32 144 235 156 205 132 163 124 50 30 190 104 144 164 132 67 67 183 128 52 134 24 233 73 76 129 148 100 239 38 11 130 218 124 123 163 152 228 23 226 218 179 103 248 172 222 83 77 67 183 128 52 150 92 145 83 51 125 122 145 67 183 128 52 67 183 128 52 50 30 190 104 94 123 31 223 217 6 109 67 62 111 20 173 
101 0 243 95 242 69 119 253 106 20 243 209 101 0 243 95 191 129 252 248 101 0 243 95 245 56 190 231 101 0 243 95 144 192 57 172 95 153 20 53 195 98 48 145 69 152 21 94 102 109 202 213 193 127 196 141 182 113 5 213 101 0 243 95 47 221 23 177 143 101 243 211 219 210 177 34 183 90 249 50 67 220 48 61 141 208 187 117 165 26 133 171 101 0 243 95 128 253 68 83 90 144 76 224 101 0 243 95 101 0 243 95 193 127 196 141 131 215 107 64 243 251 8 88 16 3 208 194 
193 147 68 13 143 71 134 224 59 76 166 108 193 147 68 13 87 225 101 176 193 147 68 13 104 28 252 197 193 147 68 13 94 5 17 20 59 246 16 90 101 152 3 240 110 32 185 135 57 129 140 143 193 94 236 221 154 202 227 29 193 147 68 13 64 142 243 76 91 29 128 50 170 33 55 203 34 12 2 27 236 195 29 196 141 199 5 110 25 186 115 110 193 147 68 13 87 73 30 243 217 21 96 70 193 147 68 13 193 147 68 13 193 94 236 221 236 109 162 179 166 111 47 25 99 173 226 153 
96 253 214 220 87 103 105 200 87 103 105 200 87 103 105 200 245 206 18 117 252 222 139 194 8 78 227 142 66 19 174 58 129 97 161 35 4 6 220 47 87 103 105 200 4 6 220 47 224 69 215 70 130 171 59 5 128 6 5 13 58 160 135 85 87 103 105 200 215 83 50 247 87 103 105 200 49 241 16 13 4 6 220 47 4 6 220 47 128 204 1 213 195 205 36 134 87 103 105 200 4 6 220 47 87 103 105 200 0 207 135 94 99 171 69 188 4 6 220 47 4 6 220 47 123 145 8 100 
60 140 29 60 67 183 128 52 67 183 128 52 67 183 128 52 134 86 215 214 178 167 148 41 27 183 242 117 161 84 81 34 110 30 127 175 50 30 190 104 67 183 128 52 50 30 190 104 124 94 93 242 214 56 58 184 224 88 92 9 49 102 95 67 67 183 128 52 22 80 146 52 67 183 128 52 109 136 218 30 50 30 190 104 50 30 190 104 141 156 255 194 212 52 184 245 67 183 128 52 50 30 190 104 67 183 128 52 238 63 178 44 199 198 228 195 50 30 190 104 50 30 190 104 195 112 242 250 
164 14 71 82 101 0 243 95 101 0 243 95 101 0 243 95 177 177 255 7 4 19 160 148 93 63 74 120 63 28 184 236 29 86 53 35 193 127 196 141 101 0 243 95 193 127 196 141 177 169 129 78 52 60 234 251 93 135 249 80 56 84 148 206 101 0 243 95 134 182 171 136 101 0 243 95 91 33 60 87 193 127 196 141 193 127 196 141 98 11 108 186 226 199 4 220 101 0 243 95 193 127 196 141 101 0 243 95 30 143 144 165 125 138 107 106 193 127 196 141 193 127 196 141 192 8 114 177 
237 244 189 0 193 147 68 13 193 147 68 13 193 147 68 13 90 27 16 145 28 100 248 64 138 94 167 213 198 182 144 155 122 254 199 62 193 94 236 221 193 147 68 13 193 94 236 221 153 142 12 33 17 130 64 36 174 124 48 26 37 168 190 152 193 147 68 13 24 213 207 68 193 147 68 13 52 187 15 55 193 94 236 221 193 94 236 221 42 50 95 229 79 115 153 71 193 147 68 13 193 94 236 221 193 147 68 13 22 180 188 194 99 87 231 192 193 94 236 221 193 94 236 221 37 83 187 112 
87 103 105 200 89 69 134 228 195 26 193 27 87 103 105 200 89 203 78 234 93 164 123 181 164 6 91 148 87 103 105 200 163 126 60 106 225 59 81 102 87 103 105 200 4 6 220 47 145 115 174 150 4 6 220 47 4 6 220 47 87 103 105 200 241 112 237 243 126 143 165 142 19 51 193 14 75 104 186 123 87 103 105 200 87 103 105 200 57 99 203 158 87 103 105 200 65 79 28 172 188 189 238 35 87 103 105 200 4 6 220 47 125 137 196 57 226 47 123 101 99 188 195 159 87 103 105 200 
67 183 128 52 161 242 110 108 24 238 51 102 67 183 128 52 40 40 88 54 121 107 217 130 188 64 166 103 67 183 128 52 149 195 143 140 37 125 28 4 67 183 128 52 50 30 190 104 231 169 118 206 50 30 190 104 50 30 190 104 67 183 128 52 35 149 87 32 2 189 22 85 230 31 183 229 138 58 52 187 67 183 128 52 67 183 128 52 96 78 193 185 67 183 128 52 146 128 236 137 13 180 63 91 67 183 128 52 50 30 190 104 75 166 227 198 77 177 247 157 40 115 240 13 67 183 128 52 
101 0 243 95 128 72 197 245 235 221 120 37 101 0 243 95 229 139 149 208 220 117 215 162 35 10 162 113 101 0 243 95 35 23 200 124 111 168 116 0 101 0 243 95 193 127 196 141 25 216 212 141 193 127 196 141 193 127 196 141 101 0 243 95 113 2 230 163 155 56 104 170 65 212 58 86 189 196 88 20 101 0 243 95 101 0 243 95 2 144 219 177 101 0 243 95 60 77 84 215 112 165 208 217 101 0 243 95 193 127 196 141 1 148 180 2 196 239 116 132 238 104 208 78 101 0 243 95 
193 147 68 13 237 247 86 125 76 134 9 61 193 147 68 13 184 219 16 50 251 42 114 59 111 164 253 116 193 147 68 13 254 180 16 20 61 249 140 155 193 147 68 13 193 94 236 221 180 222 100 105 193 94 236 221 193 94 236 221 193 147 68 13 85 28 3 227 2 221 166 190 52 212 88 207 156 126 164 93 193 147 68 13 193 147 68 13 224 35 56 222 193 147 68 13 24 32 229 162 141 34 52 237 193 147 68 13 193 94 236 221 32 192 130 55 62 185 32 72 63 154 81 18 193 147 68 13 
87 103 105 200 87 103 105 200 87 103 105 200 154 18 67 253 36 123 175 108 218 238 91 192 4 6 220 47 87 103 105 200 4 6 220 47 215 44 173 132 67 219 95 125 4 6 220 47 4 6 220 47 4 6 220 47 250 48 82 223 4 6 220 47 246 117 39 139 87 103 105 200 87 103 105 200 4 6 220 47 228 99 60 244 4 6 220 47 4 6 220 47 62 188 90 27 87 34 188 38 4 6 220 47 4 6 220 47 179 206 88 112 201 13 66 195 237 139 216 231 143 218 80 188 4 6 220 47 
67 183 128 52 67 183 128 52 67 183 128 52 105 233 116 251 206 19 133 1 9 76 125 23 50 30 190 104 67 183 128 52 50 30 190 104 22 162 38 18 116 32 4 129 50 30 190 104 50 30 190 104 50 30 190 104 198 68 178 188 50 30 190 104 214 124 215 246 67 183 128 52 67 183 128 52 50 30 190 104 80 62 213 50 50 30 190 104 50 30 190 104 11 161 33 136 118 180 105 41 50 30 190 104 50 30 190 104 165 249 232 92 225 96 94 122 18 93 68 31 51 29 26 189 50 30 190 104 
101 0 243 95 101 0 243 95 101 0 243 95 215 93 120 179 31 210 138 190 238 232 5 137 193 127 196 141 101 0 243 95 193 127 196 141 208 147 114 86 90 195 81 110 193 127 196 141 193 127 196 141 193 127 196 141 122 69 118 64 193 127 196 141 235 34 24 0 101 0 243 95 101 0 243 95 193 127 196 141 224 248 118 226 193 127 196 141 193 127 196 141 29 122 127 149 99 120 217 233 193 127 196 141 193 127 196 141 66 95 120 44 193 53 53 194 227 251 90 193 168 103 124 113 193 127 196 141 
193 147 68 13 193 147 68 13 193 147 68 13 128 125 211 141 169 167 5 121 63 251 207 199 193 94 236 221 193 147 68 13 193 94 236 221 81 217 187 74 166 83 100 164 193 94 236 221 193 94 236 221 193 94 236 221 68 187 82 193 193 94 236 221 38 163 2 241 193 147 68 13 193 147 68 13 193 94 236 221 141 40 80 186 193 94 236 221 193 94 236 221 42 123 215 244 23 215 49 132 193 94 236 221 193 94 236 221 64 40 18 5 42 10 166 58 77 174 88 71 155 72 88 207 193 94 236 221 
87 103 105 200 4 6 220 47 4 6 220 47 4 6 220 47 114 253 3 204 4 6 220 47 231 150 199 8 60 141 81 69 24 51 241 27 62 46 197 170 49 98 85 246 215 205 10 151 87 103 105 200 42 205 187 80 46 224 213 218 4 6 220 47 87 103 105 200 247 177 162 108 123 113 79 69 69 78 190 240 4 6 220 47 160 226 56 109 87 103 105 200 24 58 131 209 145 249 21 241 94 28 3 183 4 6 220 47 87 103 105 200 220 233 193 101 145 128 188 106 231 57 48 13 91 231 158 239 
67 183 128 52 50 30 190 104 50 30 190 104 50 30 190 104 136 144 48 72 50 30 190 104 193 163 230 41 177 40 245 156 44 41 123 107 134 136 119 94 41 137 159 139 37 171 124 169 67 183 128 52 34 43 236 234 13 44 177 34 50 30 190 104 67 183 128 52 81 88 118 244 89 32 88 129 151 207 148 205 50 30 190 104 131 33 138 30 67 183 128 52 159 225 86 225 60 43 146 254 72 130 165 146 50 30 190 104 67 183 128 52 182 95 64 228 222 94 20 189 100 254 189 114 8 105 236 162 
101 0 243 95 193 127 196 141 193 127 196 141 193 127 196 141 93 177 46 164 193 127 196 141 14 90 120 57 174 229 247 22 221 233 191 137 6 28 36 222 51 83 117 7 169 175 113 175 101 0 243 95 63 59 246 61 228 4 160 90 193 127 196 141 101 0 243 95 68 160 163 84 88 251 75 79 22 219 116 87 193 127 196 141 109 91 215 134 101 0 243 95 131 176 85 16 208 45 18 232 255 99 114 221 193 127 196 141 101 0 243 95 204 230 207 111 124 233 73 37 45 157 131 85 200 38 163 85 
193 147 68 13 193 94 236 221 193 94 236 221 193 94 236 221 77 92 64 110 193 94 236 221 218 21 140 175 150 95 130 151 227 138 140 218 67 33 1 230 255 152 69 186 8 111 62 48 193 147 68 13 184 175 95 162 35 134 120 239 193 94 236 221 193 147 68 13 90 140 6 98 122 62 128 107 128 207 7 200 193 94 236 221 2 166 143 228 193 147 68 13 158 99 208 162 168 103 129 229 205 221 166 175 193 94 236 221 193 147 68 13 127 157 110 165 27 95 133 163 169 52 110 32 24 64 163 5 
107 217 254 186 211 55 76 146 87 103 105 200 87 103 105 200 38 3 44 181 18 43 211 43 4 6 220 47 24 137 38 179 98 50 126 99 50 100 167 56 4 6 220 47 230 103 26 204 87 103 105 200 4 6 220 47 105 235 75 84 69 182 98 228 122 205 64 161 87 103 105 200 26 103 86 39 21 44 118 180 142 207 172 36 4 6 220 47 89 105 211 233 37 163 125 131 139 202 70 62 195 75 35 118 4 6 220 47 237 78 32 27 87 103 105 200 140 232 13 198 4 6 220 47 87 103 105 200 
153 238 249 230 36 218 147 28 67 183 128 52 67 183 128 52 117 203 243 140 70 45 149 124 50 30 190 104 134 101 47 226 213 235 233 131 29 9 224 200 50 30 190 104 193 157 103 20 67 183 128 52 50 30 190 104 163 172 93 138 223 84 167 17 148 253 89 173 67 183 128 52 244 10 104 105 198 187 46 56 81 183 198 41 50 30 190 104 24 243 161 246 245 186 130 192 173 142 31 103 123 225 64 251 50 30 190 104 174 161 213 160 67 183 128 52 87 208 179 22 50 30 190 104 67 183 128 52 
248 69 217 66 32 253 224 76 101 0 243 95 101 0 243 95 207 239 187 81 194 136 109 224 193 127 196 141 166 246 18 153 143 254 114 241 149 152 28 95 193 127 196 141 221 183 98 106 101 0 243 95 193 127 196 141 6 237 202 235 76 143 165 8 51 234 127 221 101 0 243 95 60 141 244 144 254 102 238 38 30 17 153 19 193 127 196 141 244 203 254 191 156 252 90 61 2 207 239 30 1 141 18 133 193 127 196 141 141 177 19 67 101 0 243 95 23 167 6 99 193 127 196 141 101 0 243 95 
28 58 217 153 77 18 28 23 193 147 68 13 193 147 68 13 216 212 191 252 218 55 251 212 193 94 236 221 182 216 193 132 200 204 163 74 226 65 89 40 193 94 236 221 250 79 112 64 193 147 68 13 193 94 236 221 139 71 46 36 161 64 105 109 167 87 212 251 193 147 68 13 215 89 232 127 37 19 74 191 225 232 232 6 193 94 236 221 63 8 156 32 120 150 242 139 12 39 188 48 197 180 68 204 193 94 236 221 82 194 231 186 193 147 68 13 56 221 134 208 193 94 236 221 193 147 68 13 
4 6 220 47 4 6 220 47 87 103 105 200 4 6 220 47 4 6 220 47 4 6 220 47 85 101 25 151 4 6 220 47 53 207 140 55 71 93 191 177 87 103 105 200 87 103 105 200 219 157 54 227 87 103 105 200 17 191 48 161 4 6 220 47 4 6 220 47 26 153 143 46 87 103 105 200 163 184 31 232 4 6 220 47 4 6 220 47 60 147 126 236 207 155 5 173 4 6 220 47 80 208 105 126 252 237 189 130 87 103 105 200 100 112 80 142 87 103 105 200 87 103 105 200 4 6 220 47 
50 30 190 104 50 30 190 104 67 183 128 52 50 30 190 104 50 30 190 104 50 30 190 104 64 140 57 135 50 30 190 104 47 221 79 94 137 196 99 40 67 183 128 52 67 183 128 52 223 193 68 238 67 183 128 52 196 146 154 193 50 30 190 104 50 30 190 104 230 234 41 238 67 183 128 52 66 223 46 160 50 30 190 104 50 30 190 104 218 144 155 36 155 217 101 57 50 30 190 104 67 53 49 73 32 121 84 174 67 183 128 52 112 149 52 201 67 183 128 52 67 183 128 52 50 30 190 104 
193 127 196 141 193 127 196 141 101 0 243 95 193 127 196 141 193 127 196 141 193 127 196 141 241 136 180 198 193 127 196 141 50 193 175 40 132 58 97 202 101 0 243 95 101 0 243 95 170 78 171 199 101 0 243 95 21 75 13 222 193 127 196 141 193 127 196 141 26 247 78 129 101 0 243 95 166 101 219 205 193 127 196 141 193 127 196 141 157 42 50 44 93 56 183 243 193 127 196 141 142 17 237 9 251 224 112 177 101 0 243 95 190 185 94 247 101 0 243 95 101 0 243 95 193 127 196 141 
193 94 236 221 193 94 236 221 193 147 68 13 193 94 236 221 193 94 236 221 193 94 236 221 10 207 239 58 193 94 236 221 84 117 87 10 54 144 22 244 193 147 68 13 193 147 68 13 177 43 136 100 193 147 68 13 163 204 38 116 193 94 236 221 193 94 236 221 176 190 174 38 193 147 68 13 59 147 127 3 193 94 236 221 193 94 236 221 40 134 190 146 228 124 144 85 193 94 236 221 31 112 219 242 193 76 249 225 193 147 68 13 255 204 181 115 193 147 68 13 193 147 68 13 193 94 236 221 
186 13 59 116 87 103 105 200 235 198 71 143 4 6 220 47 127 220 237 191 30 162 79 156 4 6 220 47 87 103 105 200 229 83 187 201 85 199 28 242 87 103 105 200 166 134 44 25 87 103 105 200 18 186 128 26 87 103 105 200 41 33 146 95 87 103 105 200 7 182 98 52 87 103 105 200 4 6 220 47 105 235 241 34 211 155 26 238 131 181 182 155 200 38 29 120 202 85 120 120 4 180 129 244 124 96 116 239 87 103 105 200 226 26 134 98 4 6 220 47 87 103 105 200 75 187 161 23 
54 136 94 106 67 183 128 52 103 236 20 55 50 30 190 104 109 195 250 157 216 236 205 153 50 30 190 104 67 183 128 52 164 20 135 137 207 110 206 246 67 183 128 52 13 155 203 138 67 183 128 52 220 6 158 185 67 183 128 52 142 161 197 39 67 183 128 52 169 81 220 96 67 183 128 52 50 30 190 104 27 105 57 241 163 195 238 33 201 78 181 26 216 128 66 171 18 174 19 179 22 162 189 25 89 212 129 77 67 183 128 52 100 226 10 1 50 30 190 104 67 183 128 52 5 206 157 114 
40 65 73 240 101 0 243 95 138 105 245 251 193 127 196 141 78 208 6 45 27 145 79 221 193 127 196 141 101 0 243 95 230 118 86 8 111 130 85 14 101 0 243 95 237 124 100 40 101 0 243 95 138 58 76 92 101 0 243 95 114 147 76 1 101 0 243 95 160 25 53 50 101 0 243 95 193 127 196 141 48 228 19 122 148 214 9 149 239 235 83 155 180 31 198 248 185 177 118 223 120 248 214 54 4 168 227 115 101 0 243 95 34 69 223 132 193 127 196 141 101 0 243 95 39 240 199 26 
76 184 104 152 193 147 68 13 61 110 125 50 193 94 236 221 127 133 118 104 202 14 11 23 193 94 236 221 193 147 68 13 105 245 141 90 218 150 53 215 193 147 68 13 250 55 165 117 193 147 68 13 166 10 27 142 193 147 68 13 55 60 7 237 193 147 68 13 154 27 210 35 193 147 68 13 193 94 236 221 191 16 231 196 24 178 25 18 62 13 102 1 152 201 65 251 57 112 228 240 137 128 26 29 208 116 76 80 193 147 68 13 73 239 34 19 193 94 236 221 193 147 68 13 137 110 31 97 
4 6 220 47 164 155 150 116 78 78 216 30 4 6 220 47 130 105 79 37 4 6 220 47 117 213 202 71 4 6 220 47 4 6 220 47 87 103 105 200 87 103 105 200 4 6 220 47 4 6 220 47 87 103 105 200 251 33 19 178 25 200 67 211 4 6 220 47 4 6 220 47 59 206 125 19 74 27 73 43 162 178 135 40 4 6 220 47 6 134 211 75 89 116 225 183 144 142 183 133 190 26 33 209 252 72 99 163 4 6 220 47 4 6 220 47 147 72 232 75 87 103 105 200 4 6 220 47 
50 30 190 104 149 18 200 9 196 58 87 225 50 30 190 104 46 219 240 57 50 30 190 104 213 132 224 165 50 30 190 104 50 30 190 104 67 183 128 52 67 183 128 52 50 30 190 104 50 30 190 104 67 183 128 52 79 63 43 234 255 12 207 191 50 30 190 104 50 30 190 104 113 230 156 24 90 248 90 98 139 138 206 184 50 30 190 104 151 95 235 42 159 89 233 32 193 152 32 110 120 181 211 228 230 231 251 96 50 30 190 104 50 30 190 104 27 39 218 175 67 183 128 52 50 30 190 104 
193 127 196 141 100 5 202 92 240 82 31 180 193 127 196 141 64 96 112 136 193 127 196 141 97 65 155 25 193 127 196 141 193 127 196 141 101 0 243 95 101 0 243 95 193 127 196 141 193 127 196 141 101 0 243 95 49 218 102 27 246 212 166 59 193 127 196 141 193 127 196 141 173 125 0 57 10 195 110 148 132 67 233 86 193 127 196 141 69 160 66 156 254 219 150 46 137 64 64 171 24 40 46 88 213 240 45 214 193 127 196 141 193 127 196 141 16 94 126 53 101 0 243 95 193 127 196 141 
193 94 236 221 121 232 174 152 193 58 205 97 193 94 236 221 109 165 156 101 193 94 236 221 214 201 48 80 193 94 236 221 193 94 236 221 193 147 68 13 193 147 68 13 193 94 236 221 193 94 236 221 193 147 68 13 138 133 95 150 216 137 105 159 193 94 236 221 193 94 236 221 220 141 36 235 4 60 5 141 97 255 69 53 193 94 236 221 118 73 132 107 56 203 205 213 76 227 146 66 207 117 199 12 243 174 24 50 193 94 236 221 193 94 236 221 210 202 221 8 193 147 68 13 193 94 236 221 
87 103 105 200 4 6 220 47 100 151 175 143 20 91 222 218 4 6 220 47 26 95 119 196 87 103 105 200 4 6 220 47 4 6 220 47 211 246 217 67 87 103 105 200 52 73 28 125 4 6 220 47 219 103 235 85 106 23 150 197 255 234 213 34 146 194 42 191 51 47 202 125 4 6 220 47 174 38 239 159 4 6 220 47 87 180 4 207 87 103 105 200 4 6 220 47 4 6 220 47 32 195 79 174 87 103 105 200 4 6 220 47 183 12 198 144 59 151 57 206 87 103 105 200 4 6 220 47 
67 183 128 52 50 30 190 104 81 195 231 122 192 230 43 103 50 30 190 104 200 50 232 74 67 183 128 52 50 30 190 104 50 30 190 104 146 63 63 185 67 183 128 52 118 217 41 214 50 30 190 104 22 202 17 206 133 87 44 203 150 62 45 166 22 43 18 161 251 238 134 213 50 30 190 104 150 20 134 126 50 30 190 104 223 89 207 46 67 183 128 52 50 30 190 104 50 30 190 104 87 213 232 18 67 183 128 52 50 30 190 104 155 5 196 148 67 66 39 106 67 183 128 52 50 30 190 104 
101 0 243 95 193 127 196 141 89 231 44 98 189 133 181 44 193 127 196 141 246 192 116 13 101 0 243 95 193 127 196 141 193 127 196 141 115 111 61 246 101 0 243 95 90 181 254 216 193 127 196 141 235 214 52 201 167 158 162 128 97 74 99 162 75 43 114 40 210 61 250 137 193 127 196 141 85 253 122 190 193 127 196 141 71 21 65 173 101 0 243 95 193 127 196 141 193 127 196 141 183 40 171 162 101 0 243 95 193 127 196 141 208 241 220 209 236 209 35 82 101 0 243 95 193 127 196 141 
193 147 68 13 193 94 236 221 81 83 13 166 208 159 31 212 193 94 236 221 29 74 182 115 193 147 68 13 193 94 236 221 193 94 236 221 146 200 69 116 193 147 68 13 150 56 242 147 193 94 236 221 100 44 231 69 50 123 39 161 125 152 23 0 59 223 153 21 243 237 19 30 193 94 236 221 172 116 81 150 193 94 236 221 164 190 233 5 193 147 68 13 193 94 236 221 193 94 236 221 251 229 65 155 193 147 68 13 193 94 236 221 169 252 82 14 1 136 17 220 193 147 68 13 193 94 236 221 
87 103 105 200 87 103 105 200 4 6 220 47 43 78 195 60 84 29 236 188 87 103 105 200 97 235 194 53 87 103 105 200 199 254 121 173 179 206 174 43 48 76 192 108 87 103 105 200 4 6 220 47 4 6 220 47 94 28 155 219 4 6 220 47 25 89 101 139 224 15 184 156 4 6 220 47 4 6 220 47 87 103 105 200 87 103 105 200 154 225 1 196 108 60 181 92 226 133 196 54 250 57 247 223 118 27 110 16 87 103 105 200 133 4 55 2 139 119 202 35 222 125 204 107 96 50 245 246 
67 183 128 52 67 183 128 52 50 30 190 104 193 244 220 2 82 183 160 176 67 183 128 52 190 173 221 238 67 183 128 52 148 30 61 98 42 45 236 67 5 214 50 234 67 183 128 52 50 30 190 104 50 30 190 104 80 83 23 245 50 30 190 104 252 139 55 168 61 231 101 127 50 30 190 104 50 30 190 104 67 183 128 52 67 183 128 52 188 235 171 195 224 106 235 59 119 33 75 49 238 151 114 29 163 221 155 53 67 183 128 52 3 134 49 255 243 134 160 246 56 177 186 115 170 225 180 13 
101 0 243 95 101 0 243 95 193 127 196 141 233 4 182 172 46 144 184 80 101 0 243 95 127 155 48 67 101 0 243 95 97 83 6 6 195 54 71 125 72 241 31 61 101 0 243 95 193 127 196 141 193 127 196 141 168 77 174 43 193 127 196 141 185 155 190 124 28 116 105 130 193 127 196 141 193 127 196 141 101 0 243 95 101 0 243 95 125 180 11 72 235 22 193 119 52 119 228 113 238 203 53 192 247 11 121 120 101 0 243 95 123 19 247 6 93 105 131 88 63 78 168 66 18 59 255 106 
193 147 68 13 193 147 68 13 193 94 236 221 97 221 214 13 191 212 64 228 193 147 68 13 51 58 172 119 193 147 68 13 91 146 60 100 181 100 158 232 70 186 170 247 193 147 68 13 193 94 236 221 193 94 236 221 240 224 48 204 193 94 236 221 8 147 0 75 203 75 0 38 193 94 236 221 193 94 236 221 193 147 68 13 193 147 68 13 81 51 131 27 135 115 212 68 199 254 202 55 86 88 34 89 43 4 205 157 193 147 68 13 249 99 207 66 208 125 179 104 29 115 51 181 90 63 139 231 
4 6 220 47 4 6 220 47 87 103 105 200 177 146 188 22 180 16 22 191 4 6 220 47 180 100 238 239 87 103 105 200 4 6 220 47 4 6 220 47 87 103 105 200 4 6 220 47 4 6 220 47 4 6 220 47 87 103 105 200 41 236 134 206 4 6 220 47 4 6 220 47 87 103 105 200 87 103 105 200 114 208 91 117 77 23 32 66 21 138 97 28 87 103 105 200 216 14 8 14 52 204 63 53 87 103 105 200 166 47 210 243 28 103 223 43 210 1 86 30 87 103 105 200 4 6 220 47 
50 30 190 104 50 30 190 104 67 183 128 52 230 215 22 201 33 68 250 66 50 30 190 104 127 191 226 61 67 183 128 52 50 30 190 104 50 30 190 104 67 183 128 52 50 30 190 104 50 30 190 104 50 30 190 104 67 183 128 52 236 31 91 89 50 30 190 104 50 30 190 104 67 183 128 52 67 183 128 52 49 136 24 219 92 244 54 200 203 41 71 113 67 183 128 52 72 100 174 75 153 177 129 142 67 183 128 52 246 205 38 32 42 148 63 254 198 31 177 78 67 183 128 52 50 30 190 104 
193 127 196 141 193 127 196 141 101 0 243 95 137 69 182 246 132 16 67 17 193 127 196 141 18 77 160 148 101 0 243 95 193 127 196 141 193 127 196 141 101 0 243 95 193 127 196 141 193 127 196 141 193 127 196 141 101 0 243 95 0 106 217 152 193 127 196 141 193 127 196 141 101 0 243 95 101 0 243 95 182 241 94 75 63 119 169 6 96 244 7 198 101 0 243 95 12 136 238 123 168 240 151 158 101 0 243 95 114 182 58 192 132 235 148 133 195 49 96 62 101 0 243 95 193 127 196 141 
193 94 236 221 193 94 236 221 193 147 68 13 99 5 110 38 232 90 232 226 193 94 236 221 113 2 252 188 193 147 68 13 193 94 236 221 193 94 236 221 193 147 68 13 193 94 236 221 193 94 236 221 193 94 236 221 193 147 68 13 109 4 13 0 193 94 236 221 193 94 236 221 193 147 68 13 193 147 68 13 35 160 209 112 29 196 246 75 98 27 117 156 193 147 68 13 229 107 131 16 75 61 84 192 193 147 68 13 59 219 193 10 233 73 126 218 71 78 204 146 193 147 68 13 193 94 236 221 
87 103 105 200 27 245 215 224 167 30 224 120 4 6 220 47 87 103 105 200 87 103 105 200 4 98 243 24 109 66 234 78 59 198 54 143 87 103 105 200 4 6 220 47 113 49 18 92 4 6 220 47 4 6 220 47 65 64 66 60 54 80 90 153 227 162 87 127 114 6 105 115 87 103 105 200 197 253 169 190 47 41 19 137 87 103 105 200 68 8 245 221 51 188 10 21 4 6 220 47 167 102 114 12 169 95 242 251 87 103 105 200 9 81 35 123 200 26 49 134 191 171 95 60 4 6 220 47 
67 183 128 52 44 229 231 122 141 85 78 197 50 30 190 104 67 183 128 52 67 183 128 52 227 202 35 245 91 118 123 115 244 72 178 167 67 183 128 52 50 30 190 104 195 96 191 133 50 30 190 104 50 30 190 104 171 44 42 27 55 136 204 115 142 197 156 202 105 38 184 26 67 183 128 52 128 216 0 244 22 143 32 238 67 183 128 52 77 82 115 160 116 219 41 214 50 30 190 104 254 198 125 66 203 94 84 250 67 183 128 52 109 17 196 16 27 216 237 196 52 67 216 156 50 30 190 104 
101 0 243 95 29 213 219 213 65 209 144 219 193 127 196 141 101 0 243 95 101 0 243 95 125 162 91 236 199 194 240 187 152 84 126 216 101 0 243 95 193 127 196 141 31 109 45 123 193 127 196 141 193 127 196 141 179 252 31 234 39 151 52 157 127 21 111 45 243 3 44 202 101 0 243 95 166 236 244 226 64 53 61 38 101 0 243 95 161 113 107 118 250 247 47 145 193 127 196 141 130 126 82 84 176 228 65 129 101 0 243 95 188 183 97 102 245 67 85 253 176 112 249 54 193 127 196 141 
193 147 68 13 211 239 7 151 54 57 237 197 193 94 236 221 193 147 68 13 193 147 68 13 53 187 122 225 138 157 1 125 151 199 252 108 193 147 68 13 193 94 236 221 71 43 254 120 193 94 236 221 193 94 236 221 191 207 133 98 242 29 66 238 58 209 227 225 61 176 242 113 193 147 68 13 27 208 0 9 163 87 156 84 193 147 68 13 9 157 87 49 133 8 57 156 193 94 236 221 205 107 0 25 80 243 24 12 193 147 68 13 8 23 251 183 195 93 61 150 196 121 0 15 193 94 236 221 
21 55 197 56 4 6 220 47 228 188 179 71 87 103 105 200 52 248 141 90 176 134 150 196 148 13 245 111 72 190 240 105 87 103 105 200 217 114 236 51 4 6 220 47 87 103 105 200 87 103 105 200 122 20 88 33 111 44 85 191 165 105 127 60 87 103 105 200 83 122 116 189 6 49 38 35 104 130 50 9 4 6 220 47 209 119 127 189 4 6 220 47 221 138 163 210 87 103 105 200 87 103 105 200 205 221 118 115 87 103 105 200 65 115 216 117 87 103 105 200 4 6 220 47 4 6 220 47 
104 173 203 50 50 30 190 104 194 101 253 33 67 183 128 52 28 56 135 223 134 52 132 88 224 112 40 6 157 32 87 212 67 183 128 52 73 224 254 41 50 30 190 104 67 183 128 52 67 183 128 52 109 57 30 252 1 87 140 220 154 129 64 157 67 183 128 52 207 65 166 187 84 172 176 219 209 199 71 254 50 30 190 104 186 95 56 218 50 30 190 104 223 25 187 9 67 183 128 52 67 183 128 52 203 140 15 121 67 183 128 52 59 162 128 155 67 183 128 52 50 30 190 104 50 30 190 104 
72 171 144 225 193 127 196 141 184 155 113 159 101 0 243 95 110 137 68 235 156 102 104 128 126 67 97 153 194 174 204 118 101 0 243 95 159 127 112 163 193 127 196 141 101 0 243 95 101 0 243 95 223 21 20 110 255 106 213 13 129 185 220 176 101 0 243 95 230 240 18 211 150 129 14 238 93 148 250 72 193 127 196 141 209 58 230 157 193 127 196 141 23 128 188 255 101 0 243 95 101 0 243 95 34 179 50 246 101 0 243 95 234 250 151 53 101 0 243 95 193 127 196 141 193 127 196 141 
51 125 180 196 193 94 236 221 114 241 120 184 193 147 68 13 179 41 60 159 200 182 176 151 245 82 215 134 196 1 150 63 193 147 68 13 135 11 54 222 193 94 236 221 193 147 68 13 193 147 68 13 244 145 88 37 5 244 55 246 163 137 151 19 193 147 68 13 104 251 226 20 30 98 145 30 23 100 198 212 193 94 236 221 74 207 243 37 193 94 236 221 144 243 178 221 193 147 68 13 193 147 68 13 137 233 55 143 193 147 68 13 68 151 253 80 193 147 68 13 193 94 236 221 193 94 236 221 
87 103 105 200 183 210 36 110 242 65 84 61 87 103 105 200 209 118 183 8 87 103 105 200 4 6 220 47 21 68 203 211 205 22 158 199 164 58 61 196 223 29 42 242 75 228 88 167 87 103 105 200 201 6 117 108 4 6 220 47 248 75 202 12 87 103 105 200 4 6 220 47 224 63 91 57 87 103 105 200 59 70 29 22 160 25 208 28 4 6 220 47 80 143 211 200 87 103 105 200 87 103 105 200 153 232 142 20 155 228 147 127 188 198 218 152 87 103 105 200 59 23 252 224 87 103 105 200 
67 183 128 52 169 170 119 101 212 68 194 58 67 183 128 52 175 90 56 148 67 183 128 52 50 30 190 104 161 168 30 43 89 187 22 108 229 152 206 177 208 153 166 237 147 72 78 139 67 183 128 52 163 216 234 100 50 30 190 104 30 14 93 45 67 183 128 52 50 30 190 104 9 90 151 216 67 183 128 52 11 201 159 110 226 30 138 229 50 30 190 104 153 212 28 233 67 183 128 52 67 183 128 52 143 124 84 202 246 202 184 114 15 130 111 192 67 183 128 52 162 185 212 117 67 183 128 52 
101 0 243 95 8 180 106 179 6 186 206 106 101 0 243 95 128 201 169 138 101 0 243 95 193 127 196 141 143 213 31 240 137 44 144 145 12 0 40 177 91 63 197 53 10 127 13 212 101 0 243 95 208 7 124 78 193 127 196 141 208 148 51 20 101 0 243 95 193 127 196 141 145 8 48 19 101 0 243 95 0 73 244 204 212 142 130 197 193 127 196 141 206 158 187 138 101 0 243 95 101 0 243 95 147 171 195 166 198 167 85 134 216 166 33 100 101 0 243 95 100 81 85 16 101 0 243 95 
193 147 68 13 105 5 167 190 195 33 43 94 193 147 68 13 118 187 222 115 193 147 68 13 193 94 236 221 125 80 34 63 62 61 83 94 90 239 244 161 148 171 162 185 7 230 193 114 193 147 68 13 118 38 66 103 193 94 236 221 159 94 150 214 193 147 68 13 193 94 236 221 85 190 93 88 193 147 68 13 244 203 190 199 201 123 61 175 193 94 236 221 61 11 194 1 193 147 68 13 193 147 68 13 177 22 208 108 135 152 150 136 103 129 29 10 193 147 68 13 175 1 127 121 193 147 68 13 
161 52 138 130 123 101 243 184 4 6 220 47 18 251 146 26 90 160 187 1 26 54 55 123 87 103 105 200 87 103 105 200 136 130 94 54 29 119 219 80 87 103 105 200 103 193 30 98 195 26 252 178 233 72 72 241 4 6 220 47 4 6 220 47 131 36 215 131 154 162 209 193 26 49 18 156 87 103 105 200 65 10 117 64 4 6 220 47 87 103 105 200 97 237 231 197 87 103 105 200 4 6 220 47 164 163 126 179 4 6 220 47 4 6 220 47 4 6 220 47 205 81 183 197 4 6 220 47 
59 121 1 252 132 70 250 217 50 30 190 104 249 22 231 3 26 77 131 147 21 104 39 78 67 183 128 52 67 183 128 52 187 147 84 202 74 105 249 164 67 183 128 52 99 17 116 180 153 191 143 82 88 106 81 205 50 30 190 104 50 30 190 104 76 241 215 102 232 1 51 185 214 61 235 93 67 183 128 52 7 147 106 193 50 30 190 104 67 183 128 52 114 105 20 150 67 183 128 52 50 30 190 104 235 149 122 184 50 30 190 104 50 30 190 104 50 30 190 104 93 210 115 55 50 30 190 104 
198 210 164 144 103 72 215 223 193 127 196 141 29 53 80 130 210 150 29 185 2 168 222 167 101 0 243 95 101 0 243 95 229 1 20 159 165 80 196 165 101 0 243 95 157 184 69 254 107 58 230 34 77 195 219 251 193 127 196 141 193 127 196 141 105 245 206 112 10 18 64 3 81 102 24 80 101 0 243 95 91 89 70 68 193 127 196 141 101 0 243 95 193 10 48 136 101 0 243 95 193 127 196 141 235 16 144 79 193 127 196 141 193 127 196 141 193 127 196 141 31 110 44 152 193 127 196 141 
102 53 90 9 178 149 3 83 193 94 236 221 229 167 25 152 199 16 71 182 42 203 54 128 193 147 68 13 193 147 68 13 192 99 167 221 18 114 223 45 193 147 68 13 34 67 196 202 131 5 217 235 226 33 176 51 193 94 236 221 193 94 236 221 119 144 178 52 199 227 43 180 138 55 255 48 193 147 68 13 147 125 101 228 193 94 236 221 193 147 68 13 154 54 120 27 193 147 68 13 193 94 236 221 17 54 132 170 193 94 236 221 193 94 236 221 193 94 236 221 176 37 178 195 193 94 236 221 
87 103 105 200 131 170 33 50 87 103 105 200 87 103 105 200 242 183 88 48 248 167 158 171 51 59 102 147 205 13 183 47 87 103 105 200 222 71 15 73 39 6 71 51 194 0 93 204 83 101 18 74 4 6 220 47 55 155 43 35 87 103 105 200 224 204 55 134 87 103 105 200 177 145 216 241 74 214 28 1 62 49 247 55 87 103 105 200 241 91 130 115 240 68 162 56 121 249 223 69 71 85 112 114 87 103 105 200 87 103 105 200 4 6 220 47 207 244 160 138 201 4 136 73 252 4 16 155 
67 183 128 52 139 197 123 161 67 183 128 52 67 183 128 52 194 240 177 85 62 107 28 60 152 85 18 79 171 169 81 1 67 183 128 52 106 63 19 88 234 43 172 80 157 235 128 90 134 192 145 109 50 30 190 104 189 75 67 216 67 183 128 52 235 40 220 181 67 183 128 52 85 15 1 241 215 239 225 99 43 207 47 223 67 183 128 52 144 179 254 113 12 22 107 39 163 99 5 228 223 16 19 79 67 183 128 52 67 183 128 52 50 30 190 104 126 249 249 91 37 60 79 29 235 151 233 73 
101 0 243 95 118 210 7 93 101 0 243 95 101 0 243 95 254 50 3 232 95 203 243 249 82 158 201 31 123 13 166 168 101 0 243 95 85 178 110 50 12 83 34 144 0 174 124 118 70 94 66 136 193 127 196 141 162 153 152 24 101 0 243 95 114 165 21 82 101 0 243 95 199 92 35 85 252 207 72 93 111 149 179 122 101 0 243 95 19 114 231 215 136 21 123 225 45 111 174 44 155 249 114 174 101 0 243 95 101 0 243 95 193 127 196 141 20 180 44 126 86 173 56 42 107 163 98 93 
193 147 68 13 90 228 42 40 193 147 68 13 193 147 68 13 243 83 55 197 77 74 60 201 23 194 173 88 196 228 193 116 193 147 68 13 8 188 173 75 25 100 38 50 221 15 202 41 96 98 136 135 193 94 236 221 23 160 86 62 193 147 68 13 130 152 219 187 193 147 68 13 234 158 28 60 37 245 181 48 126 64 28 110 193 147 68 13 241 166 60 121 206 181 96 171 188 177 44 177 138 20 24 124 193 147 68 13 193 147 68 13 193 94 236 221 90 3 35 178 243 68 74 168 150 154 30 209 
237 143 14 151 87 103 105 200 244 206 131 159 87 103 105 200 241 216 241 146 32 113 31 36 105 26 99 68 77 186 185 101 95 60 164 142 165 25 211 138 87 103 105 200 4 6 220 47 246 192 34 18 54 240 141 0 121 17 249 74 89 22 110 165 87 103 105 200 177 93 125 97 87 103 105 200 72 17 224 208 4 6 220 47 4 6 220 47 4 6 220 47 87 103 105 200 87 103 105 200 230 220 87 130 87 103 105 200 4 6 220 47 110 216 0 118 4 6 220 47 4 6 220 47 184 53 32 167 
108 61 164 110 67 183 128 52 27 250 50 67 67 183 128 52 11 86 110 233 31 35 14 28 138 156 15 231 225 110 58 80 47 66 26 226 150 216 240 23 67 183 128 52 50 30 190 104 192 131 58 134 144 57 247 211 207 7 253 47 9 221 132 19 67 183 128 52 197 53 139 67 67 183 128 52 87 159 23 167 50 30 190 104 50 30 190 104 50 30 190 104 67 183 128 52 67 183 128 52 214 237 8 39 67 183 128 52 50 30 190 104 42 178 127 46 50 30 190 104 50 30 190 104 73 14 68 138 
77 251 100 250 101 0 243 95 135 141 183 184 101 0 243 95 39 167 251 255 231 135 110 166 97 178 199 106 253 228 39 209 119 171 176 167 127 111 181 179 101 0 243 95 193 127 196 141 139 243 183 114 30 14 18 181 71 27 233 210 192 212 87 120 101 0 243 95 164 228 168 30 101 0 243 95 163 0 49 4 193 127 196 141 193 127 196 141 193 127 196 141 101 0 243 95 101 0 243 95 224 159 154 118 101 0 243 95 193 127 196 141 32 34 179 56 193 127 196 141 193 127 196 141 65 92 149 118 
122 200 169 236 193 147 68 13 150 168 23 167 193 147 68 13 218 179 175 167 40 230 211 99 149 244 238 98 148 206 117 40 194 138 179 226 202 165 87 194 193 147 68 13 193 94 236 221 217 36 88 166 174 211 117 78 106 140 193 67 25 12 250 213 193 147 68 13 175 37 40 221 193 147 68 13 171 224 95 124 193 94 236 221 193 94 236 221 193 94 236 221 193 147 68 13 193 147 68 13 72 178 181 241 193 147 68 13 193 94 236 221 251 94 245 203 193 94 236 221 193 94 236 221 36 128 33 23 
87 103 105 200 157 198 44 109 14 150 158 95 87 103 105 200 226 207 203 253 177 22 134 118 4 6 220 47 52 108 39 32 4 6 220 47 87 103 105 200 161 248 238 77 117 230 7 100 107 16 53 25 4 6 220 47 4 6 220 47 128 155 32 9 81 161 62 33 87 103 105 200 4 6 220 47 15 57 221 168 87 103 105 200 87 103 105 200 225 239 139 12 225 46 183 107 46 17 207 46 142 119 39 6 87 103 105 200 141 81 136 219 87 103 105 200 79 73 14 60 4 6 220 47 30 101 203 5 
67 183 128 52 204 207 21 252 199 126 2 99 67 183 128 52 222 249 55 44 24 179 83 210 50 30 190 104 99 126 213 238 50 30 190 104 67 183 128 52 119 169 236 75 171 176 175 92 116 84 171 90 50 30 190 104 50 30 190 104 9 51 151 78 204 93 41 54 67 183 128 52 50 30 190 104 240 86 23 151 67 183 128 52 67 183 128 52 224 242 31 127 119 172 17 79 251 75 147 99 215 251 71 75 67 183 128 52 13 244 92 107 67 183 128 52 38 216 135 45 50 30 190 104 187 137 104 161 
101 0 243 95 250 86 143 29 114 19 59 8 101 0 243 95 75 6 222 177 122 119 74 132 193 127 196 141 96 56 113 168 193 127 196 141 101 0 243 95 52 147 84 118 223 80 186 65 219 112 67 65 193 127 196 141 193 127 196 141 101 73 198 209 122 118 149 11 101 0 243 95 193 127 196 141 104 248 110 202 101 0 243 95 101 0 243 95 40 82 15 97 65 35 60 245 58 58 105 224 99 102 210 126 101 0 243 95 71 16 132 151 101 0 243 95 38 225 207 101 193 127 196 141 129 47 181 89 
193 147 68 13 134 219 169 46 106 145 219 67 193 147 68 13 214 66 192 141 44 113 103 86 193 94 236 221 83 228 175 10 193 94 236 221 193 147 68 13 121 48 134 66 22 103 12 59 105 191 54 120 193 94 236 221 193 94 236 221 17 82 50 191 13 18 215 113 193 147 68 13 193 94 236 221 147 106 13 243 193 147 68 13 193 147 68 13 79 248 194 3 20 33 74 227 57 70 126 150 219 195 90 202 193 147 68 13 2 228 117 150 193 147 68 13 234 205 216 96 193 94 236 221 198 174 192 22 
87 103 105 200 166 47 206 199 126 10 75 78 135 186 244 138 56 114 81 113 9 145 90 173 27 101 10 227 68 243 220 177 4 6 220 47 93 15 69 208 124 160 72 34 42 100 20 231 4 6 220 47 90 232 46 28 84 123 251 17 2 46 4 18 18 4 171 142 100 223 200 237 154 162 209 193 4 6 220 47 87 103 105 200 209 119 127 189 209 119 127 189 18 156 84 23 210 109 141 92 4 6 220 47 4 6 220 47 208 4 33 154 9 76 20 139 16 200 211 151 87 103 105 200 4 6 220 47 
67 183 128 52 52 20 173 143 102 168 157 118 82 112 130 216 143 19 225 10 207 186 72 48 148 74 231 187 68 240 109 44 50 30 190 104 154 248 157 190 100 199 239 4 242 68 92 62 50 30 190 104 24 98 173 126 170 5 130 155 163 99 145 130 24 247 154 255 83 236 153 225 232 1 51 185 50 30 190 104 67 183 128 52 186 95 56 218 186 95 56 218 81 49 83 170 246 185 149 181 50 30 190 104 50 30 190 104 55 224 178 119 45 218 181 123 38 14 185 121 67 183 128 52 50 30 190 104 
101 0 243 95 246 223 201 97 209 127 191 144 5 79 149 243 107 36 190 124 43 73 24 42 42 34 83 222 113 87 23 52 193 127 196 141 37 148 43 161 104 101 169 89 122 236 79 50 193 127 196 141 115 102 138 68 132 17 156 204 209 91 208 75 132 136 219 249 250 195 40 121 10 18 64 3 193 127 196 141 101 0 243 95 209 58 230 157 209 58 230 157 66 48 30 95 102 140 154 128 193 127 196 141 193 127 196 141 16 229 57 186 1 232 92 38 174 212 44 214 101 0 243 95 193 127 196 141 
193 147 68 13 13 250 129 2 190 44 187 181 122 133 25 51 38 20 143 110 255 213 235 15 111 222 250 86 88 27 0 33 193 94 236 221 125 246 251 106 47 212 151 230 250 81 19 227 193 94 236 221 206 132 218 30 182 247 254 255 195 70 250 208 114 158 111 80 102 159 155 210 199 227 43 180 193 94 236 221 193 147 68 13 74 207 243 37 74 207 243 37 189 57 173 98 49 23 94 172 193 94 236 221 193 94 236 221 162 115 55 38 214 19 30 1 36 107 45 124 193 147 68 13 193 94 236 221 
105 89 237 197 4 6 220 47 4 6 220 47 4 6 220 47 175 5 154 166 11 45 182 41 217 235 224 202 155 33 26 185 130 31 91 237 87 103 105 200 205 108 159 222 147 198 114 125 87 103 105 200 185 184 57 10 87 103 105 200 4 6 220 47 83 44 0 4 150 46 215 103 95 210 141 162 155 91 149 102 4 6 220 47 4 6 220 47 87 103 105 200 87 103 105 200 151 123 156 9 157 22 87 42 4 6 220 47 87 103 105 200 243 9 162 35 128 91 146 151 181 176 2 13 146 131 176 40 
117 21 46 165 50 30 190 104 50 30 190 104 50 30 190 104 240 40 55 162 169 16 156 146 40 195 246 132 12 227 236 114 116 251 53 135 67 183 128 52 161 39 228 98 148 232 225 42 67 183 128 52 190 227 62 233 67 183 128 52 50 30 190 104 230 76 111 155 78 105 129 16 150 253 70 146 98 151 81 25 50 30 190 104 50 30 190 104 67 183 128 52 67 183 128 52 53 109 251 34 48 63 212 154 50 30 190 104 67 183 128 52 207 29 84 178 23 71 194 155 153 9 7 232 109 76 168 39 
73 52 181 96 193 127 196 141 193 127 196 141 193 127 196 141 148 46 40 77 207 89 21 200 152 61 129 107 163 52 74 27 216 36 102 180 101 0 243 95 103 63 100 48 31 185 169 30 101 0 243 95 200 165 85 95 101 0 243 95 193 127 196 141 45 236 2 160 48 6 29 94 26 47 136 228 199 146 16 148 193 127 196 141 193 127 196 141 101 0 243 95 101 0 243 95 151 82 228 67 124 241 212 11 193 127 196 141 101 0 243 95 115 205 1 176 101 86 221 133 233 67 220 108 73 2 149 102 
241 216 42 213 193 94 236 221 193 94 236 221 193 94 236 221 7 10 59 206 253 178 24 143 71 98 140 251 20 158 89 8 59 198 247 255 193 147 68 13 249 148 163 77 240 166 80 103 193 147 68 13 130 160 14 172 193 147 68 13 193 94 236 221 135 125 235 110 94 103 55 28 191 31 87 93 96 105 100 156 193 94 236 221 193 94 236 221 193 147 68 13 193 147 68 13 12 115 129 201 78 94 155 60 193 94 236 221 193 147 68 13 96 53 82 225 97 204 22 49 121 183 94 136 126 43 139 223 
15 162 246 174 31 133 121 182 87 103 105 200 87 103 105 200 4 6 220 47 24 178 162 199 4 6 220 47 145 251 45 225 87 103 105 200 156 76 186 179 4 6 220 47 188 14 10 162 85 252 186 238 4 6 220 47 106 180 204 131 101 6 15 68 100 76 169 213 87 103 105 200 6 155 236 224 87 103 105 200 171 118 47 118 4 6 220 47 4 6 220 47 86 123 18 195 13 92 148 228 4 6 220 47 4 6 220 47 87 103 105 200 199 155 63 7 165 159 7 89 4 6 220 47 87 103 105 200 
218 47 111 149 42 191 165 188 67 183 128 52 67 183 128 52 50 30 190 104 32 151 137 64 50 30 190 104 66 212 52 61 67 183 128 52 238 131 184 20 50 30 190 104 132 237 131 221 62 64 56 121 50 30 190 104 165 78 163 144 45 91 73 15 196 27 224 229 67 183 128 52 212 147 155 126 67 183 128 52 67 24 38 127 50 30 190 104 50 30 190 104 49 240 89 194 220 128 78 30 50 30 190 104 50 30 190 104 67 183 128 52 198 226 97 118 241 124 159 130 50 30 190 104 67 183 128 52 
251 158 248 254 192 193 87 225 101 0 243 95 101 0 243 95 193 127 196 141 196 88 134 60 193 127 196 141 151 82 189 118 101 0 243 95 211 186 87 215 193 127 196 141 249 215 161 120 49 173 227 21 193 127 196 141 81 71 135 230 186 36 139 183 168 63 182 78 101 0 243 95 218 143 67 19 101 0 243 95 241 153 165 118 193 127 196 141 193 127 196 141 182 129 24 199 241 175 117 44 193 127 196 141 193 127 196 141 101 0 243 95 9 153 196 81 40 117 53 58 193 127 196 141 101 0 243 95 
172 207 170 213 175 120 144 249 193 147 68 13 193 147 68 13 193 94 236 221 154 19 104 244 193 94 236 221 90 46 74 70 193 147 68 13 70 141 97 58 193 94 236 221 155 241 226 92 51 163 196 202 193 94 236 221 169 162 91 154 112 137 224 229 126 59 111 58 193 147 68 13 38 217 170 229 193 147 68 13 180 89 78 155 193 94 236 221 193 94 236 221 36 1 156 14 144 194 166 87 193 94 236 221 193 94 236 221 193 147 68 13 82 196 124 47 249 76 143 104 193 94 236 221 193 147 68 13 
4 6 220 47 4 6 220 47 52 43 184 76 4 6 220 47 250 203 237 214 182 39 94 81 4 6 220 47 221 2 32 176 10 88 64 21 60 236 59 133 87 103 105 200 181 77 133 8 3 108 57 86 198 206 174 209 211 56 7 160 13 66 17 209 4 6 220 47 181 137 186 74 37 158 38 85 243 82 147 202 150 206 227 7 17 58 240 10 24 171 114 50 132 127 212 194 4 6 220 47 23 103 196 96 52 178 10 20 170 72 169 67 87 103 105 200 186 164 232 24 87 103 105 200 196 20 65 231 
50 30 190 104 50 30 190 104 6 135 141 58 50 30 190 104 215 74 71 218 104 8 12 56 50 30 190 104 224 61 81 12 19 27 7 153 65 228 42 136 67 183 128 52 36 37 33 125 52 192 138 117 139 194 108 10 190 99 195 210 104 47 135 221 50 30 190 104 244 225 126 176 9 166 93 150 30 192 74 133 99 92 87 57 254 63 233 248 19 197 171 181 78 239 3 59 50 30 190 104 0 193 124 172 76 134 93 135 31 28 48 48 67 183 128 52 83 183 20 44 67 183 128 52 98 226 43 167 
193 127 196 141 193 127 196 141 0 183 128 196 193 127 196 141 191 147 113 88 12 49 157 255 193 127 196 141 243 119 46 149 114 6 206 41 70 138 37 86 101 0 243 95 38 224 184 172 179 192 37 29 204 214 231 26 187 215 135 74 41 125 162 194 193 127 196 141 206 183 211 55 208 169 143 235 43 6 67 28 83 203 191 155 168 144 110 128 93 89 156 168 92 131 6 169 193 127 196 141 199 182 202 17 12 169 105 31 114 244 94 201 101 0 243 95 33 193 145 143 101 0 243 95 162 83 201 187 
193 94 236 221 193 94 236 221 252 4 151 90 193 94 236 221 216 244 1 150 204 222 127 145 193 94 236 221 121 138 43 87 80 0 93 126 12 158 137 219 193 147 68 13 36 238 253 239 139 163 20 9 153 126 181 251 195 8 156 55 183 81 218 45 193 94 236 221 142 42 127 87 61 13 159 122 119 132 79 239 201 118 30 47 132 78 124 137 69 107 92 152 35 118 0 150 193 94 236 221 248 110 61 76 110 109 220 171 59 20 85 190 193 147 68 13 9 70 153 18 193 147 68 13 160 255 77 189 
71 142 29 223 87 103 105 200 162 95 15 172 27 195 109 89 71 32 196 129 87 103 105 200 43 121 88 175 87 103 105 200 134 232 78 128 177 136 154 16 87 103 105 200 233 183 33 51 153 182 253 105 104 237 5 37 157 22 164 67 87 103 105 200 87 103 105 200 87 103 105 200 1 235 174 253 4 6 220 47 17 231 20 139 165 155 16 243 4 6 220 47 52 227 168 107 87 103 105 200 4 6 220 47 11 217 67 114 87 103 105 200 87 103 105 200 4 6 220 47 87 103 105 200 249 83 37 26 
215 110 208 160 67 183 128 52 182 66 85 83 73 3 76 51 140 188 36 34 67 183 128 52 176 83 48 51 67 183 128 52 208 15 34 246 109 167 208 112 67 183 128 52 218 221 125 244 67 16 41 212 12 159 201 238 110 158 210 77 67 183 128 52 67 183 128 52 67 183 128 52 246 53 33 117 50 30 190 104 122 213 21 178 225 240 196 166 50 30 190 104 175 33 173 35 67 183 128 52 50 30 190 104 221 5 150 45 67 183 128 52 67 183 128 52 50 30 190 104 67 183 128 52 175 141 18 156 
137 207 166 93 101 0 243 95 228 149 30 66 16 249 4 104 167 18 42 198 101 0 243 95 44 39 91 138 101 0 243 95 188 158 82 168 242 94 27 54 101 0 243 95 26 238 233 118 17 174 24 36 43 224 152 123 24 183 131 39 101 0 243 95 101 0 243 95 101 0 243 95 169 245 103 104 193 127 196 141 233 78 148 197 13 230 41 47 193 127 196 141 6 4 146 213 101 0 243 95 193 127 196 141 86 85 77 227 101 0 243 95 101 0 243 95 193 127 196 141 101 0 243 95 158 198 166 63 
46 122 161 56 193 147 68 13 196 204 80 165 188 6 34 232 69 73 67 151 193 147 68 13 50 173 164 170 193 147 68 13 129 164 247 195 108 204 86 64 193 147 68 13 164 147 209 211 161 203 251 219 12 67 72 247 58 228 13 38 193 147 68 13 193 147 68 13 193 147 68 13 137 98 210 38 193 94 236 221 168 168 194 191 146 3 196 125 193 94 236 221 101 171 71 70 193 147 68 13 193 94 236 221 79 203 209 247 193 147 68 13 193 147 68 13 193 94 236 221 193 147 68 13 63 25 200 187 
86 36 253 91 75 182 151 255 84 176 40 28 4 6 220 47 183 160 28 242 75 210 116 156 103 29 209 71 4 6 220 47 4 6 220 47 204 34 177 30 87 103 105 200 60 33 27 2 4 6 220 47 87 103 105 200 1 186 147 170 137 13 56 156 209 119 127 189 4 6 220 47 87 103 105 200 4 6 220 47 230 106 165 141 156 81 198 226 195 249 174 151 135 68 251 0 51 219 139 201 1 237 174 110 75 41 134 39 4 6 220 47 4 6 220 47 172 9 59 41 87 103 105 200 4 6 220 47 
30 34 169 10 95 162 228 140 192 143 117 54 50 30 190 104 217 97 68 213 223 224 89 88 103 227 38 120 50 30 190 104 50 30 190 104 205 125 135 181 67 183 128 52 129 23 195 193 50 30 190 104 67 183 128 52 148 247 241 177 207 35 65 143 186 95 56 218 50 30 190 104 67 183 128 52 50 30 190 104 239 162 7 218 71 168 116 76 60 160 76 220 98 62 229 95 37 21 94 128 223 18 100 154 138 122 1 40 50 30 190 104 50 30 190 104 161 17 192 7 67 183 128 52 50 30 190 104 
130 253 76 99 205 61 145 11 19 22 138 112 193 127 196 141 71 218 18 33 181 179 139 247 190 181 143 147 193 127 196 141 193 127 196 141 187 42 203 119 101 0 243 95 225 214 222 192 193 127 196 141 101 0 243 95 70 111 154 120 54 237 192 124 209 58 230 157 193 127 196 141 101 0 243 95 193 127 196 141 31 45 254 42 13 4 90 108 168 65 236 60 58 125 76 166 176 137 50 37 253 193 245 66 186 64 188 156 193 127 196 141 193 127 196 141 108 201 248 232 101 0 243 95 193 127 196 141 
70 66 206 210 41 151 199 87 114 151 208 103 193 94 236 221 88 155 250 185 27 113 37 254 252 101 142 97 193 94 236 221 193 94 236 221 56 159 29 94 193 147 68 13 48 114 36 31 193 94 236 221 193 147 68 13 11 160 3 85 255 168 145 158 74 207 243 37 193 94 236 221 193 147 68 13 193 94 236 221 96 109 148 119 24 195 71 246 150 51 44 86 32 122 121 238 228 133 220 193 134 238 57 199 11 133 236 68 193 94 236 221 193 94 236 221 250 99 197 41 193 147 68 13 193 94 236 221 
87 103 105 200 4 6 220 47 137 29 103 159 255 193 176 129 133 179 66 247 88 122 131 243 129 9 128 120 145 221 146 114 232 204 76 17 4 6 220 47 208 247 250 168 108 34 156 18 4 6 220 47 251 217 46 23 105 44 22 184 253 87 236 196 71 2 32 91 73 151 246 137 4 6 220 47 4 6 220 47 123 38 152 214 28 102 111 210 87 103 105 200 249 44 45 127 77 153 137 223 229 91 158 241 87 103 105 200 4 6 220 47 215 95 53 117 4 6 220 47 87 103 105 200 4 6 220 47 
67 183 128 52 50 30 190 104 240 214 215 155 129 175 133 191 53 111 57 254 155 50 65 127 142 3 214 104 65 83 170 20 60 189 83 172 50 30 190 104 207 121 186 35 199 28 116 239 50 30 190 104 4 153 60 83 129 128 168 252 195 68 174 246 107 81 28 28 154 22 74 98 50 30 190 104 50 30 190 104 110 163 213 24 154 105 220 106 67 183 128 52 26 244 249 9 89 83 3 226 49 99 147 86 67 183 128 52 50 30 190 104 20 162 118 88 50 30 190 104 67 183 128 52 50 30 190 104 
101 0 243 95 193 127 196 141 216 195 96 195 87 77 138 236 226 3 0 24 44 151 30 167 83 239 212 200 42 58 171 89 249 92 253 245 193 127 196 141 243 107 99 170 12 137 241 193 193 127 196 141 125 186 63 47 165 183 161 92 191 203 136 220 83 136 100 36 212 104 85 217 193 127 196 141 193 127 196 141 179 195 212 6 175 22 89 251 101 0 243 95 20 236 6 217 245 22 65 91 127 247 166 69 101 0 243 95 193 127 196 141 87 225 159 245 193 127 196 141 101 0 243 95 193 127 196 141 
193 147 68 13 193 94 236 221 199 204 241 19 131 35 99 223 107 205 12 245 42 233 174 61 157 93 237 164 120 232 90 71 8 185 48 184 193 94 236 221 160 79 184 126 163 60 141 78 193 94 236 221 15 101 3 53 110 65 168 76 41 50 1 225 159 169 32 24 201 230 11 107 193 94 236 221 193 94 236 221 218 142 248 77 126 41 73 17 193 147 68 13 67 28 45 84 62 102 122 147 63 51 45 219 193 147 68 13 193 94 236 221 227 161 82 96 193 94 236 221 193 147 68 13 193 94 236 221 
87 103 105 200 87 103 105 200 162 75 86 103 182 202 48 79 246 104 32 193 200 196 166 117 4 6 220 47 87 103 105 200 38 148 25 184 10 106 79 66 139 80 8 32 69 48 145 83 4 6 220 47 4 6 220 47 6 32 154 235 4 6 220 47 211 33 32 131 121 208 80 27 90 28 162 124 4 6 220 47 87 103 105 200 29 55 8 219 182 109 120 156 79 185 162 175 87 103 105 200 4 6 220 47 4 6 220 47 26 50 60 84 136 242 74 25 119 48 101 79 119 142 185 66 44 95 161 9 
67 183 128 52 67 183 128 52 23 214 27 56 232 217 212 16 211 154 171 67 100 121 198 182 50 30 190 104 67 183 128 52 216 120 236 109 252 74 9 104 38 57 39 130 141 10 206 234 50 30 190 104 50 30 190 104 183 48 245 171 50 30 190 104 91 36 43 66 19 124 213 154 227 203 8 217 50 30 190 104 67 183 128 52 208 5 85 88 170 39 149 204 104 33 218 246 67 183 128 52 50 30 190 104 50 30 190 104 199 203 214 122 89 21 62 209 38 144 249 205 249 15 183 216 124 252 152 104 
101 0 243 95 101 0 243 95 11 163 40 55 193 177 123 225 224 16 90 22 199 175 107 48 193 127 196 141 101 0 243 95 158 3 125 237 194 138 40 187 43 158 141 226 208 65 25 55 193 127 196 141 193 127 196 141 203 213 166 246 193 127 196 141 74 239 158 141 250 2 181 214 74 238 46 38 193 127 196 141 101 0 243 95 226 46 229 34 67 218 183 131 134 22 159 58 101 0 243 95 193 127 196 141 193 127 196 141 185 107 85 122 64 5 6 202 14 214 66 117 95 77 37 87 71 6 99 30 
193 147 68 13 193 147 68 13 8 125 177 49 220 5 113 46 171 215 95 90 222 28 24 89 193 94 236 221 193 147 68 13 204 125 70 230 129 151 18 129 146 127 182 32 247 158 243 194 193 94 236 221 193 94 236 221 138 116 164 198 193 94 236 221 224 100 6 159 251 96 8 189 170 103 148 44 193 94 236 221 193 147 68 13 188 83 35 47 56 7 55 10 64 202 3 51 193 147 68 13 193 94 236 221 193 94 236 221 129 108 87 233 160 178 249 182 212 30 73 240 177 93 148 123 131 174 178 233 
17 83 94 158 149 128 231 219 228 220 45 137 212 43 158 250 133 46 11 56 218 79 109 101 72 233 124 22 87 103 105 200 4 6 220 47 63 161 23 96 93 247 250 243 4 6 220 47 4 6 220 47 4 6 220 47 233 42 7 29 7 168 177 230 9 252 133 108 211 219 48 167 48 155 214 56 87 103 105 200 87 103 105 200 4 6 220 47 19 8 150 143 87 103 105 200 112 216 160 176 4 6 220 47 27 150 139 34 158 168 94 182 4 6 220 47 37 35 236 4 200 34 61 90 4 6 220 47 
205 182 92 78 5 45 77 176 118 129 202 158 33 47 216 86 89 16 129 88 241 101 59 140 209 157 200 117 67 183 128 52 50 30 190 104 38 169 124 250 132 228 210 71 50 30 190 104 50 30 190 104 50 30 190 104 103 227 32 30 218 189 7 254 93 34 92 152 61 161 105 111 74 149 245 114 67 183 128 52 67 183 128 52 50 30 190 104 30 121 152 21 67 183 128 52 50 244 102 191 50 30 190 104 134 230 215 255 112 36 254 68 50 30 190 104 21 180 239 107 58 16 58 81 50 30 190 104 
24 120 220 173 19 179 27 77 91 198 13 17 140 242 150 101 234 243 173 35 65 75 146 41 186 18 88 101 101 0 243 95 193 127 196 141 71 216 128 24 244 91 115 78 193 127 196 141 193 127 196 141 193 127 196 141 61 13 215 199 31 169 102 50 44 225 2 83 97 214 10 110 78 247 202 168 101 0 243 95 101 0 243 95 193 127 196 141 222 110 2 244 101 0 243 95 232 8 206 222 193 127 196 141 7 11 162 24 184 224 99 0 193 127 196 141 160 209 103 12 119 76 78 25 193 127 196 141 
113 134 177 254 71 23 136 65 117 233 251 61 38 167 159 221 79 40 222 185 166 20 94 149 85 44 14 42 193 147 68 13 193 94 236 221 143 194 180 127 242 26 40 139 193 94 236 221 193 94 236 221 193 94 236 221 164 136 45 85 157 68 189 6 219 74 3 154 7 215 215 185 251 33 94 136 193 147 68 13 193 147 68 13 193 94 236 221 214 125 79 10 193 147 68 13 157 1 107 40 193 94 236 221 156 193 86 123 9 66 147 203 193 94 236 221 39 123 139 124 214 39 70 98 193 94 236 221 
