87 103 105 200 4 6 220 47 87 103 105 200 177 91 202 59 87 103 105 200 87 103 105 200 251 47 203 156 87 103 105 200 109 139 228 230 87 103 105 200 4 6 220 47 202 150 93 173 4 6 220 47 212 125 228 185 149 62 27 45 114 112 228 10 180 55 57 150 4 6 220 47 87 103 105 200 16 2 106 96 84 76 121 146 87 103 105 200 36 102 185 249 87 103 105 200 4 6 220 47 218 23 65 144 109 188 156 88 87 103 105 200 248 211 31 30 17 116 126 81 41 158 139 10 30 213 204 185 
67 183 128 52 50 30 190 104 67 183 128 52 6 133 202 128 67 183 128 52 67 183 128 52 45 63 184 123 67 183 128 52 16 62 14 45 67 183 128 52 50 30 190 104 94 1 179 130 50 30 190 104 252 8 118 90 114 219 230 226 158 56 72 147 121 218 252 126 50 30 190 104 67 183 128 52 225 68 162 165 23 28 184 240 67 183 128 52 135 81 57 204 67 183 128 52 50 30 190 104 134 214 205 43 89 25 148 93 67 183 128 52 37 80 219 82 87 189 179 156 231 244 70 104 74 212 190 27 
101 0 243 95 193 127 196 141 101 0 243 95 16 247 254 92 101 0 243 95 101 0 243 95 43 145 153 155 101 0 243 95 101 85 70 20 101 0 243 95 193 127 196 141 179 83 72 132 193 127 196 141 200 74 144 71 18 231 0 72 73 201 153 22 50 215 26 40 193 127 196 141 101 0 243 95 76 208 145 5 98 43 69 251 101 0 243 95 91 135 150 34 101 0 243 95 193 127 196 141 138 153 139 201 70 121 152 84 101 0 243 95 28 149 157 162 93 48 42 195 182 141 146 133 130 54 66 140 
193 147 68 13 193 94 236 221 193 147 68 13 65 35 2 183 193 147 68 13 193 147 68 13 119 146 7 86 193 147 68 13 90 204 14 208 193 147 68 13 193 94 236 221 97 204 83 162 193 94 236 221 117 165 51 155 222 34 226 155 155 225 190 208 40 20 130 248 193 94 236 221 193 147 68 13 193 175 120 240 109 42 220 5 193 147 68 13 19 33 234 130 193 147 68 13 193 94 236 221 35 60 147 248 178 186 129 67 193 147 68 13 86 12 155 230 110 174 233 102 67 198 62 210 173 134 176 133 
29 103 57 118 217 182 248 171 4 6 220 47 87 103 105 200 80 27 183 225 127 25 105 113 249 43 28 229 110 4 129 8 87 103 105 200 130 127 199 171 4 6 220 47 87 103 105 200 15 200 135 47 37 82 224 245 106 81 167 30 150 121 172 12 87 103 105 200 130 39 137 211 4 6 220 47 180 86 25 144 141 112 146 110 4 6 220 47 4 6 220 47 251 208 247 212 84 140 92 204 87 103 105 200 182 161 179 215 190 245 128 120 117 81 94 196 87 103 105 200 25 66 27 152 128 234 43 143 
101 60 123 74 223 137 9 178 50 30 190 104 67 183 128 52 220 50 84 14 68 124 151 148 218 103 126 29 170 158 135 143 67 183 128 52 18 8 192 216 50 30 190 104 67 183 128 52 12 217 89 127 32 131 130 231 90 112 183 3 145 235 127 9 67 183 128 52 56 158 211 160 50 30 190 104 31 222 66 180 114 27 4 35 50 30 190 104 50 30 190 104 58 149 48 21 93 78 65 173 67 183 128 52 50 87 160 185 214 226 0 142 213 102 200 176 67 183 128 52 142 210 206 78 110 17 145 68 
18 43 132 132 188 38 40 134 193 127 196 141 101 0 243 95 134 236 111 13 30 175 212 32 185 52 100 164 15 121 149 160 101 0 243 95 207 68 14 200 193 127 196 141 101 0 243 95 209 251 185 188 238 205 8 14 165 35 253 67 111 187 215 30 101 0 243 95 205 121 173 153 193 127 196 141 26 12 104 252 205 20 165 99 193 127 196 141 193 127 196 141 123 51 111 234 238 7 16 35 101 0 243 95 21 228 229 134 195 119 172 226 168 55 116 243 101 0 243 95 136 77 12 12 226 247 72 82 
67 224 209 0 234 106 120 129 193 94 236 221 193 147 68 13 43 36 5 81 106 249 233 165 14 116 10 140 39 60 49 120 193 147 68 13 102 112 170 126 193 94 236 221 193 147 68 13 66 57 240 134 131 166 104 106 74 242 225 71 210 125 179 23 193 147 68 13 30 46 10 174 193 94 236 221 13 147 5 76 102 246 46 210 193 94 236 221 193 94 236 221 210 217 22 153 238 239 153 13 193 147 68 13 235 5 113 202 20 252 179 92 249 74 97 161 193 147 68 13 84 96 178 51 105 125 175 231 
87 103 105 200 4 6 220 47 238 19 74 114 87 103 105 200 197 108 145 122 244 180 135 56 4 6 220 47 4 6 220 47 231 101 205 68 98 237 251 196 101 192 7 169 4 6 220 47 87 103 105 200 33 71 209 130 184 194 148 68 235 104 26 33 104 152 139 240 4 6 220 47 13 204 192 109 177 237 197 36 79 59 88 53 76 48 140 57 44 163 246 149 4 6 220 47 87 103 105 200 87 103 105 200 241 8 77 72 4 6 220 47 91 168 102 0 250 43 45 248 221 228 220 160 87 103 105 200 
67 183 128 52 50 30 190 104 250 159 88 85 67 183 128 52 96 4 221 106 197 183 27 9 50 30 190 104 50 30 190 104 9 253 250 36 77 43 104 123 43 71 123 198 50 30 190 104 67 183 128 52 177 195 106 59 186 16 245 101 146 138 162 28 65 86 49 4 50 30 190 104 80 22 94 207 163 170 102 16 46 78 39 17 235 12 187 69 114 22 103 165 50 30 190 104 67 183 128 52 67 183 128 52 28 231 249 241 50 30 190 104 212 253 66 235 135 136 158 89 220 37 164 2 67 183 128 52 
101 0 243 95 193 127 196 141 62 10 245 177 101 0 243 95 56 77 202 88 137 246 219 101 193 127 196 141 193 127 196 141 254 224 35 100 93 213 220 154 167 231 123 223 193 127 196 141 101 0 243 95 222 238 250 130 149 77 89 75 102 157 2 17 172 143 254 50 193 127 196 141 219 3 65 71 181 204 159 195 147 179 36 110 159 65 99 6 25 169 135 8 193 127 196 141 101 0 243 95 101 0 243 95 6 15 80 34 193 127 196 141 143 133 182 103 231 101 137 52 169 231 112 9 101 0 243 95 
193 147 68 13 193 94 236 221 74 94 36 114 193 147 68 13 52 40 210 243 34 98 120 221 193 94 236 221 193 94 236 221 123 110 50 251 178 148 28 233 26 4 157 235 193 94 236 221 193 147 68 13 196 128 144 242 179 84 179 166 81 32 215 211 158 195 234 119 193 94 236 221 121 198 191 134 225 197 195 5 189 70 201 32 223 150 70 47 158 120 14 34 193 94 236 221 193 147 68 13 193 147 68 13 4 103 242 214 193 94 236 221 178 17 139 72 9 159 172 244 196 149 78 31 193 147 68 13 
87 103 105 200 53 244 173 211 4 6 220 47 87 103 105 200 87 103 105 200 233 173 117 220 87 103 105 200 87 103 105 200 87 103 105 200 4 6 220 47 87 103 105 200 4 6 220 47 122 242 218 81 220 64 104 94 4 6 220 47 4 6 220 47 87 103 105 200 87 103 105 200 31 167 121 142 65 168 38 192 87 103 105 200 8 88 163 241 158 1 22 73 20 166 194 215 66 95 148 63 4 6 220 47 24 8 161 176 4 6 220 47 4 6 220 47 145 161 2 35 19 197 238 145 229 52 99 107 
67 183 128 52 174 80 207 95 50 30 190 104 67 183 128 52 67 183 128 52 178 113 107 189 67 183 128 52 67 183 128 52 67 183 128 52 50 30 190 104 67 183 128 52 50 30 190 104 118 94 187 94 185 8 120 209 50 30 190 104 50 30 190 104 67 183 128 52 67 183 128 52 179 244 218 39 145 170 125 231 67 183 128 52 144 12 6 102 151 97 14 159 13 136 41 199 222 129 86 20 50 30 190 104 255 23 119 60 50 30 190 104 50 30 190 104 176 32 224 92 223 213 247 80 77 205 180 89 
101 0 243 95 66 182 4 178 193 127 196 141 101 0 243 95 101 0 243 95 17 36 39 229 101 0 243 95 101 0 243 95 101 0 243 95 193 127 196 141 101 0 243 95 193 127 196 141 90 246 214 40 197 12 243 239 193 127 196 141 193 127 196 141 101 0 243 95 101 0 243 95 146 129 114 226 191 76 40 28 101 0 243 95 242 251 241 130 120 80 208 88 7 72 103 150 230 124 16 71 193 127 196 141 133 187 105 191 193 127 196 141 193 127 196 141 126 223 242 40 25 167 38 6 239 24 14 139 
193 147 68 13 202 200 12 232 193 94 236 221 193 147 68 13 193 147 68 13 118 10 219 195 193 147 68 13 193 147 68 13 193 147 68 13 193 94 236 221 193 147 68 13 193 94 236 221 189 107 144 164 67 42 37 66 193 94 236 221 193 94 236 221 193 147 68 13 193 147 68 13 131 249 82 10 51 116 61 172 193 147 68 13 108 147 41 227 143 20 42 207 174 207 249 88 134 147 139 181 193 94 236 221 248 7 6 11 193 94 236 221 193 94 236 221 75 158 199 114 160 117 114 132 190 127 4 155 
87 103 105 200 57 29 190 68 155 62 200 3 87 103 105 200 135 152 19 89 87 103 105 200 99 110 210 167 87 103 105 200 55 71 152 129 88 104 121 161 178 249 194 90 42 254 217 115 240 154 81 66 4 6 220 47 197 55 17 117 87 103 105 200 90 81 111 151 190 1 95 71 192 129 177 238 3 228 123 59 247 170 80 155 223 10 241 138 185 99 106 218 87 103 105 200 234 53 111 65 11 219 249 173 87 103 105 200 87 103 105 200 4 6 220 47 77 144 55 81 215 216 69 255 74 210 55 248 
67 183 128 52 14 99 38 8 169 175 222 71 67 183 128 52 125 83 221 223 67 183 128 52 119 10 190 189 67 183 128 52 168 20 92 202 162 48 57 216 62 208 237 158 125 140 59 207 18 162 199 235 50 30 190 104 85 40 103 96 67 183 128 52 122 224 78 248 133 226 230 47 206 68 43 36 104 44 245 188 35 16 209 234 218 179 103 248 96 14 4 45 67 183 128 52 150 92 145 83 165 25 190 230 67 183 128 52 67 183 128 52 50 30 190 104 231 44 122 59 217 6 109 67 32 153 54 181 
101 0 243 95 210 112 135 162 216 160 150 212 101 0 243 95 191 129 252 248 101 0 243 95 57 72 238 178 101 0 243 95 144 192 57 172 95 153 20 53 147 191 187 239 118 47 204 159 125 223 214 223 193 127 196 141 67 10 43 115 101 0 243 95 230 53 79 201 66 85 116 51 47 178 118 182 216 34 115 98 161 67 10 118 141 208 187 117 105 42 164 113 101 0 243 95 128 253 68 83 28 93 44 236 101 0 243 95 101 0 243 95 193 127 196 141 164 50 201 76 243 251 8 88 122 242 142 228 
193 147 68 13 83 44 188 197 224 143 1 168 193 147 68 13 87 225 101 176 193 147 68 13 101 65 183 178 193 147 68 13 94 5 17 20 59 246 16 90 231 2 51 181 86 200 245 192 101 229 157 210 193 94 236 221 240 94 28 25 193 147 68 13 133 21 44 106 231 18 202 255 26 208 30 225 113 195 50 43 51 57 188 251 141 199 5 110 33 139 176 95 193 147 68 13 87 73 30 243 76 191 5 107 193 147 68 13 193 147 68 13 193 94 236 221 236 180 199 53 166 111 47 25 163 34 104 218 
154 107 216 170 87 103 105 200 87 103 105 200 87 103 105 200 160 134 189 235 224 118 101 88 155 33 244 70 163 44 237 147 227 88 76 134 4 6 220 47 87 103 105 200 4 6 220 47 224 69 215 70 66 81 27 90 12 136 187 238 58 160 135 85 87 103 105 200 17 73 111 101 87 103 105 200 115 91 77 59 4 6 220 47 4 6 220 47 29 31 111 155 237 251 10 176 87 103 105 200 4 6 220 47 165 162 239 163 4 6 220 47 170 235 76 122 4 6 220 47 4 6 220 47 153 125 185 25 
1 153 153 188 67 183 128 52 67 183 128 52 67 183 128 52 182 7 121 184 141 116 152 152 140 17 109 119 55 227 179 79 240 64 214 75 50 30 190 104 67 183 128 52 50 30 190 104 124 94 93 242 7 1 88 235 246 45 173 82 49 102 95 67 67 183 128 52 118 206 7 10 67 183 128 52 170 155 136 123 50 30 190 104 50 30 190 104 251 200 139 241 252 175 124 76 67 183 128 52 50 30 190 104 239 220 186 109 50 30 190 104 192 106 111 215 50 30 190 104 50 30 190 104 222 28 25 72 
202 92 219 84 101 0 243 95 101 0 243 95 101 0 243 95 28 0 206 99 243 10 235 58 10 22 124 192 121 104 173 72 2 76 206 165 193 127 196 141 101 0 243 95 193 127 196 141 177 169 129 78 120 231 213 46 135 18 141 174 56 84 148 206 101 0 243 95 189 73 188 69 101 0 243 95 38 245 36 5 193 127 196 141 193 127 196 141 112 253 160 12 119 36 94 157 101 0 243 95 193 127 196 141 117 4 253 109 193 127 196 141 232 176 111 48 193 127 196 141 193 127 196 141 91 87 123 78 
163 163 28 90 193 147 68 13 193 147 68 13 193 147 68 13 43 135 155 222 130 116 248 254 185 182 146 94 35 129 211 141 43 195 96 11 193 94 236 221 193 147 68 13 193 94 236 221 153 142 12 33 7 147 198 3 115 9 111 25 37 168 190 152 193 147 68 13 141 177 23 10 193 147 68 13 154 101 121 22 193 94 236 221 193 94 236 221 74 67 124 176 199 36 231 0 193 147 68 13 193 94 236 221 244 246 90 122 193 94 236 221 136 122 186 0 193 94 236 221 193 94 236 221 247 245 14 34 
87 103 105 200 132 98 164 90 117 161 11 215 87 103 105 200 217 40 132 110 182 79 54 39 164 6 91 148 87 103 105 200 74 38 46 29 225 59 81 102 87 103 105 200 4 6 220 47 77 18 230 213 4 6 220 47 4 6 220 47 87 103 105 200 12 199 50 254 73 30 230 225 176 140 255 127 75 104 186 123 87 103 105 200 87 103 105 200 18 146 138 91 87 103 105 200 65 79 28 172 188 189 238 35 87 103 105 200 4 6 220 47 198 183 113 74 151 55 105 2 102 160 1 47 87 103 105 200 
67 183 128 52 118 201 120 138 122 42 135 216 67 183 128 52 208 218 10 52 35 246 31 14 188 64 166 103 67 183 128 52 72 207 17 11 37 125 28 4 67 183 128 52 50 30 190 104 107 74 213 163 50 30 190 104 50 30 190 104 67 183 128 52 36 157 73 173 171 0 219 156 30 53 139 93 138 58 52 187 67 183 128 52 67 183 128 52 182 217 160 4 67 183 128 52 146 128 236 137 13 180 63 91 67 183 128 52 50 30 190 104 50 85 107 110 125 229 22 165 244 229 35 175 67 183 128 52 
101 0 243 95 9 255 187 240 49 118 226 172 101 0 243 95 252 239 31 134 87 27 85 91 35 10 162 113 101 0 243 95 171 48 13 219 111 168 116 0 101 0 243 95 193 127 196 141 77 193 142 28 193 127 196 141 193 127 196 141 101 0 243 95 154 10 235 39 116 26 59 51 238 29 108 232 189 196 88 20 101 0 243 95 101 0 243 95 72 223 51 47 101 0 243 95 60 77 84 215 112 165 208 217 101 0 243 95 193 127 196 141 66 52 76 206 126 232 42 128 241 108 99 97 101 0 243 95 
193 147 68 13 205 20 63 226 101 191 93 61 193 147 68 13 213 33 241 163 234 167 136 161 111 164 253 116 193 147 68 13 119 174 216 227 61 249 140 155 193 147 68 13 193 94 236 221 8 242 225 91 193 94 236 221 193 94 236 221 193 147 68 13 164 194 182 74 107 26 250 139 32 85 180 72 156 126 164 93 193 147 68 13 193 147 68 13 19 87 217 133 193 147 68 13 24 32 229 162 141 34 52 237 193 147 68 13 193 94 236 221 51 121 84 151 41 240 74 248 13 115 66 205 193 147 68 13 
87 103 105 200 87 103 105 200 87 103 105 200 208 20 108 245 3 23 247 44 218 238 91 192 4 6 220 47 87 103 105 200 4 6 220 47 16 99 111 154 211 25 213 81 4 6 220 47 4 6 220 47 4 6 220 47 253 55 120 222 4 6 220 47 171 109 233 108 87 103 105 200 87 103 105 200 4 6 220 47 222 126 90 135 4 6 220 47 4 6 220 47 62 188 90 27 2 158 89 241 4 6 220 47 4 6 220 47 179 206 88 112 201 13 66 195 175 113 0 185 34 179 205 233 4 6 220 47 
67 183 128 52 67 183 128 52 67 183 128 52 50 11 84 246 223 170 47 69 9 76 125 23 50 30 190 104 67 183 128 52 50 30 190 104 2 190 26 73 164 150 104 194 50 30 190 104 50 30 190 104 50 30 190 104 221 49 100 207 50 30 190 104 222 30 56 225 67 183 128 52 67 183 128 52 50 30 190 104 254 233 118 95 50 30 190 104 50 30 190 104 11 161 33 136 177 16 1 84 50 30 190 104 50 30 190 104 165 249 232 92 225 96 94 122 1 132 168 2 122 147 9 136 50 30 190 104 
101 0 243 95 101 0 243 95 101 0 243 95 90 145 227 100 196 129 133 76 238 232 5 137 193 127 196 141 101 0 243 95 193 127 196 141 101 118 52 199 116 58 203 26 193 127 196 141 193 127 196 141 193 127 196 141 190 109 191 205 193 127 196 141 161 135 190 115 101 0 243 95 101 0 243 95 193 127 196 141 238 97 196 243 193 127 196 141 193 127 196 141 29 122 127 149 202 29 81 202 193 127 196 141 193 127 196 141 66 95 120 44 193 53 53 194 183 12 252 29 89 75 239 140 193 127 196 141 
193 147 68 13 193 147 68 13 193 147 68 13 193 13 26 147 166 26 98 94 63 251 207 199 193 94 236 221 193 147 68 13 193 94 236 221 161 49 228 148 246 232 152 40 193 94 236 221 193 94 236 221 193 94 236 221 55 34 15 93 193 94 236 221 245 239 234 235 193 147 68 13 193 147 68 13 193 94 236 221 247 184 245 75 193 94 236 221 193 94 236 221 42 123 215 244 24 48 131 208 193 94 236 221 193 94 236 221 64 40 18 5 42 10 166 58 13 44 112 186 5 218 9 244 193 94 236 221 
87 103 105 200 4 6 220 47 4 6 220 47 4 6 220 47 21 58 80 83 4 6 220 47 32 186 11 215 147 3 132 2 24 51 241 27 62 46 197 170 162 170 138 83 243 107 70 125 87 103 105 200 42 205 187 80 46 224 213 218 4 6 220 47 87 103 105 200 127 234 183 102 24 70 228 150 101 182 83 55 4 6 220 47 56 162 179 115 87 103 105 200 129 4 79 37 55 51 117 11 188 225 173 176 4 6 220 47 87 103 105 200 212 163 3 129 124 179 89 36 231 57 48 13 39 56 183 114 
67 183 128 52 50 30 190 104 50 30 190 104 50 30 190 104 183 6 173 9 50 30 190 104 104 125 183 102 80 101 92 37 44 41 123 107 134 136 119 94 132 36 90 81 98 143 138 250 67 183 128 52 34 43 236 234 13 44 177 34 50 30 190 104 67 183 128 52 101 105 235 177 113 62 250 127 17 100 81 231 50 30 190 104 153 186 141 211 67 183 128 52 167 74 186 136 32 107 181 205 1 227 204 153 50 30 190 104 67 183 128 52 15 177 201 6 136 59 244 80 100 254 189 114 94 74 205 44 
101 0 243 95 193 127 196 141 193 127 196 141 193 127 196 141 68 90 224 41 193 127 196 141 127 58 16 253 139 191 113 216 221 233 191 137 6 28 36 222 219 159 251 202 6 41 18 190 101 0 243 95 63 59 246 61 228 4 160 90 193 127 196 141 101 0 243 95 179 78 57 125 64 232 51 188 118 184 226 169 193 127 196 141 252 138 5 255 101 0 243 95 161 66 232 131 233 244 94 2 39 93 19 252 193 127 196 141 101 0 243 95 226 207 250 68 66 244 77 100 45 157 131 85 132 246 120 47 
193 147 68 13 193 94 236 221 193 94 236 221 193 94 236 221 66 53 15 243 193 94 236 221 113 126 106 125 241 144 238 12 227 138 140 218 67 33 1 230 63 124 152 228 97 64 73 54 193 147 68 13 184 175 95 162 35 134 120 239 193 94 236 221 193 147 68 13 250 104 216 53 223 202 33 158 19 247 245 7 193 94 236 221 184 87 18 238 193 147 68 13 190 44 234 119 53 13 37 159 224 214 219 174 193 94 236 221 193 147 68 13 231 245 237 169 16 178 166 76 169 52 110 32 83 168 181 26 
107 217 254 186 2 100 104 127 87 103 105 200 87 103 105 200 38 3 44 181 59 169 54 78 4 6 220 47 24 137 38 179 98 50 126 99 178 174 98 164 4 6 220 47 169 79 122 233 87 103 105 200 4 6 220 47 204 58 13 208 27 52 206 231 110 36 23 232 87 103 105 200 79 250 85 122 239 124 100 79 142 207 172 36 4 6 220 47 89 105 211 233 13 132 244 179 255 198 243 249 21 130 141 243 4 6 220 47 177 247 57 12 87 103 105 200 163 202 53 66 4 6 220 47 87 103 105 200 
153 238 249 230 184 11 195 54 67 183 128 52 67 183 128 52 117 203 243 140 38 236 183 147 50 30 190 104 134 101 47 226 213 235 233 131 208 253 217 156 50 30 190 104 81 240 39 125 67 183 128 52 50 30 190 104 230 102 180 27 128 114 208 123 74 38 178 3 67 183 128 52 13 3 202 79 121 229 59 199 81 183 198 41 50 30 190 104 24 243 161 246 149 5 122 251 41 236 2 54 74 194 99 197 50 30 190 104 122 87 136 138 67 183 128 52 146 114 202 141 50 30 190 104 67 183 128 52 
248 69 217 66 107 50 176 121 101 0 243 95 101 0 243 95 207 239 187 81 199 242 30 33 193 127 196 141 166 246 18 153 143 254 114 241 196 30 249 182 193 127 196 141 49 26 135 251 101 0 243 95 193 127 196 141 17 5 154 22 201 229 54 240 242 74 109 133 101 0 243 95 74 207 165 134 248 172 190 18 30 17 153 19 193 127 196 141 244 203 254 191 199 136 46 83 63 209 232 150 106 23 121 129 193 127 196 141 150 4 151 135 101 0 243 95 179 239 80 136 193 127 196 141 101 0 243 95 
28 58 217 153 235 110 55 248 193 147 68 13 193 147 68 13 216 212 191 252 52 153 255 145 193 94 236 221 182 216 193 132 200 204 163 74 230 51 25 159 193 94 236 221 107 131 236 236 193 147 68 13 193 94 236 221 212 233 173 234 202 138 160 148 207 108 61 11 193 147 68 13 109 56 132 55 193 43 34 129 225 232 232 6 193 94 236 221 63 8 156 32 34 96 160 58 212 164 224 129 157 225 64 169 193 94 236 221 44 164 21 86 193 147 68 13 153 220 242 196 193 94 236 221 193 147 68 13 
4 6 220 47 4 6 220 47 87 103 105 200 4 6 220 47 4 6 220 47 4 6 220 47 191 76 85 2 58 97 78 204 120 154 35 84 71 93 191 177 87 103 105 200 87 103 105 200 215 155 246 209 87 103 105 200 220 79 248 149 4 6 220 47 70 42 67 54 130 5 255 197 87 103 105 200 38 174 72 106 4 6 220 47 4 6 220 47 60 147 126 236 13 132 230 127 4 6 220 47 80 208 105 126 41 92 63 20 87 103 105 200 97 215 117 119 87 103 105 200 87 103 105 200 4 6 220 47 
50 30 190 104 50 30 190 104 67 183 128 52 50 30 190 104 50 30 190 104 50 30 190 104 153 234 191 211 64 47 216 255 135 115 61 248 137 196 99 40 67 183 128 52 67 183 128 52 26 180 232 234 67 183 128 52 192 171 214 47 50 30 190 104 247 106 71 184 129 114 206 54 67 183 128 52 95 122 2 194 50 30 190 104 50 30 190 104 218 144 155 36 54 221 110 93 50 30 190 104 67 53 49 73 13 109 205 158 67 183 128 52 73 239 162 253 67 183 128 52 67 183 128 52 50 30 190 104 
193 127 196 141 193 127 196 141 101 0 243 95 193 127 196 141 193 127 196 141 193 127 196 141 101 218 145 140 225 6 188 64 24 180 132 32 132 58 97 202 101 0 243 95 101 0 243 95 23 150 251 216 101 0 243 95 212 248 172 15 193 127 196 141 218 69 217 101 0 0 87 132 101 0 243 95 7 201 138 205 193 127 196 141 193 127 196 141 157 42 50 44 0 84 48 40 193 127 196 141 142 17 237 9 162 0 13 140 101 0 243 95 143 190 34 190 101 0 243 95 101 0 243 95 193 127 196 141 
193 94 236 221 193 94 236 221 193 147 68 13 193 94 236 221 193 94 236 221 193 94 236 221 220 167 215 40 72 245 132 192 231 174 151 204 54 144 22 244 193 147 68 13 193 147 68 13 49 14 190 107 193 147 68 13 41 118 225 130 193 94 236 221 116 173 136 41 85 3 155 30 193 147 68 13 249 34 162 192 193 94 236 221 193 94 236 221 40 134 190 146 175 172 245 198 193 94 236 221 31 112 219 242 233 49 90 49 193 147 68 13 225 89 209 187 193 147 68 13 193 147 68 13 193 94 236 221 
211 245 12 24 87 103 105 200 235 198 71 143 4 6 220 47 83 95 147 58 30 162 79 156 4 6 220 47 87 103 105 200 149 188 56 213 64 116 199 189 87 103 105 200 145 186 176 158 87 103 105 200 121 159 24 245 87 103 105 200 41 33 146 95 87 103 105 200 87 103 105 200 87 103 105 200 4 6 220 47 105 235 241 34 242 157 18 177 131 181 182 155 63 132 194 11 201 93 241 37 24 238 194 66 198 150 222 166 87 103 105 200 226 26 134 98 4 6 220 47 87 103 105 200 75 187 161 23 
95 245 18 209 67 183 128 52 103 236 20 55 50 30 190 104 225 254 34 214 216 236 205 153 50 30 190 104 67 183 128 52 226 95 212 155 204 143 113 139 67 183 128 52 117 158 93 165 67 183 128 52 43 25 178 161 67 183 128 52 142 161 197 39 67 183 128 52 67 183 128 52 67 183 128 52 50 30 190 104 27 105 57 241 238 127 15 236 201 78 181 26 189 186 255 6 218 38 50 43 153 225 56 9 255 203 59 251 67 183 128 52 100 226 10 1 50 30 190 104 67 183 128 52 5 206 157 114 
142 161 97 89 101 0 243 95 138 105 245 251 193 127 196 141 228 81 69 94 27 145 79 221 193 127 196 141 101 0 243 95 117 249 180 110 212 20 220 24 101 0 243 95 84 245 18 241 101 0 243 95 254 255 59 116 101 0 243 95 114 147 76 1 101 0 243 95 101 0 243 95 101 0 243 95 193 127 196 141 48 228 19 122 18 22 221 108 239 235 83 155 194 57 229 53 61 72 190 176 36 224 69 9 51 62 81 200 101 0 243 95 34 69 223 132 193 127 196 141 101 0 243 95 39 240 199 26 
239 215 71 76 193 147 68 13 61 110 125 50 193 94 236 221 115 131 6 247 202 14 11 23 193 94 236 221 193 147 68 13 122 200 174 43 121 144 135 135 193 147 68 13 125 83 100 137 193 147 68 13 77 184 210 71 193 147 68 13 55 60 7 237 193 147 68 13 193 147 68 13 193 147 68 13 193 94 236 221 191 16 231 196 13 1 133 127 62 13 102 1 0 28 154 119 94 28 85 221 53 107 169 37 49 235 64 149 193 147 68 13 73 239 34 19 193 94 236 221 193 147 68 13 137 110 31 97 
4 6 220 47 56 36 244 42 60 205 173 192 4 6 220 47 196 102 115 138 4 6 220 47 192 29 23 45 4 6 220 47 4 6 220 47 87 103 105 200 87 103 105 200 4 6 220 47 4 6 220 47 87 103 105 200 52 34 164 51 194 43 255 32 4 6 220 47 4 6 220 47 152 89 55 134 143 241 218 148 2 27 3 25 4 6 220 47 197 102 53 12 152 26 96 129 15 117 1 246 193 228 210 144 190 182 119 140 4 6 220 47 4 6 220 47 216 2 245 91 87 103 105 200 4 6 220 47 
50 30 190 104 192 214 41 74 254 201 69 100 50 30 190 104 39 126 155 239 50 30 190 104 72 146 210 64 50 30 190 104 50 30 190 104 67 183 128 52 67 183 128 52 50 30 190 104 50 30 190 104 67 183 128 52 126 43 123 137 217 217 50 152 50 30 190 104 50 30 190 104 2 109 164 130 244 17 51 174 234 205 226 78 50 30 190 104 156 253 93 71 188 90 7 147 224 94 157 111 101 217 6 224 38 205 74 162 50 30 190 104 50 30 190 104 43 55 123 182 67 183 128 52 50 30 190 104 
193 127 196 141 50 14 195 27 154 56 230 231 193 127 196 141 227 81 12 199 193 127 196 141 185 206 32 215 193 127 196 141 193 127 196 141 101 0 243 95 101 0 243 95 193 127 196 141 193 127 196 141 101 0 243 95 0 250 104 27 252 35 216 169 193 127 196 141 193 127 196 141 115 168 71 210 13 81 130 131 87 253 226 86 193 127 196 141 222 112 54 202 208 154 181 58 49 17 109 143 86 191 33 83 132 37 184 43 193 127 196 141 193 127 196 141 246 198 220 12 101 0 243 95 193 127 196 141 
193 94 236 221 40 230 100 14 162 44 67 32 193 94 236 221 141 98 134 217 193 94 236 221 168 129 111 196 193 94 236 221 193 94 236 221 193 147 68 13 193 147 68 13 193 94 236 221 193 94 236 221 193 147 68 13 0 254 80 200 130 215 229 87 193 94 236 221 193 94 236 221 158 247 253 48 37 119 34 253 148 11 1 67 193 94 236 221 29 84 106 140 241 96 70 179 164 114 109 250 8 135 145 78 120 211 207 31 193 94 236 221 193 94 236 221 89 220 199 118 193 147 68 13 193 94 236 221 
87 103 105 200 4 6 220 47 59 55 194 178 65 112 131 160 4 6 220 47 63 51 248 73 87 103 105 200 4 6 220 47 4 6 220 47 211 246 217 67 87 103 105 200 33 158 90 30 4 6 220 47 116 44 119 58 11 116 111 165 11 145 120 1 199 147 41 22 50 90 90 33 4 6 220 47 59 208 210 228 4 6 220 47 87 180 4 207 87 103 105 200 4 6 220 47 4 6 220 47 32 195 79 174 87 103 105 200 4 6 220 47 148 202 23 223 89 59 156 233 87 103 105 200 4 6 220 47 
67 183 128 52 50 30 190 104 66 97 110 57 56 4 55 14 50 30 190 104 104 100 40 122 67 183 128 52 50 30 190 104 50 30 190 104 146 63 63 185 67 183 128 52 153 224 133 135 50 30 190 104 31 50 235 29 218 243 163 208 19 139 15 58 230 221 222 6 54 92 157 45 50 30 190 104 91 207 93 103 50 30 190 104 223 89 207 46 67 183 128 52 50 30 190 104 50 30 190 104 87 213 232 18 67 183 128 52 50 30 190 104 115 234 171 6 86 183 162 208 67 183 128 52 50 30 190 104 
101 0 243 95 193 127 196 141 106 216 186 65 98 219 5 102 193 127 196 141 15 9 79 153 101 0 243 95 193 127 196 141 193 127 196 141 115 111 61 246 101 0 243 95 95 197 229 97 193 127 196 141 21 198 243 179 130 230 143 217 191 33 154 219 241 153 9 77 163 203 174 62 193 127 196 141 237 198 18 12 193 127 196 141 71 21 65 173 101 0 243 95 193 127 196 141 193 127 196 141 183 40 171 162 101 0 243 95 193 127 196 141 209 176 29 107 47 122 156 247 101 0 243 95 193 127 196 141 
193 147 68 13 193 94 236 221 116 32 44 187 47 87 57 198 193 94 236 221 29 41 102 205 193 147 68 13 193 94 236 221 193 94 236 221 146 200 69 116 193 147 68 13 145 115 119 166 193 94 236 221 167 162 95 75 37 101 181 189 40 40 4 4 245 92 31 250 9 137 57 212 193 94 236 221 116 156 4 21 193 94 236 221 164 190 233 5 193 147 68 13 193 94 236 221 193 94 236 221 251 229 65 155 193 147 68 13 193 94 236 221 126 247 160 19 12 215 89 17 193 147 68 13 193 94 236 221 
87 103 105 200 87 103 105 200 4 6 220 47 218 173 187 17 65 188 190 203 87 103 105 200 66 13 13 189 87 103 105 200 166 81 3 213 228 64 144 175 138 235 176 171 87 103 105 200 4 6 220 47 4 6 220 47 4 6 220 47 4 6 220 47 120 15 150 223 197 181 101 223 4 6 220 47 4 6 220 47 87 103 105 200 87 103 105 200 125 51 160 58 183 210 242 112 31 186 199 101 5 22 139 207 226 4 140 109 87 103 105 200 136 166 197 222 102 236 121 84 196 124 94 14 177 58 67 168 
67 183 128 52 67 183 128 52 50 30 190 104 89 37 178 174 147 146 102 254 67 183 128 52 50 39 182 27 67 183 128 52 203 196 106 162 223 210 21 23 95 144 241 159 67 183 128 52 50 30 190 104 50 30 190 104 50 30 190 104 50 30 190 104 134 167 75 0 13 113 178 245 50 30 190 104 50 30 190 104 67 183 128 52 67 183 128 52 108 96 116 56 159 103 112 0 104 226 32 79 142 132 9 194 192 68 29 124 67 183 128 52 121 75 68 21 255 116 29 149 234 101 95 201 135 39 95 143 
101 0 243 95 101 0 243 95 193 127 196 141 254 20 236 250 230 152 74 136 101 0 243 95 216 167 166 11 101 0 243 95 195 232 187 252 186 129 229 35 237 52 112 9 101 0 243 95 193 127 196 141 193 127 196 141 193 127 196 141 193 127 196 141 169 106 150 212 176 231 23 173 193 127 196 141 193 127 196 141 101 0 243 95 101 0 243 95 228 16 85 200 220 233 19 164 125 240 234 216 146 78 3 11 130 90 218 189 101 0 243 95 243 74 227 96 74 69 39 50 135 138 248 82 148 38 120 45 
193 147 68 13 193 147 68 13 193 94 236 221 82 179 67 81 79 56 101 98 193 147 68 13 71 207 204 67 193 147 68 13 43 41 52 165 51 62 240 48 214 72 173 18 193 147 68 13 193 94 236 221 193 94 236 221 193 94 236 221 193 94 236 221 156 26 231 51 249 194 147 218 193 94 236 221 193 94 236 221 193 147 68 13 193 147 68 13 49 130 9 3 81 204 70 143 48 102 118 72 107 156 233 132 27 48 59 125 193 147 68 13 23 110 210 132 216 138 222 161 238 163 26 253 238 35 215 124 
4 6 220 47 4 6 220 47 87 103 105 200 103 250 223 207 226 144 59 129 4 6 220 47 180 100 238 239 87 103 105 200 4 6 220 47 4 6 220 47 87 103 105 200 4 6 220 47 4 6 220 47 4 6 220 47 87 103 105 200 176 185 163 52 4 6 220 47 4 6 220 47 87 103 105 200 87 103 105 200 46 164 23 175 18 123 27 37 21 138 97 28 87 103 105 200 196 111 89 173 52 204 63 53 87 103 105 200 227 157 247 167 136 219 0 210 252 147 138 134 87 103 105 200 4 6 220 47 
50 30 190 104 50 30 190 104 67 183 128 52 223 161 149 190 116 153 47 163 50 30 190 104 127 191 226 61 67 183 128 52 50 30 190 104 50 30 190 104 67 183 128 52 50 30 190 104 50 30 190 104 50 30 190 104 67 183 128 52 44 230 102 232 50 30 190 104 50 30 190 104 67 183 128 52 67 183 128 52 25 170 139 139 248 232 36 138 203 41 71 113 67 183 128 52 231 118 156 72 153 177 129 142 67 183 128 52 54 133 119 87 230 39 252 145 164 126 108 120 67 183 128 52 50 30 190 104 
193 127 196 141 193 127 196 141 101 0 243 95 121 57 73 235 216 127 88 47 193 127 196 141 18 77 160 148 101 0 243 95 193 127 196 141 193 127 196 141 101 0 243 95 193 127 196 141 193 127 196 141 193 127 196 141 101 0 243 95 1 2 28 255 193 127 196 141 193 127 196 141 101 0 243 95 101 0 243 95 115 224 165 149 226 86 187 240 96 244 7 198 101 0 243 95 22 149 54 185 168 240 151 158 101 0 243 95 184 246 50 50 45 212 67 187 85 21 233 28 101 0 243 95 193 127 196 141 
193 94 236 221 193 94 236 221 193 147 68 13 250 50 140 221 85 9 180 252 193 94 236 221 113 2 252 188 193 147 68 13 193 94 236 221 193 94 236 221 193 147 68 13 193 94 236 221 193 94 236 221 193 94 236 221 193 147 68 13 204 107 50 210 193 94 236 221 193 94 236 221 193 147 68 13 193 147 68 13 82 11 250 96 83 33 56 222 98 27 117 156 193 147 68 13 244 218 192 111 75 61 84 192 193 147 68 13 138 237 197 29 83 96 187 157 95 184 120 132 193 147 68 13 193 94 236 221 
87 103 105 200 169 242 138 254 136 235 109 137 4 6 220 47 87 103 105 200 87 103 105 200 66 32 82 26 108 153 109 130 43 68 129 229 87 103 105 200 4 6 220 47 176 14 155 169 4 6 220 47 4 6 220 47 65 64 66 60 187 44 176 128 165 26 245 239 109 86 0 13 87 103 105 200 207 24 16 238 47 41 19 137 87 103 105 200 47 19 150 179 91 25 79 74 4 6 220 47 178 4 154 64 118 213 206 103 87 103 105 200 107 98 250 74 210 235 120 7 229 54 31 149 4 6 220 47 
67 183 128 52 227 82 138 68 2 158 219 207 50 30 190 104 67 183 128 52 67 183 128 52 200 0 19 189 113 116 165 73 16 241 156 194 67 183 128 52 50 30 190 104 217 130 172 51 50 30 190 104 50 30 190 104 171 44 42 27 137 34 114 150 110 150 14 81 66 73 198 133 67 183 128 52 55 69 90 10 22 143 32 238 67 183 128 52 18 22 183 215 37 3 125 131 50 30 190 104 203 206 231 128 253 70 205 12 67 183 128 52 75 241 161 116 163 10 51 0 205 240 19 118 50 30 190 104 
101 0 243 95 113 164 98 87 68 186 252 194 193 127 196 141 101 0 243 95 101 0 243 95 19 165 5 16 194 43 66 245 74 96 47 3 101 0 243 95 193 127 196 141 227 245 45 132 193 127 196 141 193 127 196 141 179 252 31 234 6 201 130 172 147 108 145 181 223 20 4 180 101 0 243 95 69 249 64 179 64 53 61 38 101 0 243 95 81 38 128 41 181 47 8 73 193 127 196 141 87 74 138 255 51 15 118 133 101 0 243 95 200 77 55 8 197 106 54 131 114 181 80 174 193 127 196 141 
193 147 68 13 185 62 143 20 228 246 217 6 193 94 236 221 193 147 68 13 193 147 68 13 249 25 111 179 251 159 211 147 136 191 213 170 193 147 68 13 193 94 236 221 199 75 239 127 193 94 236 221 193 94 236 221 191 207 133 98 209 224 189 171 183 173 27 119 170 89 236 98 193 147 68 13 164 29 142 50 163 87 156 84 193 147 68 13 140 153 10 158 158 247 213 82 193 94 236 221 40 125 50 189 170 91 59 122 193 147 68 13 9 207 152 82 145 194 210 173 51 94 17 74 193 94 236 221 
62 146 116 229 4 6 220 47 60 48 244 86 87 103 105 200 252 63 176 147 69 213 130 4 141 221 86 45 79 243 34 238 87 103 105 200 73 14 57 51 4 6 220 47 87 103 105 200 87 103 105 200 103 136 230 201 70 240 15 248 144 27 218 97 87 103 105 200 34 123 187 78 21 69 201 183 157 255 83 133 4 6 220 47 206 140 7 130 4 6 220 47 182 1 113 170 87 103 105 200 87 103 105 200 37 218 253 19 87 103 105 200 41 228 152 234 87 103 105 200 4 6 220 47 4 6 220 47 
188 205 153 200 50 30 190 104 10 42 146 47 67 183 128 52 31 6 219 81 52 159 212 83 68 128 222 224 200 181 242 188 67 183 128 52 120 183 122 79 50 30 190 104 67 183 128 52 67 183 128 52 178 38 200 50 4 8 146 173 192 191 194 117 67 183 128 52 71 252 27 253 232 110 90 201 213 244 213 174 50 30 190 104 116 16 55 73 50 30 190 104 14 38 23 124 67 183 128 52 67 183 128 52 11 220 149 1 67 183 128 52 183 153 187 198 67 183 128 52 50 30 190 104 50 30 190 104 
171 112 20 5 193 127 196 141 54 60 153 114 101 0 243 95 136 44 160 79 240 218 154 44 111 99 160 24 192 20 136 175 101 0 243 95 214 88 26 51 193 127 196 141 101 0 243 95 101 0 243 95 173 222 166 125 249 232 20 106 176 237 163 77 101 0 243 95 3 58 93 188 27 16 230 128 187 213 184 128 193 127 196 141 213 134 128 100 193 127 196 141 166 205 102 122 101 0 243 95 101 0 243 95 56 210 116 158 101 0 243 95 54 233 4 25 101 0 243 95 193 127 196 141 193 127 196 141 
197 170 47 228 193 94 236 221 181 119 203 216 193 147 68 13 139 138 8 50 125 30 172 221 158 15 144 235 89 177 93 198 193 147 68 13 241 135 137 74 193 94 236 221 193 147 68 13 193 147 68 13 60 176 116 218 103 105 138 222 218 217 173 142 193 147 68 13 224 48 213 205 161 23 43 33 230 172 245 14 193 94 236 221 148 121 94 118 193 94 236 221 214 189 68 199 193 147 68 13 193 147 68 13 125 17 65 62 193 147 68 13 195 22 126 5 193 147 68 13 193 94 236 221 193 94 236 221 
87 103 105 200 121 19 46 180 244 127 75 108 87 103 105 200 187 84 173 141 87 103 105 200 4 6 220 47 227 213 106 245 55 51 40 40 207 253 71 120 123 24 157 41 54 20 176 179 87 103 105 200 118 149 170 6 4 6 220 47 55 98 167 73 87 103 105 200 4 6 220 47 62 179 51 57 87 103 105 200 132 11 74 220 176 223 165 45 4 6 220 47 38 128 242 167 87 103 105 200 87 103 105 200 133 4 148 0 162 199 52 192 247 141 225 178 87 103 105 200 122 213 78 248 87 103 105 200 
67 183 128 52 32 29 200 157 194 9 212 232 67 183 128 52 64 207 144 74 67 183 128 52 50 30 190 104 123 97 7 207 80 140 240 81 232 243 210 140 59 50 158 225 54 190 215 172 67 183 128 52 66 52 70 92 50 30 190 104 179 221 74 205 67 183 128 52 50 30 190 104 192 173 173 174 67 183 128 52 195 15 65 100 179 167 13 201 50 30 190 104 15 221 35 255 67 183 128 52 67 183 128 52 153 186 49 149 129 119 179 100 21 97 42 241 67 183 128 52 19 23 249 163 67 183 128 52 
101 0 243 95 205 152 157 8 88 69 112 101 101 0 243 95 111 254 150 133 101 0 243 95 193 127 196 141 87 222 242 29 127 168 135 182 91 104 133 2 28 40 67 65 172 109 201 213 101 0 243 95 252 85 231 62 193 127 196 141 117 237 182 98 101 0 243 95 193 127 196 141 160 227 229 119 101 0 243 95 244 220 25 4 111 212 119 173 193 127 196 141 234 217 205 182 101 0 243 95 101 0 243 95 15 11 48 12 14 186 105 53 53 98 231 240 101 0 243 95 40 228 31 3 101 0 243 95 
193 147 68 13 117 230 31 147 113 179 236 86 193 147 68 13 177 144 196 185 193 147 68 13 193 94 236 221 19 10 117 41 81 160 40 104 224 157 96 68 203 11 146 134 93 145 199 196 193 147 68 13 74 39 171 67 193 94 236 221 14 62 239 73 193 147 68 13 193 94 236 221 68 82 219 83 193 147 68 13 195 132 222 28 226 19 11 1 193 94 236 221 22 43 31 246 193 147 68 13 193 147 68 13 62 78 43 166 165 123 234 125 185 244 251 151 193 147 68 13 77 41 13 101 193 147 68 13 
31 180 143 234 199 206 118 80 4 6 220 47 18 251 146 26 47 128 181 229 197 11 170 116 87 103 105 200 87 103 105 200 136 130 94 54 100 54 219 34 87 103 105 200 96 15 105 94 56 56 28 234 244 248 200 123 4 6 220 47 4 6 220 47 179 236 206 127 87 103 105 200 78 20 81 236 87 103 105 200 93 148 129 131 4 6 220 47 87 103 105 200 208 86 178 234 87 103 105 200 4 6 220 47 221 161 108 190 4 6 220 47 4 6 220 47 4 6 220 47 196 31 118 100 4 6 220 47 
212 72 211 44 214 132 189 6 50 30 190 104 249 22 231 3 157 85 125 46 167 123 100 157 67 183 128 52 67 183 128 52 187 147 84 202 194 39 87 72 67 183 128 52 96 223 254 232 2 126 98 84 186 22 32 125 50 30 190 104 50 30 190 104 97 63 73 114 67 183 128 52 50 131 158 212 67 183 128 52 220 190 8 127 50 30 190 104 67 183 128 52 143 115 40 85 67 183 128 52 50 30 190 104 164 123 109 227 50 30 190 104 50 30 190 104 50 30 190 104 36 218 253 31 50 30 190 104 
43 184 123 35 183 176 124 180 193 127 196 141 29 53 80 130 90 243 149 138 8 207 39 21 101 0 243 95 101 0 243 95 229 1 20 159 44 179 85 146 101 0 243 95 127 199 245 200 22 3 57 145 52 163 45 66 193 127 196 141 193 127 196 141 137 223 74 167 101 0 243 95 141 222 219 55 101 0 243 95 211 58 37 119 193 127 196 141 101 0 243 95 63 108 30 211 101 0 243 95 193 127 196 141 208 58 38 203 193 127 196 141 193 127 196 141 193 127 196 141 208 14 129 132 193 127 196 141 
71 31 115 238 9 184 197 105 193 94 236 221 229 167 25 152 140 102 79 142 252 250 242 237 193 147 68 13 193 147 68 13 192 99 167 221 130 78 227 194 193 147 68 13 98 244 179 241 117 127 179 184 125 254 175 254 193 94 236 221 193 94 236 221 2 10 116 90 193 147 68 13 120 142 153 36 193 147 68 13 127 161 95 108 193 94 236 221 193 147 68 13 250 32 221 9 193 147 68 13 193 94 236 221 185 33 26 137 193 94 236 221 193 94 236 221 193 94 236 221 174 178 93 69 193 94 236 221 
87 103 105 200 205 74 178 153 87 103 105 200 87 103 105 200 51 52 222 125 117 45 28 35 129 151 101 140 205 13 183 47 87 103 105 200 0 188 104 107 112 123 219 206 41 194 128 167 79 42 144 128 4 6 220 47 1 225 106 247 87 103 105 200 237 45 248 49 87 103 105 200 69 183 86 153 74 214 28 1 22 109 4 229 87 103 105 200 241 91 130 115 240 68 162 56 35 112 121 140 56 28 230 178 87 103 105 200 87 103 105 200 4 6 220 47 207 244 160 138 178 4 15 104 235 162 47 83 
67 183 128 52 84 144 156 40 67 183 128 52 67 183 128 52 48 191 247 86 144 8 223 149 84 114 112 17 171 169 81 1 67 183 128 52 124 20 63 58 153 151 175 98 87 7 158 148 208 18 76 193 50 30 190 104 85 70 187 7 67 183 128 52 140 215 61 158 67 183 128 52 32 45 21 18 215 239 225 99 229 61 195 238 67 183 128 52 144 179 254 113 12 22 107 39 134 56 148 41 41 7 102 220 67 183 128 52 67 183 128 52 50 30 190 104 126 249 249 91 234 113 9 105 154 98 111 161 
101 0 243 95 75 128 245 9 101 0 243 95 101 0 243 95 31 148 58 219 22 121 169 179 94 244 153 54 123 13 166 168 101 0 243 95 186 51 87 227 219 38 8 249 249 196 2 126 102 100 57 110 193 127 196 141 120 168 149 229 101 0 243 95 214 75 224 212 101 0 243 95 101 170 169 83 252 207 72 93 155 113 163 205 101 0 243 95 19 114 231 215 136 21 123 225 127 149 62 62 2 238 169 147 101 0 243 95 101 0 243 95 193 127 196 141 20 180 44 126 156 209 203 113 140 121 99 173 
193 147 68 13 87 165 49 154 193 147 68 13 193 147 68 13 255 129 125 182 14 148 52 95 136 49 152 100 196 228 193 116 193 147 68 13 78 237 88 13 190 232 134 115 217 86 241 6 183 143 23 93 193 94 236 221 140 196 40 14 193 147 68 13 231 207 75 246 193 147 68 13 145 32 106 240 37 245 181 48 228 215 101 91 193 147 68 13 241 166 60 121 206 181 96 171 206 23 160 143 14 39 0 191 193 147 68 13 193 147 68 13 193 94 236 221 90 3 35 178 43 134 221 142 201 255 133 163 
165 193 131 74 87 103 105 200 197 59 238 14 87 103 105 200 143 26 152 198 155 220 231 18 180 30 255 207 42 234 31 201 110 51 32 167 165 25 211 138 87 103 105 200 4 6 220 47 127 30 8 157 214 133 53 34 71 233 141 66 73 103 93 60 87 103 105 200 6 31 105 242 87 103 105 200 66 7 122 142 4 6 220 47 4 6 220 47 4 6 220 47 87 103 105 200 87 103 105 200 230 220 87 130 87 103 105 200 4 6 220 47 79 210 111 131 4 6 220 47 4 6 220 47 88 23 116 233 
83 177 216 252 67 183 128 52 98 53 228 189 67 183 128 52 163 211 108 238 185 108 119 238 8 126 143 210 1 45 202 196 178 222 123 19 150 216 240 23 67 183 128 52 50 30 190 104 177 49 246 100 7 217 130 225 41 17 207 40 228 164 20 18 67 183 128 52 111 97 126 3 67 183 128 52 181 190 1 194 50 30 190 104 50 30 190 104 50 30 190 104 67 183 128 52 67 183 128 52 214 237 8 39 67 183 128 52 50 30 190 104 85 166 194 104 50 30 190 104 50 30 190 104 88 161 95 157 
105 11 44 24 101 0 243 95 189 142 60 74 101 0 243 95 143 149 212 251 217 253 45 126 33 240 117 218 73 101 187 32 13 18 51 245 127 111 181 179 101 0 243 95 193 127 196 141 31 98 15 105 253 26 84 84 232 177 2 231 70 167 27 137 101 0 243 95 5 22 214 4 101 0 243 95 54 170 45 181 193 127 196 141 193 127 196 141 193 127 196 141 101 0 243 95 101 0 243 95 224 159 154 118 101 0 243 95 193 127 196 141 171 201 223 177 193 127 196 141 193 127 196 141 53 201 33 149 
5 200 0 87 193 147 68 13 27 255 108 80 193 147 68 13 236 69 158 190 182 170 40 55 30 217 106 42 67 149 128 118 27 7 30 36 202 165 87 194 193 147 68 13 193 94 236 221 68 142 77 105 71 50 223 159 211 192 64 138 37 242 101 139 193 147 68 13 131 32 240 47 193 147 68 13 190 38 128 67 193 94 236 221 193 94 236 221 193 94 236 221 193 147 68 13 193 147 68 13 72 178 181 241 193 147 68 13 193 94 236 221 219 72 177 146 193 94 236 221 193 94 236 221 203 86 179 152 
87 103 105 200 158 65 242 39 153 149 121 31 87 103 105 200 173 54 228 36 3 251 237 181 4 6 220 47 114 191 149 16 4 6 220 47 87 103 105 200 228 90 63 213 117 230 7 100 239 189 37 98 4 6 220 47 4 6 220 47 128 155 32 9 162 254 114 157 87 103 105 200 4 6 220 47 15 57 221 168 87 103 105 200 87 103 105 200 160 117 9 250 221 145 99 78 205 89 122 41 0 214 81 214 87 103 105 200 141 81 136 219 87 103 105 200 28 198 177 48 4 6 220 47 30 101 203 5 
67 183 128 52 162 84 62 220 131 225 140 9 67 183 128 52 124 34 78 135 106 34 149 152 50 30 190 104 82 94 10 197 50 30 190 104 67 183 128 52 235 52 125 146 171 176 175 92 122 23 123 60 50 30 190 104 50 30 190 104 9 51 151 78 230 43 186 7 67 183 128 52 50 30 190 104 240 86 23 151 67 183 128 52 67 183 128 52 168 138 159 176 35 10 207 187 251 180 19 187 133 5 88 67 67 183 128 52 13 244 92 107 67 183 128 52 108 98 32 154 50 30 190 104 187 137 104 161 
101 0 243 95 205 253 35 33 219 30 55 105 101 0 243 95 232 107 105 149 117 102 129 75 193 127 196 141 253 72 99 157 193 127 196 141 101 0 243 95 171 210 5 129 223 80 186 65 189 163 104 133 193 127 196 141 193 127 196 141 101 73 198 209 185 216 70 117 101 0 243 95 193 127 196 141 104 248 110 202 101 0 243 95 101 0 243 95 121 132 121 196 45 237 237 237 136 27 166 67 194 87 28 175 101 0 243 95 71 16 132 151 101 0 243 95 220 33 32 84 193 127 196 141 129 47 181 89 
193 147 68 13 81 135 40 85 60 64 121 144 193 147 68 13 151 110 24 52 183 192 53 225 193 94 236 221 111 25 108 171 193 94 236 221 193 147 68 13 37 138 149 35 22 103 12 59 160 204 11 79 193 94 236 221 193 94 236 221 17 82 50 191 86 204 204 28 193 147 68 13 193 94 236 221 147 106 13 243 193 147 68 13 193 147 68 13 58 66 116 184 113 133 194 158 109 104 50 32 96 3 185 231 193 147 68 13 2 228 117 150 193 147 68 13 186 175 228 16 193 94 236 221 198 174 192 22 
87 103 105 200 236 170 214 191 34 76 46 133 80 197 44 10 198 61 183 126 222 85 69 63 16 59 187 164 68 243 220 177 4 6 220 47 167 13 100 165 234 5 46 214 42 100 20 231 4 6 220 47 90 232 46 28 21 197 125 29 100 127 115 197 117 3 23 201 11 17 29 245 87 103 105 200 4 6 220 47 87 103 105 200 47 81 57 223 206 140 7 130 18 156 84 23 162 237 61 17 4 6 220 47 4 6 220 47 208 4 33 154 9 76 20 139 16 200 211 151 87 103 105 200 4 6 220 47 
67 183 128 52 182 24 211 155 248 53 174 248 154 43 78 163 193 25 77 40 15 244 122 91 38 132 96 163 68 240 109 44 50 30 190 104 189 211 232 197 67 180 196 200 242 68 92 62 50 30 190 104 24 98 173 126 184 61 26 10 224 89 204 181 153 1 8 131 116 34 75 75 67 183 128 52 50 30 190 104 67 183 128 52 113 233 249 180 116 16 55 73 81 49 83 170 164 252 194 161 50 30 190 104 50 30 190 104 55 224 178 119 45 218 181 123 38 14 185 121 67 183 128 52 50 30 190 104 
101 0 243 95 66 231 117 2 117 54 234 227 188 26 200 158 218 97 117 102 104 238 149 81 248 50 109 94 113 87 23 52 193 127 196 141 238 99 193 137 165 221 251 149 122 236 79 50 193 127 196 141 115 102 138 68 38 124 247 131 204 54 20 244 225 205 198 253 17 156 67 89 101 0 243 95 193 127 196 141 101 0 243 95 199 31 92 71 213 134 128 100 66 48 30 95 95 160 214 248 193 127 196 141 193 127 196 141 16 229 57 186 1 232 92 38 174 212 44 214 101 0 243 95 193 127 196 141 
193 147 68 13 71 114 130 126 250 34 163 160 131 48 154 128 191 12 87 128 123 207 241 6 43 3 213 147 88 27 0 33 193 94 236 221 204 217 247 20 236 75 189 230 250 81 19 227 193 94 236 221 206 132 218 30 83 133 191 83 57 27 171 113 172 208 243 184 21 21 33 30 193 147 68 13 193 94 236 221 193 147 68 13 47 113 4 80 148 121 94 118 189 57 173 98 241 162 178 19 193 94 236 221 193 94 236 221 162 115 55 38 214 19 30 1 36 107 45 124 193 147 68 13 193 94 236 221 
27 103 147 130 4 6 220 47 4 6 220 47 4 6 220 47 226 50 82 220 11 45 182 41 211 143 132 195 151 243 247 77 13 89 176 125 87 103 105 200 131 46 180 133 199 12 39 104 87 103 105 200 206 184 24 235 87 103 105 200 4 6 220 47 102 146 58 20 251 236 4 220 95 210 141 162 15 124 125 127 4 6 220 47 4 6 220 47 87 103 105 200 87 103 105 200 56 80 166 165 221 141 25 92 4 6 220 47 87 103 105 200 16 220 29 151 94 249 22 100 200 218 22 4 115 159 67 202 
185 72 18 133 50 30 190 104 50 30 190 104 50 30 190 104 111 140 105 10 169 16 156 146 31 155 3 210 162 71 192 3 71 146 72 211 67 183 128 52 217 116 237 182 96 153 60 194 67 183 128 52 13 211 59 58 67 183 128 52 50 30 190 104 63 158 196 253 52 127 65 87 150 253 70 146 112 105 5 209 50 30 190 104 50 30 190 104 67 183 128 52 67 183 128 52 190 206 60 191 35 21 99 24 50 30 190 104 67 183 128 52 149 138 246 172 63 57 231 71 132 171 91 107 204 97 201 218 
114 226 63 104 193 127 196 141 193 127 196 141 193 127 196 141 118 239 155 241 207 89 21 200 254 194 188 152 30 7 38 5 69 83 75 195 101 0 243 95 250 225 146 232 143 98 213 78 101 0 243 95 141 212 247 133 101 0 243 95 193 127 196 141 199 196 179 77 88 30 104 9 26 47 136 228 39 74 106 19 193 127 196 141 193 127 196 141 101 0 243 95 101 0 243 95 167 245 51 185 246 187 136 104 193 127 196 141 101 0 243 95 132 55 183 99 255 243 223 172 122 198 236 181 255 239 239 110 
61 95 22 231 193 94 236 221 193 94 236 221 193 94 236 221 32 223 83 77 253 178 24 143 172 223 212 145 235 213 44 220 81 79 98 182 193 147 68 13 50 104 255 11 62 63 211 5 193 147 68 13 228 217 97 95 193 147 68 13 193 94 236 221 155 6 113 127 101 19 219 103 191 31 87 93 75 109 0 248 193 94 236 221 193 94 236 221 193 147 68 13 193 147 68 13 216 212 234 194 215 151 104 161 193 94 236 221 193 147 68 13 226 1 231 85 235 152 149 79 8 175 242 198 134 51 10 119 
172 62 125 201 194 87 158 101 87 103 105 200 87 103 105 200 4 6 220 47 132 213 58 223 4 6 220 47 4 6 220 47 87 103 105 200 235 211 18 21 4 6 220 47 31 178 36 60 0 48 174 68 4 6 220 47 42 64 41 107 235 164 85 144 231 113 93 124 87 103 105 200 6 155 236 224 87 103 105 200 26 216 148 100 4 6 220 47 4 6 220 47 44 222 231 249 23 124 182 164 4 6 220 47 4 6 220 47 87 103 105 200 248 68 61 213 165 159 7 89 4 6 220 47 87 103 105 200 
73 104 223 63 68 255 147 247 67 183 128 52 67 183 128 52 50 30 190 104 18 196 39 155 50 30 190 104 50 30 190 104 67 183 128 52 68 251 131 84 50 30 190 104 187 193 199 168 7 95 182 177 50 30 190 104 175 217 230 161 214 219 227 83 169 79 82 81 67 183 128 52 212 147 155 126 67 183 128 52 103 65 113 45 50 30 190 104 50 30 190 104 85 187 22 72 161 37 21 122 50 30 190 104 50 30 190 104 67 183 128 52 151 174 22 2 241 124 159 130 50 30 190 104 67 183 128 52 
153 190 56 240 95 18 193 97 101 0 243 95 101 0 243 95 193 127 196 141 19 208 145 150 193 127 196 141 193 127 196 141 101 0 243 95 125 171 82 233 193 127 196 141 123 102 152 82 10 74 184 18 193 127 196 141 143 128 134 49 125 155 132 92 127 170 37 65 101 0 243 95 218 143 67 19 101 0 243 95 17 188 5 129 193 127 196 141 193 127 196 141 164 205 76 43 240 40 165 188 193 127 196 141 193 127 196 141 101 0 243 95 192 29 34 219 40 117 53 58 193 127 196 141 101 0 243 95 
60 26 91 216 242 140 187 49 193 147 68 13 193 147 68 13 193 94 236 221 245 76 115 126 193 94 236 221 193 94 236 221 193 147 68 13 5 250 244 44 193 94 236 221 89 3 187 118 51 34 249 197 193 94 236 221 168 249 140 186 84 143 206 230 111 25 137 18 193 147 68 13 38 217 170 229 193 147 68 13 212 88 179 176 193 94 236 221 193 94 236 221 60 13 139 107 8 131 119 21 193 94 236 221 193 94 236 221 193 147 68 13 200 52 68 215 249 76 143 104 193 94 236 221 193 147 68 13 
4 6 220 47 4 6 220 47 91 146 146 117 4 6 220 47 151 23 55 50 111 192 65 31 4 6 220 47 98 224 241 183 209 191 117 226 203 11 146 16 87 103 105 200 80 1 24 245 242 215 116 226 159 123 193 164 128 193 93 147 255 53 201 44 4 6 220 47 240 91 30 71 126 195 120 176 85 4 2 92 247 214 114 119 239 184 207 103 121 130 248 210 132 127 212 194 4 6 220 47 184 83 205 138 3 19 145 199 87 103 105 200 87 103 105 200 163 81 89 209 87 103 105 200 60 144 105 89 
50 30 190 104 50 30 190 104 55 205 202 29 50 30 190 104 46 116 211 143 217 9 252 80 50 30 190 104 232 139 153 182 227 242 255 203 60 5 11 199 67 183 128 52 95 67 213 170 128 197 248 244 144 67 222 101 56 22 167 125 98 76 17 197 50 30 190 104 195 50 115 63 142 104 123 79 88 253 230 113 201 100 156 154 8 132 159 231 216 56 218 186 78 239 3 59 50 30 190 104 144 45 88 64 250 126 208 81 67 183 128 52 67 183 128 52 16 78 142 227 67 183 128 52 18 44 175 157 
193 127 196 141 193 127 196 141 132 170 188 96 193 127 196 141 202 6 101 74 24 175 78 193 193 127 196 141 56 221 86 17 129 5 90 156 121 239 57 229 101 0 243 95 103 8 231 185 140 217 150 168 97 68 163 27 232 54 207 131 146 137 7 164 193 127 196 141 51 202 168 170 200 201 186 7 192 144 88 144 247 94 1 33 34 33 34 104 148 31 70 183 92 131 6 169 193 127 196 141 182 191 237 133 13 109 35 187 101 0 243 95 101 0 243 95 37 136 220 32 101 0 243 95 130 199 215 206 
193 94 236 221 193 94 236 221 200 166 242 55 193 94 236 221 190 227 53 214 113 204 63 229 193 94 236 221 166 159 18 33 84 34 162 129 199 111 225 183 193 147 68 13 205 190 115 32 24 120 105 46 142 139 246 233 26 110 200 69 172 49 22 6 193 94 236 221 54 30 186 149 237 5 70 127 155 118 208 251 136 107 254 32 166 9 177 14 57 215 252 66 35 118 0 150 193 94 236 221 87 69 200 250 144 212 92 97 193 147 68 13 193 147 68 13 93 208 242 29 193 147 68 13 55 201 101 168 
144 211 23 117 87 103 105 200 200 83 213 243 208 228 24 81 71 32 196 129 87 103 105 200 225 100 64 171 87 103 105 200 139 31 226 166 209 81 48 177 87 103 105 200 99 22 229 197 31 70 45 15 9 227 62 73 213 180 23 124 87 103 105 200 87 103 105 200 87 103 105 200 246 120 225 62 4 6 220 47 36 174 7 37 175 110 228 204 4 6 220 47 52 227 168 107 87 103 105 200 4 6 220 47 136 227 14 146 87 103 105 200 87 103 105 200 4 6 220 47 87 103 105 200 230 43 121 57 
147 2 201 213 67 183 128 52 0 49 57 166 245 251 242 167 140 188 36 34 67 183 128 52 220 234 140 143 67 183 128 52 169 35 146 29 156 185 128 229 67 183 128 52 57 234 232 13 142 209 227 114 29 197 17 137 127 217 168 70 67 183 128 52 67 183 128 52 67 183 128 52 115 13 155 6 50 30 190 104 72 123 3 15 201 126 79 25 50 30 190 104 175 33 173 35 67 183 128 52 50 30 190 104 86 48 243 84 67 183 128 52 67 183 128 52 50 30 190 104 67 183 128 52 224 240 30 106 
123 209 117 33 101 0 243 95 7 67 150 164 208 39 49 230 167 18 42 198 101 0 243 95 30 144 151 65 101 0 243 95 96 76 4 118 194 90 72 98 101 0 243 95 148 252 27 50 139 243 81 15 13 25 119 9 145 240 201 132 101 0 243 95 101 0 243 95 101 0 243 95 135 52 76 74 193 127 196 141 193 240 230 83 193 175 237 70 193 127 196 141 6 4 146 213 101 0 243 95 193 127 196 141 29 199 84 241 101 0 243 95 101 0 243 95 193 127 196 141 101 0 243 95 247 82 253 94 
32 111 210 160 193 147 68 13 29 155 14 200 205 61 85 92 69 73 67 151 193 147 68 13 219 4 158 213 193 147 68 13 234 69 40 227 99 183 34 89 193 147 68 13 123 103 184 186 232 10 36 145 251 253 143 129 44 149 222 16 193 147 68 13 193 147 68 13 193 147 68 13 185 50 158 175 193 94 236 221 178 18 16 87 51 65 158 247 193 94 236 221 101 171 71 70 193 147 68 13 193 94 236 221 77 18 108 91 193 147 68 13 193 147 68 13 193 94 236 221 193 147 68 13 178 134 49 15 
192 203 141 217 229 233 68 249 84 153 134 140 4 6 220 47 211 123 254 192 75 210 116 156 103 29 209 71 4 6 220 47 4 6 220 47 204 34 177 30 87 103 105 200 134 203 92 177 4 6 220 47 87 103 105 200 190 165 27 50 212 76 4 130 206 140 7 130 4 6 220 47 87 103 105 200 4 6 220 47 230 106 165 141 156 81 198 226 204 184 187 160 135 68 251 0 90 207 92 235 1 237 174 110 75 41 134 39 4 6 220 47 4 6 220 47 169 23 198 47 87 103 105 200 4 6 220 47 
213 122 250 96 35 218 56 95 2 91 99 9 50 30 190 104 178 39 33 221 223 224 89 88 103 227 38 120 50 30 190 104 50 30 190 104 205 125 135 181 67 183 128 52 108 187 11 211 50 30 190 104 67 183 128 52 45 20 82 34 96 202 164 49 116 16 55 73 50 30 190 104 67 183 128 52 50 30 190 104 239 162 7 218 71 168 116 76 224 123 65 52 98 62 229 95 228 24 205 174 223 18 100 154 138 122 1 40 50 30 190 104 50 30 190 104 202 179 102 88 67 183 128 52 50 30 190 104 
126 138 190 3 251 149 138 91 69 42 58 84 193 127 196 141 139 74 176 1 181 179 139 247 190 181 143 147 193 127 196 141 193 127 196 141 187 42 203 119 101 0 243 95 210 136 241 6 193 127 196 141 101 0 243 95 231 125 75 214 105 225 115 202 213 134 128 100 193 127 196 141 101 0 243 95 193 127 196 141 31 45 254 42 13 4 90 108 105 213 8 120 58 125 76 166 63 80 162 57 253 193 245 66 186 64 188 156 193 127 196 141 193 127 196 141 42 155 36 154 101 0 243 95 193 127 196 141 
103 225 102 71 17 228 44 32 207 226 38 77 193 94 236 221 143 206 56 109 27 113 37 254 252 101 142 97 193 94 236 221 193 94 236 221 56 159 29 94 193 147 68 13 32 131 37 7 193 94 236 221 193 147 68 13 91 200 67 181 60 41 49 79 148 121 94 118 193 94 236 221 193 147 68 13 193 94 236 221 96 109 148 119 24 195 71 246 113 111 239 119 32 122 121 238 113 18 21 235 134 238 57 199 11 133 236 68 193 94 236 221 193 94 236 221 183 239 98 220 193 147 68 13 193 94 236 221 
87 103 105 200 4 6 220 47 130 105 62 186 227 243 172 50 233 59 108 246 21 166 224 237 173 112 197 86 157 198 201 96 71 74 179 137 4 6 220 47 130 48 144 221 98 206 118 63 4 6 220 47 100 37 170 115 168 97 75 68 72 79 207 24 64 15 122 230 196 62 74 220 4 6 220 47 4 6 220 47 82 73 251 247 131 166 104 197 87 103 105 200 225 144 49 8 156 139 149 219 208 131 96 15 87 103 105 200 4 6 220 47 1 48 41 136 4 6 220 47 87 103 105 200 4 6 220 47 
67 183 128 52 50 30 190 104 38 233 101 154 117 199 162 167 1 245 213 216 103 200 207 1 225 118 214 207 59 142 43 106 92 117 228 198 50 30 190 104 206 124 190 139 88 216 244 141 50 30 190 104 94 51 175 202 197 129 61 92 125 52 125 125 255 153 157 41 164 248 120 117 50 30 190 104 50 30 190 104 233 41 65 174 79 7 14 186 67 183 128 52 245 186 226 39 125 241 154 61 183 229 6 81 67 183 128 52 50 30 190 104 224 212 106 98 50 30 190 104 67 183 128 52 50 30 190 104 
101 0 243 95 193 127 196 141 91 63 44 94 233 222 212 137 184 125 159 193 87 48 187 80 154 219 170 44 106 76 111 130 61 171 10 211 193 127 196 141 205 136 64 136 36 55 46 148 193 127 196 141 183 246 33 143 176 90 42 192 156 61 81 194 209 219 128 207 132 242 88 130 193 127 196 141 193 127 196 141 15 249 200 207 242 44 33 123 101 0 243 95 38 117 140 56 112 211 178 197 248 114 203 148 101 0 243 95 193 127 196 141 172 141 167 153 193 127 196 141 101 0 243 95 193 127 196 141 
193 147 68 13 193 94 236 221 32 235 68 96 220 171 34 240 181 161 189 165 93 21 91 201 127 22 70 237 229 6 98 134 214 22 243 92 193 94 236 221 156 104 107 222 107 88 170 10 193 94 236 221 251 191 196 46 252 149 194 138 172 235 211 39 152 186 122 158 185 22 11 226 193 94 236 221 193 94 236 221 98 94 5 252 17 113 89 166 193 147 68 13 211 58 86 52 244 204 17 46 68 54 58 108 193 147 68 13 193 94 236 221 202 209 189 50 193 94 236 221 193 147 68 13 193 94 236 221 
87 103 105 200 87 103 105 200 162 78 113 238 61 41 114 102 74 235 95 163 153 183 94 189 4 6 220 47 87 103 105 200 241 146 98 158 123 160 213 170 253 65 156 206 137 90 236 187 4 6 220 47 4 6 220 47 63 15 150 183 4 6 220 47 33 90 124 34 142 224 250 52 84 77 183 133 4 6 220 47 87 103 105 200 124 27 222 43 187 200 2 109 125 191 72 61 87 103 105 200 4 6 220 47 4 6 220 47 60 65 106 177 205 197 48 89 99 196 141 102 119 142 185 66 185 202 187 102 
67 183 128 52 67 183 128 52 150 213 188 129 24 59 215 126 194 219 27 191 68 159 108 174 50 30 190 104 67 183 128 52 181 238 250 20 158 174 21 248 178 117 64 205 238 225 11 208 50 30 190 104 50 30 190 104 194 168 253 247 50 30 190 104 27 14 238 246 251 61 225 185 191 30 96 235 50 30 190 104 67 183 128 52 250 238 90 67 198 14 34 39 245 63 150 95 67 183 128 52 50 30 190 104 50 30 190 104 248 146 115 217 204 78 130 157 225 89 48 146 249 15 183 216 47 105 248 70 
101 0 243 95 101 0 243 95 68 72 213 251 6 85 86 182 33 220 40 98 153 136 1 143 193 127 196 141 101 0 243 95 103 244 172 31 27 60 34 165 99 114 206 122 78 98 37 204 193 127 196 141 193 127 196 141 5 154 124 117 193 127 196 141 146 190 146 74 39 77 205 204 109 109 52 70 193 127 196 141 101 0 243 95 6 99 64 178 42 59 126 203 241 163 136 98 101 0 243 95 193 127 196 141 193 127 196 141 147 128 175 3 231 18 148 180 10 53 167 222 95 77 37 87 94 180 52 80 
193 147 68 13 193 147 68 13 39 168 233 116 145 174 216 25 251 137 9 18 43 26 65 188 193 94 236 221 193 147 68 13 67 127 239 55 234 235 147 212 223 65 116 0 9 173 114 45 193 94 236 221 193 94 236 221 29 42 186 164 193 94 236 221 181 143 110 35 170 99 137 32 170 195 94 55 193 94 236 221 193 147 68 13 238 193 131 48 209 118 207 121 208 168 204 15 193 147 68 13 193 94 236 221 193 94 236 221 133 85 116 241 7 14 236 14 201 239 109 152 177 93 148 123 126 30 207 52 
17 83 94 158 76 172 73 141 228 220 45 137 253 183 242 85 51 10 243 89 218 79 109 101 72 233 124 22 87 103 105 200 4 6 220 47 101 33 201 218 93 247 250 243 4 6 220 47 4 6 220 47 4 6 220 47 130 17 241 86 226 181 216 18 9 252 133 108 78 14 217 183 48 155 214 56 87 103 105 200 87 103 105 200 4 6 220 47 123 74 167 14 87 103 105 200 209 181 217 206 4 6 220 47 27 150 139 34 196 127 151 117 4 6 220 47 37 35 236 4 236 186 139 151 4 6 220 47 
205 182 92 78 112 12 191 178 118 129 202 158 74 46 158 67 230 123 156 205 241 101 59 140 209 157 200 117 67 183 128 52 50 30 190 104 127 141 97 85 132 228 210 71 50 30 190 104 50 30 190 104 50 30 190 104 21 61 34 216 20 121 55 233 93 34 92 152 183 118 123 250 74 149 245 114 67 183 128 52 67 183 128 52 50 30 190 104 123 42 189 219 67 183 128 52 100 42 54 188 50 30 190 104 134 230 215 255 33 188 131 10 50 30 190 104 21 180 239 107 3 220 17 230 50 30 190 104 
24 120 220 173 128 145 187 170 91 198 13 17 188 83 113 251 85 181 9 122 65 75 146 41 186 18 88 101 101 0 243 95 193 127 196 141 83 35 164 171 244 91 115 78 193 127 196 141 193 127 196 141 193 127 196 141 90 179 43 77 239 213 181 225 44 225 2 83 187 12 96 25 78 247 202 168 101 0 243 95 101 0 243 95 193 127 196 141 208 108 74 37 101 0 243 95 219 8 198 27 193 127 196 141 7 11 162 24 228 107 67 251 193 127 196 141 160 209 103 12 219 201 204 219 193 127 196 141 
113 134 177 254 158 54 13 73 117 233 251 61 4 149 179 180 174 231 57 2 166 20 94 149 85 44 14 42 193 147 68 13 193 94 236 221 254 181 51 21 242 26 40 139 193 94 236 221 193 94 236 221 193 94 236 221 135 188 101 192 68 237 190 156 219 74 3 154 18 119 19 40 251 33 94 136 193 147 68 13 193 147 68 13 193 94 236 221 158 9 82 55 193 147 68 13 234 206 250 199 193 94 236 221 156 193 86 123 99 238 64 187 193 94 236 221 39 123 139 124 14 195 190 144 193 94 236 221 
