186 187 245 163 98 227 108 161 166 110 196 51 254 186 27 133 87 149 47 27 206 187 85 201 140 36 88 97 18 170 219 155 205 33 251 76 117 242 167 208 186 15 178 241 205 24 81 197 25 18 138 222 20 226 74 22 56 21 231 224 82 211 106 49 169 109 254 166 79 122 22 160 120 45 253 85 47 107 253 183 225 91 153 22 194 37 146 178 30 98 156 67 122 107 56 170 172 31 154 33 124 182 186 46 197 220 7 158 4 91 193 163 155 106 85 138 223 74 207 207 33 208 123 182 251 99 219 51 
72 221 131 30 251 197 3 24 30 109 1 96 217 138 225 95 59 51 247 111 171 5 169 224 201 57 13 56 244 215 37 154 31 130 115 154 80 29 216 89 62 56 215 86 71 148 150 125 81 185 140 128 187 132 200 252 50 161 255 110 135 115 225 236 154 15 32 153 35 127 76 175 188 200 217 133 190 106 105 9 228 197 205 139 6 2 157 44 89 89 46 199 216 96 81 150 5 100 142 52 44 150 190 121 84 37 111 29 59 126 49 172 57 52 253 238 142 36 250 113 88 91 222 33 70 97 206 253 
66 170 152 147 95 39 120 250 119 84 41 185 18 130 95 173 154 127 58 170 143 244 161 201 154 208 79 11 86 118 10 203 178 163 68 7 31 65 130 198 59 135 166 86 144 229 114 16 249 171 243 80 115 225 122 229 213 160 49 2 180 32 86 211 38 141 248 172 69 167 56 66 5 108 220 206 99 233 235 68 97 115 241 32 172 246 203 111 182 173 30 77 41 204 113 231 144 3 68 181 132 153 45 228 68 54 73 238 119 92 227 109 13 66 155 228 43 21 56 205 248 217 131 161 236 255 178 170 
198 249 76 64 48 149 58 239 5 199 89 245 111 35 75 7 13 215 91 29 237 116 14 37 203 198 173 179 219 162 230 44 196 103 109 182 7 40 18 171 145 155 139 245 131 212 68 239 239 99 141 82 5 74 153 147 6 231 24 99 27 19 153 3 176 207 70 186 68 115 93 0 224 217 145 235 240 46 59 112 38 147 175 117 109 131 20 244 197 234 53 227 194 233 116 4 16 191 246 188 197 153 155 230 174 211 152 217 155 85 228 123 106 111 251 125 183 133 164 128 189 13 33 246 21 180 77 51 
221 249 225 213 150 245 196 189 78 85 119 69 19 234 129 42 83 75 249 105 102 71 227 227 164 18 64 187 63 56 162 214 226 146 254 33 3 83 3 86 161 12 40 27 128 240 29 44 247 176 137 89 73 21 125 218 57 169 177 102 223 236 135 69 137 129 38 149 178 19 25 42 110 81 2 128 10 239 187 227 198 216 35 155 74 44 221 199 112 181 153 139 60 176 136 142 88 55 237 120 226 157 158 56 193 64 253 194 195 228 46 98 136 242 190 4 193 198 73 10 18 191 190 182 177 49 93 109 
227 123 48 174 49 104 33 248 32 23 35 28 47 65 92 153 185 164 93 191 238 175 112 15 62 152 11 133 211 16 92 80 217 169 99 124 51 58 64 247 11 56 8 207 231 174 48 83 63 80 46 135 67 74 239 7 253 102 62 63 129 105 151 125 237 68 20 97 180 171 139 152 26 67 214 174 48 123 46 249 79 165 36 33 2 224 246 7 246 128 89 163 5 18 21 113 80 181 80 190 67 188 53 240 121 123 197 62 177 9 174 7 152 83 246 1 11 187 121 252 204 167 149 72 167 162 71 243 
158 57 54 251 231 151 80 224 53 234 162 36 38 221 18 159 242 22 66 71 190 253 84 128 214 22 98 229 155 20 224 76 157 71 58 158 54 79 45 60 115 1 113 124 156 6 125 115 36 191 139 35 35 253 227 54 60 225 17 72 44 82 33 96 172 216 146 251 38 85 191 82 86 158 128 193 73 143 235 132 13 21 51 198 216 142 101 31 72 221 98 127 137 77 254 124 124 16 252 226 202 63 176 87 46 119 120 72 234 82 74 29 18 172 1 202 8 171 121 109 109 103 12 247 47 120 55 178 
123 139 96 162 27 76 112 112 120 20 16 206 58 176 53 77 211 225 69 207 140 120 207 15 86 116 185 103 72 35 83 49 128 217 123 233 153 167 1 188 173 106 186 146 232 150 117 149 88 31 28 130 162 51 255 55 126 67 101 41 6 120 87 57 83 232 194 119 143 238 32 29 99 8 2 34 196 237 200 233 80 25 237 0 213 141 197 25 218 211 45 28 126 146 213 130 81 229 66 235 212 40 31 33 197 66 78 193 225 60 50 232 205 48 198 161 202 39 200 152 176 110 180 137 58 182 194 54 
133 103 0 127 234 242 104 146 157 186 35 14 83 58 69 2 208 215 80 237 196 77 234 100 183 155 95 20 205 248 246 64 180 55 93 57 90 93 23 75 78 252 163 26 189 118 232 228 107 125 175 25 244 231 78 108 214 160 100 52 75 25 215 67 101 14 189 242 236 179 207 186 203 214 176 96 1 190 234 175 159 169 28 98 34 205 3 5 189 49 104 109 41 121 112 249 154 195 145 153 118 101 18 212 121 89 78 157 224 196 89 201 233 249 134 57 217 86 207 166 22 48 218 225 113 68 46 93 
191 211 172 190 47 107 7 74 117 236 113 196 215 214 54 57 0 139 155 156 48 121 193 84 51 35 58 194 167 215 16 97 95 190 215 115 41 214 236 195 248 73 225 13 164 13 40 131 234 188 112 151 232 222 136 114 162 73 251 182 194 49 160 113 226 166 67 240 115 242 146 127 86 156 5 58 153 98 209 168 46 184 0 151 152 42 55 200 113 51 184 94 17 43 137 0 3 229 61 16 13 167 167 103 171 59 192 217 250 154 74 107 240 170 153 154 61 248 251 20 32 187 0 62 189 63 54 5 
168 122 168 238 44 38 239 238 189 137 151 208 115 152 151 119 157 55 89 190 94 151 126 245 195 45 146 207 147 38 31 205 9 56 25 46 150 199 121 192 122 230 34 112 179 246 83 109 201 173 20 138 48 48 23 231 158 33 174 37 61 231 223 249 97 155 25 230 142 4 209 45 154 115 6 43 130 17 21 179 36 18 65 33 146 86 76 28 159 94 103 151 95 45 205 161 102 103 130 179 203 7 76 0 157 55 196 41 213 132 111 179 246 232 167 211 4 154 101 247 137 177 85 59 217 59 238 87 
107 188 226 178 143 29 3 64 0 121 178 165 242 143 228 197 95 195 220 199 60 254 202 57 237 236 165 234 232 60 133 57 1 155 52 30 54 149 156 162 119 146 2 46 163 101 95 224 96 106 17 12 179 97 62 5 90 76 81 242 244 30 111 101 135 88 133 82 188 255 2 250 130 229 122 192 18 158 9 71 240 202 215 221 179 73 150 224 95 133 173 45 237 75 226 213 154 155 161 131 94 154 173 99 104 253 80 245 160 48 122 129 22 218 242 217 119 248 99 183 186 4 88 162 249 124 231 219 
71 217 72 62 20 216 231 69 3 32 214 79 130 191 175 243 161 171 126 180 210 95 162 148 246 21 32 239 115 216 124 14 62 243 160 104 37 233 86 20 201 131 218 205 60 38 191 91 154 163 180 254 50 181 219 193 143 48 26 133 199 228 213 2 75 102 183 217 240 166 100 137 60 174 199 127 178 82 175 102 125 30 41 125 212 137 38 84 174 71 61 13 168 244 108 109 34 118 74 105 185 8 89 114 76 122 8 187 181 51 220 185 30 140 77 157 86 74 254 94 207 23 144 202 32 235 114 21 
117 144 136 51 11 88 59 108 190 238 169 184 199 94 64 66 25 38 5 79 22 191 196 133 34 23 143 226 161 106 244 74 196 71 71 71 26 91 50 208 179 112 221 252 2 97 243 221 211 145 25 115 203 52 129 219 173 202 254 22 32 40 85 201 95 139 194 206 125 131 221 182 137 51 137 170 113 8 185 193 22 60 249 204 149 64 224 166 76 204 118 116 58 183 51 184 97 51 178 17 107 3 146 188 252 188 221 240 94 109 119 227 32 18 46 49 3 53 176 196 50 19 225 134 175 140 34 255 
76 87 221 15 211 248 34 37 241 115 171 55 194 176 172 185 7 227 109 232 115 119 228 155 239 139 102 221 103 42 191 53 229 0 110 233 23 39 151 173 61 242 45 216 140 63 177 87 208 72 128 200 5 39 137 19 91 49 135 93 115 39 52 207 162 25 149 141 181 179 168 151 215 95 76 55 180 219 72 126 81 250 211 25 163 170 118 205 50 217 94 99 77 143 21 43 73 144 218 32 158 235 125 204 184 125 180 26 27 199 103 186 177 53 68 24 65 250 145 80 129 110 155 209 74 104 68 131 
214 41 244 143 217 148 1 23 184 73 201 75 141 132 162 10 124 153 0 174 11 112 79 137 66 29 245 18 1 81 108 237 184 22 140 117 20 44 184 139 220 85 46 155 9 99 57 121 71 84 250 52 54 45 171 197 83 227 235 117 7 77 65 116 255 186 117 63 253 103 96 199 135 116 3 150 192 196 147 71 113 196 216 211 217 254 211 180 69 4 250 166 83 77 52 115 201 250 179 51 41 12 40 38 112 109 99 243 232 35 16 86 212 201 240 194 189 153 45 189 222 88 79 37 17 213 60 169 
6 13 9 251 0 203 202 95 212 248 45 44 11 225 101 57 20 69 167 134 10 175 213 106 53 103 166 6 222 79 225 7 234 102 157 127 61 84 19 144 218 248 123 68 47 171 213 229 167 152 40 139 34 62 222 105 80 38 79 68 161 100 144 106 109 30 11 222 149 219 164 159 38 42 212 49 38 212 233 67 146 33 128 254 233 64 80 226 24 75 5 37 252 96 21 0 206 110 251 208 227 101 53 118 177 207 55 56 50 157 201 192 137 248 83 7 79 162 164 33 201 43 186 53 11 115 185 35 
146 114 188 37 70 98 49 108 47 247 34 198 202 228 251 47 204 174 73 128 152 160 159 196 192 41 156 242 21 142 238 189 73 233 107 223 189 218 11 159 149 251 118 96 27 59 97 161 46 56 202 224 98 130 76 68 240 23 7 238 182 0 207 183 56 43 132 203 214 81 154 41 110 204 192 201 28 255 64 201 14 235 240 225 45 128 48 86 65 194 152 6 53 188 125 161 132 150 6 32 77 35 132 151 22 246 178 90 38 104 5 175 222 5 243 169 87 233 29 163 239 166 249 165 246 155 238 102 
119 29 232 106 58 75 47 194 28 151 179 87 74 230 149 180 57 153 4 228 127 17 196 181 76 229 167 176 76 3 122 237 58 197 107 149 77 15 36 247 30 91 103 210 193 229 138 245 204 35 216 60 97 52 190 32 64 187 11 118 236 104 134 245 49 81 214 91 222 30 192 169 91 57 65 79 91 105 254 117 166 171 142 108 91 148 57 15 112 86 128 61 42 170 94 253 55 212 191 125 208 149 31 140 175 253 213 85 130 113 9 108 238 231 88 109 209 55 151 195 87 250 211 86 224 180 209 38 
62 153 150 210 229 132 156 13 223 153 57 49 0 154 239 151 57 0 69 154 145 245 36 194 77 207 49 90 173 120 56 21 15 230 130 105 155 22 112 245 186 72 176 229 95 211 47 75 67 98 85 15 94 187 157 116 47 52 50 31 64 95 26 189 27 220 179 44 213 66 148 48 77 248 118 108 177 150 49 65 208 100 231 13 44 176 43 105 74 94 210 254 52 216 175 140 35 186 115 117 125 16 34 92 47 133 91 146 77 112 54 196 45 79 219 117 102 126 19 111 240 224 92 194 90 165 77 215 
44 229 74 136 69 90 160 61 100 29 201 46 206 102 251 60 85 38 121 90 183 214 24 252 85 251 34 243 43 173 167 48 15 180 159 240 16 62 22 12 42 51 252 21 75 78 138 47 85 58 178 62 118 50 4 208 19 138 240 19 48 240 166 153 105 123 203 118 208 4 36 106 77 137 221 58 155 229 232 32 220 139 116 78 224 199 37 36 224 217 6 42 3 202 201 33 142 135 118 156 176 187 160 130 248 46 45 65 148 39 238 15 40 174 186 144 99 73 240 242 108 141 13 98 192 64 192 254 
173 182 131 87 74 225 192 39 11 208 178 225 146 190 13 35 66 75 13 0 182 102 92 200 181 134 94 12 56 157 224 55 17 176 231 248 75 1 147 248 53 251 91 122 238 151 141 84 79 64 155 156 255 157 16 162 235 170 126 152 125 173 23 39 189 192 88 145 175 204 22 69 182 216 185 155 148 157 49 150 51 187 157 214 207 226 34 213 181 122 69 138 180 217 99 172 15 179 212 117 139 169 237 72 121 175 24 189 71 184 217 164 58 199 162 246 96 65 170 125 114 170 213 234 187 148 103 111 
50 239 161 228 110 210 105 246 194 12 62 172 207 66 110 120 92 239 16 116 158 8 89 79 130 245 223 226 252 153 13 137 218 41 248 75 44 83 90 180 163 53 141 39 22 219 149 10 6 134 232 155 86 41 86 134 30 27 88 135 150 187 75 169 97 240 228 78 176 42 88 57 152 182 67 95 228 183 216 84 213 224 149 47 169 212 176 82 38 161 66 48 188 168 105 238 74 96 91 231 207 131 218 184 15 34 189 67 108 66 247 235 197 218 165 162 61 139 123 29 235 110 46 50 144 181 75 150 
151 129 64 166 84 37 153 106 50 195 218 150 163 228 2 106 248 94 248 132 213 234 236 55 81 24 218 210 233 173 82 138 242 248 77 235 61 231 123 125 169 89 123 42 63 213 184 228 94 203 169 81 116 12 172 225 20 45 85 139 36 51 169 22 34 133 10 251 91 75 25 70 139 210 219 253 195 180 170 12 221 94 209 238 25 18 165 187 183 51 215 220 146 108 252 92 254 69 90 229 121 139 216 94 171 166 144 255 57 200 173 47 49 213 127 253 197 219 147 106 77 86 246 52 126 210 31 141 
12 89 237 61 2 41 42 189 160 4 247 203 225 128 62 81 252 192 16 40 226 103 204 89 125 60 55 114 88 251 130 176 36 119 139 32 146 71 201 132 225 239 220 38 176 160 204 71 222 119 51 201 80 104 67 166 113 158 62 71 198 102 215 219 53 197 142 251 197 213 181 104 153 236 202 97 92 211 61 225 102 107 113 211 24 176 202 207 102 215 155 223 26 34 182 140 138 187 150 35 106 165 101 146 157 86 110 108 73 61 134 240 108 30 46 14 253 91 194 63 22 12 254 71 180 167 6 226 
187 154 45 81 227 242 192 227 198 210 29 219 159 238 111 140 245 183 58 98 48 220 99 172 6 88 59 42 86 29 186 67 12 80 187 140 62 133 190 204 89 12 112 141 9 61 20 33 190 220 236 80 120 63 138 104 35 232 220 248 34 243 190 26 127 139 65 28 27 45 51 172 188 250 101 184 96 195 191 186 88 8 56 141 152 46 142 232 93 62 106 215 32 100 37 79 124 174 217 118 83 7 203 32 71 107 24 136 123 232 210 7 224 89 4 113 55 5 2 39 2 14 204 148 131 124 164 141 
104 61 219 232 199 98 80 45 104 97 76 108 119 169 101 182 220 76 208 244 51 194 174 186 196 206 35 28 126 48 25 7 179 77 199 223 72 213 51 183 5 53 117 211 220 37 210 255 131 210 78 5 82 51 42 62 230 75 16 130 223 153 4 147 76 111 240 130 29 29 61 104 164 145 255 153 33 96 208 169 219 10 147 135 63 46 225 85 135 109 84 82 124 156 191 96 75 75 57 32 210 15 161 50 33 88 148 190 177 250 128 240 208 134 253 47 50 87 70 165 213 50 186 83 154 172 247 174 
232 7 74 127 54 34 52 233 22 242 204 219 255 104 148 146 126 241 224 4 116 53 106 253 175 185 234 200 152 58 15 171 88 63 182 27 195 135 23 189 55 145 71 92 83 254 58 228 236 10 179 197 185 249 144 222 47 16 196 125 242 10 163 14 45 58 185 183 146 100 120 68 147 14 244 254 25 81 11 4 110 195 71 172 197 104 231 164 5 58 168 67 196 90 152 67 81 215 249 123 76 126 139 68 85 78 89 62 152 126 78 71 94 213 124 89 56 182 95 190 86 33 14 0 159 220 196 95 
27 148 224 113 214 19 116 91 215 55 23 140 111 189 123 186 75 111 181 210 83 122 238 132 254 90 21 70 61 110 214 35 160 197 96 37 38 48 187 56 246 52 90 72 205 48 225 144 77 228 154 98 121 233 144 247 188 107 64 148 176 227 236 94 167 54 85 193 148 25 133 136 215 220 75 60 214 61 97 193 163 228 40 77 184 197 143 238 78 194 36 9 214 161 170 59 228 56 53 88 11 160 184 103 21 182 55 113 167 156 33 117 239 158 229 193 150 228 179 145 130 36 66 106 75 151 130 218 
36 64 111 185 185 85 0 74 231 212 113 16 55 175 94 150 138 59 3 79 240 250 67 0 192 65 25 55 176 188 121 189 188 132 135 90 86 113 136 123 18 239 222 249 85 222 29 85 214 103 227 84 141 49 185 105 202 131 12 142 120 150 204 195 238 61 71 29 244 217 126 202 230 21 92 94 104 99 142 4 224 238 182 55 181 227 143 214 46 99 176 20 216 36 152 164 62 106 4 97 52 177 147 35 145 137 179 82 158 222 179 144 45 191 115 111 95 130 249 70 174 112 15 15 217 64 253 0 
63 79 53 126 25 41 169 127 236 145 93 38 148 235 217 223 151 162 163 68 230 231 252 228 207 155 227 142 194 180 224 27 29 183 114 223 200 109 71 244 97 145 154 203 91 88 34 220 78 91 91 40 37 107 186 190 87 245 139 6 132 203 208 43 231 222 94 246 212 58 81 178 9 4 25 62 58 71 75 252 184 101 202 86 175 171 155 25 126 75 12 113 189 50 56 49 220 123 249 251 3 71 73 135 238 48 26 33 196 236 252 162 174 148 99 93 143 227 53 13 66 104 241 214 69 58 85 57 
106 122 66 254 242 13 214 86 113 166 190 216 131 158 182 117 194 205 178 59 122 53 149 104 81 121 205 201 201 65 243 200 115 170 40 41 166 210 164 227 139 214 227 148 3 161 16 154 222 66 117 240 32 179 102 2 140 119 211 199 58 232 248 170 52 234 112 152 109 253 240 15 251 53 139 244 227 32 23 215 174 228 162 221 110 250 31 169 72 83 121 98 97 131 188 44 127 0 99 42 24 2 110 79 62 250 108 233 43 90 238 153 26 48 211 183 64 103 205 250 40 104 85 194 106 192 140 112 
76 66 198 218 180 76 170 253 168 137 202 97 184 226 44 170 42 112 232 38 126 154 173 34 45 124 244 189 170 246 181 196 124 83 255 148 128 129 17 254 175 212 50 27 11 42 87 80 32 136 83 167 40 131 72 18 109 241 175 86 104 246 39 206 83 159 237 30 60 4 34 132 120 252 164 180 183 92 157 66 100 142 162 195 32 22 146 147 90 56 209 215 254 66 110 221 123 251 228 8 136 5 145 162 254 222 81 59 43 197 116 40 197 224 220 99 12 110 192 156 18 209 91 119 89 236 233 80 
43 37 197 238 214 218 122 183 186 49 222 186 200 39 22 212 128 251 118 131 97 149 6 15 12 181 59 29 180 16 109 188 199 143 22 164 20 24 35 124 188 90 22 206 121 76 151 217 245 174 67 53 80 70 231 214 75 118 204 89 138 38 133 27 20 38 96 215 20 68 112 217 231 182 119 0 19 105 46 185 38 246 243 102 101 19 145 204 149 2 142 139 253 16 32 61 240 153 63 154 169 27 132 78 128 105 177 83 119 223 232 43 81 1 50 51 137 32 101 186 168 232 52 229 118 143 181 67 
50 243 193 176 83 6 104 113 108 6 15 128 79 72 50 111 75 131 251 177 170 254 27 85 113 242 247 240 107 134 152 31 147 57 116 113 198 17 131 46 39 211 173 140 100 133 56 35 26 21 216 207 80 243 145 247 62 81 163 65 193 154 34 146 58 178 99 76 51 176 51 174 148 176 120 93 218 196 104 172 78 143 152 148 7 142 145 202 228 25 233 204 52 235 18 161 210 26 223 142 49 127 38 16 124 164 176 183 163 247 172 49 87 52 69 171 119 23 254 221 221 216 175 198 154 36 52 93 
164 6 99 169 98 180 201 21 124 186 20 16 48 122 34 18 179 169 130 72 86 28 128 174 240 29 183 45 223 128 157 135 53 70 70 28 199 76 22 70 248 197 213 142 44 77 121 133 154 87 56 163 76 115 193 55 70 241 222 33 112 194 119 102 197 7 143 240 156 197 237 184 84 38 207 186 154 176 68 42 6 205 247 24 207 238 248 74 180 37 195 116 157 182 249 220 81 163 130 74 122 189 210 179 240 29 181 111 86 200 76 17 99 11 74 78 213 244 115 90 29 139 84 177 188 226 238 86 
37 228 111 109 166 241 19 191 11 185 220 68 111 255 20 48 146 116 36 171 89 245 58 114 159 76 184 213 98 131 81 176 210 189 255 181 86 142 61 237 232 14 21 159 203 3 68 107 15 51 131 99 9 67 87 3 43 47 200 51 77 199 98 47 132 236 110 166 237 175 53 223 116 0 116 233 64 78 179 155 3 228 7 145 169 119 242 70 158 238 126 92 113 163 173 72 25 64 188 40 254 249 174 83 49 23 175 143 212 61 70 255 153 31 140 171 69 156 98 117 183 226 249 116 68 174 45 11 
153 184 61 128 119 229 106 81 96 109 63 185 181 123 159 11 176 1 47 30 191 153 212 184 161 82 100 121 125 148 125 83 235 219 131 183 187 207 153 42 84 232 30 88 14 179 206 221 108 165 164 31 95 114 146 167 209 34 124 216 131 46 209 117 150 8 24 210 23 241 96 182 62 193 111 28 234 248 58 222 204 152 205 95 144 241 223 208 44 27 74 40 252 173 77 108 97 102 212 135 125 123 51 230 215 60 0 18 115 131 72 92 35 62 149 221 154 38 118 79 170 208 70 53 107 210 238 126 
7 20 108 148 30 129 213 101 144 229 46 97 15 123 213 28 86 204 8 173 110 109 230 127 75 155 122 149 76 84 146 49 162 75 188 115 24 182 153 78 76 156 161 29 86 38 204 235 152 217 16 253 245 225 149 137 121 40 226 58 101 41 97 211 123 196 111 23 116 164 189 104 91 209 43 44 45 58 133 159 207 229 89 110 14 60 114 83 183 51 10 14 189 243 136 10 55 157 114 44 27 56 48 129 216 228 42 234 195 96 51 124 186 136 245 193 200 168 72 120 163 161 154 186 220 35 237 65 
80 197 44 190 211 99 41 2 52 93 155 210 138 98 197 22 167 194 148 219 123 228 164 73 103 244 2 245 46 60 234 75 168 202 111 249 171 81 39 233 128 75 86 238 216 28 182 185 156 109 77 114 149 207 98 45 227 27 225 78 100 211 48 157 85 230 62 31 253 217 219 21 108 248 147 154 193 99 215 103 92 233 106 187 20 130 168 175 197 80 56 7 67 158 207 244 203 188 128 206 28 168 117 10 57 123 230 27 173 31 27 207 24 46 159 170 209 244 64 163 202 127 124 22 202 155 63 98 
217 20 202 121 192 124 197 119 232 144 91 17 29 29 70 230 203 146 114 212 58 133 185 113 235 32 131 184 153 180 65 61 162 204 24 82 211 109 24 141 115 163 14 105 221 61 226 202 110 114 158 92 216 37 215 91 156 128 210 164 222 36 11 44 40 192 240 185 151 52 140 238 205 139 174 12 182 206 84 167 84 112 28 36 3 124 36 233 78 225 27 33 217 224 36 160 255 16 25 87 161 73 153 253 172 79 248 182 186 10 96 153 30 180 5 233 26 201 191 118 49 83 188 50 129 117 49 123 
209 235 23 28 12 3 90 116 74 180 66 217 3 100 115 65 50 104 31 144 197 91 26 108 30 22 13 181 253 10 245 103 244 227 63 66 65 49 153 236 243 124 44 158 246 78 134 76 234 195 139 61 189 202 32 25 116 52 140 246 50 123 115 129 143 93 22 181 83 118 6 75 145 244 96 203 51 162 88 83 201 206 123 173 143 68 200 70 73 112 76 164 182 203 112 191 156 88 182 248 88 250 218 129 217 50 77 189 146 24 41 232 23 69 152 44 72 28 39 70 53 114 220 189 140 112 206 245 
229 192 52 33 146 230 179 225 205 51 208 23 65 7 45 58 89 221 221 176 76 118 63 209 129 215 13 92 20 91 108 69 154 95 124 246 219 19 183 246 214 110 113 38 88 1 138 20 164 167 37 58 195 165 14 168 124 193 199 253 52 19 41 226 173 36 122 93 63 52 252 23 3 29 112 166 249 65 83 248 208 144 237 162 216 46 183 202 228 245 105 172 146 82 60 160 156 187 77 112 178 116 101 241 188 118 94 83 117 198 243 1 52 51 207 152 78 41 182 232 144 206 116 243 231 111 217 107 
2 61 48 146 74 213 52 131 191 252 246 150 143 146 54 177 218 95 41 17 51 80 19 24 32 147 197 169 100 113 163 93 209 140 234 19 6 15 28 27 176 207 27 109 0 157 181 143 64 92 54 53 113 88 235 128 136 16 62 81 30 153 254 28 224 191 247 21 152 181 124 72 47 3 149 137 76 233 125 111 59 101 134 248 235 196 177 140 15 28 243 57 5 43 95 242 232 248 216 251 24 55 66 122 200 248 21 191 33 156 154 80 3 69 169 21 14 248 110 72 84 27 225 47 0 89 137 68 
219 35 165 145 130 55 180 86 220 43 14 108 189 107 147 54 197 19 90 53 234 173 219 142 111 230 223 134 81 51 6 82 52 161 162 22 238 29 90 18 6 116 117 38 84 107 155 189 68 54 85 240 221 36 239 255 203 166 86 78 238 239 69 80 213 158 165 103 126 147 172 35 140 225 253 128 146 114 146 26 160 189 101 255 146 205 208 88 118 157 217 152 21 255 55 165 19 31 143 188 100 158 145 33 237 164 8 17 217 230 218 23 155 188 92 170 40 6 52 168 125 22 99 164 193 212 195 156 
192 6 30 135 91 235 218 112 70 112 200 186 141 174 235 113 1 170 198 110 14 165 93 74 0 133 191 226 154 63 82 102 182 123 73 180 30 94 69 44 251 111 1 59 36 59 43 176 139 63 63 230 113 46 136 143 21 129 31 36 133 236 89 113 201 130 198 14 239 244 198 150 139 38 65 89 148 152 7 214 89 58 184 93 130 243 65 63 42 210 50 248 125 0 187 204 79 163 104 209 51 155 132 0 56 80 233 82 193 242 153 123 170 19 141 26 103 85 9 37 63 224 168 123 148 187 243 81 
222 52 163 47 171 71 113 195 78 243 248 82 152 79 59 195 34 152 44 144 172 231 224 43 9 156 106 151 168 196 189 82 79 145 244 184 149 0 187 98 253 90 203 99 3 135 95 242 80 27 197 103 227 203 18 246 252 45 3 232 189 219 237 27 26 161 168 155 73 18 29 186 115 109 60 71 16 49 8 107 139 200 42 204 125 198 26 26 183 131 82 237 238 254 200 214 187 237 138 245 142 186 239 115 64 179 251 169 34 153 148 111 38 72 158 6 176 142 44 11 4 157 180 221 10 221 199 81 
133 184 47 234 1 74 164 249 5 185 211 38 161 138 208 209 209 7 95 77 147 114 32 23 53 160 54 55 94 196 134 252 139 130 112 219 23 12 63 122 159 241 120 26 102 174 224 253 152 112 241 164 255 187 31 121 19 0 31 68 9 214 169 33 159 77 230 143 100 116 69 80 85 56 174 239 137 222 8 204 169 30 44 100 45 226 119 158 3 147 251 199 29 216 33 194 66 143 205 197 243 255 43 119 227 147 96 82 16 1 114 22 190 85 169 50 251 170 78 212 43 142 167 95 238 222 22 180 
56 185 61 206 225 23 5 217 243 179 199 254 211 22 105 21 193 69 120 199 124 104 207 177 150 98 146 0 180 254 25 107 197 165 142 131 147 32 113 85 177 210 111 136 235 78 181 255 166 62 74 59 192 67 216 44 201 207 120 241 111 86 223 247 78 124 109 202 85 175 102 149 228 193 241 253 10 37 172 200 115 223 32 109 58 56 22 195 69 179 148 220 201 158 98 127 64 125 117 191 159 157 243 123 26 0 180 93 237 90 107 194 11 140 244 186 95 72 253 126 168 74 44 8 160 99 236 69 
86 155 147 19 204 220 43 56 58 236 146 230 45 19 150 49 224 163 192 176 237 235 186 55 155 90 194 183 40 144 71 179 224 123 182 117 16 45 83 167 163 230 149 200 132 207 106 123 250 130 50 203 143 41 132 107 151 95 142 13 163 68 243 65 174 215 73 141 169 0 212 75 161 235 102 145 0 67 253 102 83 114 32 224 147 46 122 253 208 78 58 164 60 97 169 150 200 117 137 180 43 225 169 100 144 174 125 230 87 124 1 152 125 85 251 110 215 234 116 127 197 166 38 211 241 117 187 247 
87 145 68 180 17 157 131 198 249 101 134 247 210 231 184 189 34 100 62 121 251 11 145 67 48 208 138 206 208 204 182 182 38 116 39 152 146 67 240 43 53 73 46 15 67 227 112 211 5 143 47 142 241 18 199 216 114 199 124 107 215 158 68 27 117 105 82 2 183 169 151 196 44 108 42 64 5 28 84 124 94 79 103 107 71 149 250 159 105 179 68 53 51 110 224 90 131 197 49 30 80 113 133 130 240 124 70 234 244 91 122 125 38 104 190 99 177 26 179 109 186 199 130 170 190 95 127 72 
190 193 159 14 109 177 48 168 105 95 21 68 62 59 159 234 87 173 17 226 40 23 14 61 46 214 115 191 181 114 121 222 150 66 0 174 194 163 178 2 222 124 143 2 11 170 60 146 165 150 87 64 157 103 150 189 35 164 254 21 67 10 48 151 151 255 59 200 168 248 126 166 21 49 148 34 166 118 76 247 85 10 231 104 30 208 228 202 138 146 184 18 159 242 192 99 14 135 161 151 213 6 170 182 229 144 78 146 29 162 220 105 88 79 187 24 211 107 162 220 224 64 195 99 131 215 93 151 
39 190 192 71 27 21 108 211 205 201 47 201 182 84 121 153 37 228 1 63 191 150 3 28 64 193 232 143 148 29 61 186 162 216 185 164 251 223 175 35 35 140 47 151 23 161 245 232 21 181 166 151 181 246 245 73 134 20 22 86 187 97 130 36 201 206 99 72 247 224 115 253 124 83 122 204 34 199 219 105 187 9 59 49 183 103 248 116 149 23 181 100 58 239 74 197 49 122 107 61 61 246 160 136 185 233 181 125 167 169 3 111 88 16 55 203 25 169 168 193 130 84 149 47 137 90 80 76 
72 32 99 70 218 95 20 3 143 188 157 64 76 240 49 156 24 13 94 27 163 102 236 194 51 193 137 23 155 115 180 246 192 56 162 11 224 247 136 222 246 98 35 68 134 204 37 60 46 214 104 59 162 254 38 254 135 127 33 10 206 21 105 162 15 186 241 175 233 98 216 56 106 113 133 198 161 147 188 100 160 108 18 242 20 152 32 202 14 203 255 88 135 35 114 96 232 238 32 187 0 27 36 22 195 21 233 74 250 43 47 161 247 214 151 80 74 196 4 154 185 111 43 121 206 195 230 64 
37 180 41 179 74 81 149 63 233 75 248 18 244 17 85 166 161 251 15 4 123 138 247 90 150 249 171 228 32 217 183 65 185 9 197 35 130 154 78 40 240 99 63 229 98 235 155 82 160 107 110 77 69 67 164 102 146 149 83 115 125 162 212 102 68 243 229 111 241 75 179 116 218 0 98 55 102 135 215 33 195 238 135 143 207 67 36 152 89 211 73 216 205 162 89 62 167 235 112 254 238 239 115 93 164 198 255 94 191 202 240 197 80 225 11 148 246 56 70 255 167 19 166 33 20 69 29 155 
20 53 187 251 201 59 129 185 168 188 38 202 180 213 87 228 198 105 215 108 104 255 225 146 102 141 101 6 137 255 155 171 155 150 3 176 123 162 105 254 199 229 8 195 142 0 71 18 17 226 39 64 16 44 167 221 0 167 121 179 89 82 70 175 236 246 123 131 129 52 252 167 114 183 85 12 206 175 244 188 65 93 247 37 171 241 17 29 246 117 133 167 203 113 178 59 151 237 179 122 16 162 11 118 169 255 72 125 154 218 139 220 25 82 192 91 151 3 228 5 33 86 88 33 178 248 93 21 
245 131 2 146 242 255 113 183 115 114 204 203 152 152 191 199 177 104 67 210 39 39 154 24 82 22 128 7 171 249 44 228 205 248 237 71 195 46 140 249 207 19 255 248 103 206 219 208 131 158 53 28 150 161 134 110 245 2 45 188 158 97 81 185 34 235 13 59 170 134 115 72 6 105 67 73 56 252 77 58 10 103 240 192 105 57 99 58 169 248 247 180 180 86 46 116 83 148 51 134 5 124 99 236 222 123 26 246 52 55 190 226 195 240 211 40 22 153 129 112 100 124 63 21 28 119 242 80 
152 44 231 121 213 254 170 72 31 143 126 226 117 31 32 197 242 175 202 210 126 250 13 5 141 109 231 63 21 155 103 45 153 202 94 78 119 143 33 232 18 49 171 82 118 14 61 143 139 254 216 111 21 145 140 226 11 183 33 65 36 202 211 34 75 177 123 119 169 235 187 244 134 156 232 107 204 37 235 167 60 127 42 142 150 7 123 65 24 29 112 103 123 190 80 57 193 66 206 223 48 150 39 146 182 25 176 14 254 129 10 81 168 237 196 55 195 235 15 92 67 30 94 189 190 35 50 241 
90 48 166 93 168 105 197 194 179 29 136 125 185 144 251 133 187 72 24 18 99 252 210 78 163 151 60 60 111 213 133 59 3 235 76 20 48 175 200 47 45 151 150 179 199 17 142 186 20 222 240 110 65 62 115 162 230 28 34 202 248 79 213 102 40 131 252 153 223 119 69 198 213 247 210 37 156 163 126 129 213 137 222 221 112 29 232 115 64 129 159 121 35 95 122 233 112 33 144 176 211 35 109 252 39 194 190 0 96 121 123 237 104 113 38 0 32 151 112 156 74 231 225 11 114 6 196 140 
106 198 238 87 7 32 114 62 85 6 131 57 157 65 219 25 79 214 67 54 61 143 196 26 234 30 230 6 225 88 135 219 134 92 41 220 102 239 155 140 64 82 237 226 114 98 153 187 25 143 61 135 39 54 20 169 49 109 42 194 76 201 164 199 155 223 156 179 142 134 47 147 180 39 239 229 127 1 188 110 109 6 163 222 172 182 255 251 213 174 212 136 169 255 12 79 172 44 10 68 245 145 140 131 235 201 195 133 179 113 8 95 78 28 178 24 255 125 201 193 131 206 177 147 195 6 107 19 
220 42 192 152 232 87 202 43 47 58 228 80 250 131 247 231 253 29 225 40 42 189 107 110 164 245 85 99 72 15 79 113 37 4 233 207 95 217 219 52 170 56 251 190 244 225 197 31 194 111 58 7 144 89 200 254 177 45 241 20 174 140 139 173 36 26 247 31 12 12 249 168 208 17 249 36 135 95 36 170 24 22 119 253 151 193 216 209 99 74 84 197 96 88 237 196 130 200 64 92 26 120 198 131 170 207 94 112 52 212 98 10 77 212 86 176 145 185 8 110 95 46 12 205 209 15 207 203 
159 203 223 195 42 103 242 26 172 70 124 86 68 94 59 31 186 39 102 191 73 176 11 199 115 30 220 242 25 34 85 212 207 75 210 180 35 74 72 218 197 89 82 30 128 5 9 233 235 188 21 6 168 143 45 120 106 79 251 3 15 193 25 111 138 141 194 22 8 200 92 129 188 160 41 151 86 92 20 179 81 187 177 185 11 249 55 146 35 141 90 141 183 223 106 238 139 106 11 169 210 177 206 172 216 18 226 130 3 72 29 164 216 41 212 2 216 220 4 46 115 150 65 173 26 110 122 15 
217 59 167 1 202 194 65 185 51 92 133 133 137 91 195 85 238 206 105 134 166 49 108 146 129 118 69 148 62 137 215 234 236 31 195 82 97 115 88 23 71 236 139 52 196 59 38 174 54 17 68 92 104 143 100 27 168 231 146 3 199 86 117 19 228 23 137 147 224 249 184 174 203 20 190 254 173 168 32 45 240 29 30 21 134 163 177 51 203 101 154 239 226 105 52 180 103 255 84 10 7 148 78 63 162 41 129 177 12 213 72 169 6 67 162 229 253 192 205 126 33 16 23 63 161 246 218 219 
6 153 174 98 66 29 201 132 62 219 101 142 115 190 19 79 206 245 194 236 38 162 79 139 136 0 170 33 252 37 102 27 148 201 196 75 176 90 245 166 212 140 44 13 155 56 225 170 179 104 248 30 181 192 173 111 165 220 188 201 179 235 112 246 173 246 223 167 212 202 14 42 219 5 26 245 2 254 57 162 67 91 7 186 3 79 77 118 146 175 97 98 232 198 180 11 56 63 211 246 104 167 55 167 157 75 91 161 186 71 167 86 8 58 172 95 200 255 169 67 145 174 108 150 255 66 216 135 
38 128 42 88 248 17 5 180 203 234 4 240 23 228 83 243 153 41 102 46 82 231 59 220 51 71 15 60 208 126 68 243 224 93 20 126 213 207 190 105 49 106 113 96 90 197 170 71 199 11 195 90 251 130 246 21 142 30 193 11 169 20 74 138 130 203 157 24 219 154 132 210 111 135 117 53 213 153 78 253 6 251 144 7 115 181 176 241 101 26 159 197 100 239 247 14 233 14 157 163 45 0 76 207 58 190 62 148 91 78 122 125 253 84 49 239 194 108 108 123 12 3 71 52 9 184 101 78 
213 40 61 48 167 234 123 239 37 50 243 235 155 254 242 242 41 92 182 123 36 180 156 13 7 179 177 222 133 42 186 108 80 251 117 60 115 231 199 153 102 149 58 187 118 76 243 198 37 246 23 27 198 5 113 252 210 228 224 14 145 220 248 86 116 27 184 249 206 73 221 116 49 7 173 78 196 62 41 70 244 4 0 124 60 226 226 95 211 35 68 172 106 75 85 252 99 86 155 118 39 28 200 211 125 166 103 168 97 253 51 93 3 48 251 248 177 242 15 15 196 118 99 62 75 72 234 226 
231 72 232 247 69 55 136 64 101 41 234 55 6 111 106 80 45 189 128 166 72 128 177 246 34 145 71 28 37 34 106 98 34 64 203 204 238 250 203 250 94 34 10 33 15 131 77 193 226 15 141 234 178 35 25 154 85 33 167 23 157 81 58 14 19 128 159 188 33 61 18 194 147 128 143 72 28 90 200 52 15 240 69 228 218 0 91 144 255 112 237 109 39 81 74 202 178 10 76 154 242 0 91 30 29 41 104 21 103 242 97 124 175 91 60 197 17 114 127 38 28 12 10 75 111 146 21 146 
130 52 93 214 89 143 5 39 25 221 158 143 163 184 177 40 231 196 121 82 158 106 3 106 218 183 80 94 240 88 146 254 108 20 232 218 85 234 96 222 148 3 26 6 231 251 194 125 161 79 6 151 90 255 204 0 250 192 159 161 90 184 59 44 204 199 105 99 235 198 138 43 133 170 116 85 255 27 18 145 86 239 70 109 103 222 246 202 222 198 43 137 3 28 59 109 92 27 111 66 4 241 126 68 182 18 175 187 194 104 0 125 13 140 158 49 17 85 68 147 74 134 187 182 127 206 65 69 
80 245 238 171 59 126 65 62 68 139 15 79 157 89 195 254 147 75 3 68 163 131 172 233 11 151 205 121 71 89 25 72 101 114 180 28 77 15 9 193 36 173 42 70 86 95 238 34 103 180 139 65 253 203 178 52 31 134 218 146 13 217 38 190 245 254 97 217 43 44 40 172 8 229 106 242 252 212 152 97 42 181 99 135 87 131 189 68 217 86 135 73 249 157 19 218 216 54 210 242 31 205 64 204 153 46 211 170 245 233 52 213 63 118 1 2 56 12 29 149 102 213 237 244 240 27 9 133 
105 9 220 25 59 2 31 203 158 39 162 129 100 69 41 142 218 225 153 144 174 86 28 234 21 205 255 184 7 185 4 116 93 188 27 242 92 72 24 227 173 75 218 234 91 29 21 239 189 223 36 48 2 174 160 24 37 142 6 176 40 213 197 221 199 43 51 46 22 56 104 119 238 229 72 105 223 224 161 139 229 196 142 142 148 57 49 21 51 243 2 191 80 37 99 220 153 255 171 149 101 194 205 1 100 75 222 180 243 187 141 33 255 138 214 91 20 149 186 8 178 110 89 102 158 159 22 131 
66 20 143 70 203 119 156 89 205 209 172 123 214 243 201 151 9 109 247 229 225 108 93 66 170 124 248 171 168 57 63 197 100 146 174 132 240 45 108 177 54 91 64 45 208 77 213 27 250 66 104 92 9 233 179 166 95 188 196 197 9 196 48 126 65 78 211 168 76 31 145 25 88 115 1 189 107 122 222 170 6 16 223 145 164 109 165 144 86 185 124 166 197 84 251 216 139 7 243 138 127 3 59 51 182 219 30 149 92 189 6 61 134 179 24 110 179 110 80 251 84 225 8 48 23 175 33 231 
16 94 190 127 184 224 94 103 168 110 114 212 51 220 94 20 45 221 42 99 114 2 114 248 97 103 243 148 139 103 109 167 113 239 189 62 39 52 169 96 132 203 247 142 102 221 143 24 134 45 70 56 83 70 74 133 140 92 215 80 174 227 46 134 215 180 146 23 220 16 252 25 116 56 234 199 111 234 15 93 39 16 218 176 7 63 94 117 10 45 137 25 205 158 180 183 31 79 72 150 255 227 176 189 12 152 136 70 70 38 111 110 184 150 237 44 241 161 205 199 75 86 4 68 110 30 32 63 
63 237 129 104 74 163 220 16 112 124 118 48 19 251 212 80 212 116 80 34 131 41 40 174 138 136 29 143 182 205 124 149 254 50 82 5 33 208 244 87 66 66 38 206 234 92 98 210 125 162 49 102 255 172 86 163 41 29 219 110 234 229 83 40 179 158 76 5 159 90 15 196 90 206 55 77 188 193 35 191 155 22 174 117 245 254 53 15 71 63 85 140 163 232 184 161 85 27 83 72 142 128 245 105 102 115 203 129 248 111 142 185 137 235 160 26 45 148 154 218 159 42 143 66 104 239 148 15 
189 147 149 24 10 145 173 217 50 162 143 111 9 121 209 207 178 250 205 96 147 3 80 63 54 228 168 194 108 39 234 252 197 177 95 208 89 230 198 240 73 15 122 214 164 23 249 13 147 86 211 215 162 154 151 226 211 11 208 155 230 116 56 84 104 169 220 225 2 94 200 93 211 155 139 124 178 129 250 163 187 157 17 15 203 249 99 242 46 186 172 16 236 62 65 200 169 250 214 154 44 202 239 179 161 218 129 234 162 89 123 116 89 38 250 157 212 135 130 101 34 235 132 243 148 140 72 60 
174 82 128 164 76 23 205 210 193 11 186 60 24 250 77 53 114 171 66 138 111 232 97 15 127 72 71 113 179 208 166 163 30 33 49 226 119 140 222 51 4 5 137 176 223 63 160 37 52 144 234 150 10 229 165 157 198 144 226 228 156 223 238 189 182 93 16 15 229 222 59 130 94 21 89 188 29 231 237 98 96 168 127 18 81 254 223 226 26 67 156 46 111 178 141 64 147 16 169 123 197 119 142 178 233 249 203 137 20 253 7 158 19 180 78 53 61 127 209 119 1 9 169 225 200 201 6 44 
108 231 115 129 73 205 176 21 100 115 248 208 31 184 245 58 124 79 179 123 142 38 95 74 133 235 4 147 17 86 146 17 232 230 76 156 110 187 45 109 179 40 119 47 99 184 134 66 100 126 5 51 192 229 43 215 43 101 146 88 190 247 208 21 140 37 28 33 136 242 238 122 161 83 206 224 71 1 74 123 101 191 131 14 17 157 187 151 225 203 105 89 59 196 1 215 79 133 19 21 226 63 11 52 27 183 36 48 94 91 114 133 222 108 117 7 89 40 254 229 244 255 225 118 155 3 65 136 
220 215 152 211 82 154 18 170 142 221 26 173 51 142 238 125 122 134 91 155 25 104 143 229 59 230 121 29 92 39 233 199 174 157 120 218 126 174 9 177 209 250 207 150 96 247 35 118 116 212 75 233 189 228 53 22 109 222 87 195 101 254 187 34 183 211 116 130 137 144 150 224 169 102 78 131 8 195 65 64 92 206 130 170 92 105 134 237 134 208 181 23 18 72 108 194 60 30 233 116 250 231 167 137 131 146 46 128 125 5 171 207 221 236 163 220 84 28 91 6 209 152 85 185 9 31 151 29 
18 122 0 133 84 96 104 34 217 45 115 165 241 158 67 233 254 131 196 207 76 166 236 101 49 230 12 101 58 183 37 96 80 33 247 65 146 130 77 200 178 0 236 253 255 216 101 204 15 53 8 181 213 205 71 34 173 242 0 248 205 171 90 100 148 58 44 143 128 183 241 20 247 231 205 87 58 226 132 3 255 86 174 215 159 142 146 87 114 23 23 125 19 230 24 132 67 39 197 152 8 157 172 177 235 107 240 146 113 144 101 162 33 71 4 144 58 116 186 228 168 229 169 133 86 159 141 131 
18 120 148 244 17 1 197 50 10 94 17 82 180 78 207 221 14 243 38 105 105 108 247 229 142 65 232 73 159 171 179 226 152 15 166 40 93 116 59 226 112 234 25 110 233 75 245 59 54 66 82 166 22 105 9 11 186 124 70 73 220 209 171 96 150 18 5 229 249 213 217 192 170 15 187 148 252 99 81 161 23 128 211 188 83 60 96 224 92 237 159 139 0 68 187 190 237 54 156 130 198 152 119 138 179 156 113 152 235 43 206 158 239 188 202 63 148 33 9 34 32 168 58 24 107 214 174 83 
177 175 107 229 209 191 229 153 70 237 13 200 187 99 196 82 206 132 112 26 99 53 255 243 111 238 131 127 104 66 222 199 13 59 246 144 105 215 89 192 141 17 86 153 52 74 8 115 157 9 199 214 224 157 114 168 204 66 107 59 153 178 34 213 205 166 17 233 206 144 160 251 50 88 187 25 66 141 91 86 15 48 250 203 14 3 114 154 165 39 102 174 81 124 98 133 17 81 213 0 134 134 21 53 103 95 58 2 170 124 158 229 181 7 153 64 78 170 17 30 72 220 209 13 123 161 32 121 
234 143 222 197 242 133 142 46 66 67 111 241 38 167 236 231 223 153 198 69 173 50 66 64 64 177 31 37 227 153 112 252 187 97 131 191 202 90 35 42 151 7 134 97 167 82 53 145 65 232 114 245 160 251 138 84 212 208 151 193 126 217 77 50 87 224 159 254 184 60 197 109 72 157 45 127 8 105 89 9 235 215 215 1 53 118 225 21 186 173 56 12 234 158 137 125 43 231 117 39 184 123 77 36 244 239 194 151 4 160 93 170 165 165 7 182 68 23 20 39 106 58 108 252 141 17 184 108 
161 150 34 166 243 47 32 149 131 120 254 238 206 148 194 143 233 104 91 130 132 175 14 12 224 247 140 5 109 154 134 49 86 91 48 41 252 235 62 83 83 132 235 184 161 19 43 140 207 67 12 141 228 179 71 16 104 67 61 56 95 28 205 111 146 153 213 207 112 195 135 219 173 177 9 38 137 200 68 231 21 182 182 142 55 188 110 24 219 221 101 108 195 223 59 46 26 77 19 108 189 176 178 55 167 54 158 250 223 50 46 52 50 69 248 92 14 65 215 103 64 64 254 95 6 40 120 112 
207 92 54 93 213 77 164 192 87 72 6 18 156 12 189 165 32 248 227 86 249 161 99 140 73 129 211 49 195 29 120 213 140 22 202 160 45 225 141 201 108 45 200 97 0 73 50 223 139 33 205 137 51 70 85 135 222 242 0 34 92 157 82 152 132 231 87 152 128 180 151 235 78 134 39 132 156 221 199 63 5 35 231 164 51 3 65 93 47 201 244 191 90 121 192 245 213 67 118 94 168 117 233 106 168 31 66 140 123 99 171 18 199 240 41 94 16 80 161 58 3 194 28 151 25 202 135 111 
240 22 218 163 212 94 119 41 82 90 114 181 37 83 224 53 51 163 230 56 11 39 182 127 149 207 244 246 163 139 120 219 131 130 204 24 171 97 19 164 130 181 241 118 94 79 204 249 147 143 63 151 48 203 184 249 58 228 190 180 185 145 136 94 64 205 61 255 166 138 206 194 7 203 1 119 178 134 211 69 53 66 120 210 138 194 141 9 178 249 192 200 28 32 237 189 126 5 122 7 20 5 4 1 65 164 12 243 9 46 28 167 210 149 229 142 207 201 255 144 20 3 19 55 191 85 179 125 
59 81 20 100 249 164 127 197 129 180 237 115 164 196 14 89 72 68 200 185 116 76 231 140 130 104 225 217 42 133 69 98 228 23 196 188 166 182 121 109 110 16 149 137 176 1 204 94 144 15 97 9 7 131 12 50 227 220 130 84 190 94 161 34 0 229 62 172 162 160 168 218 14 190 32 214 50 145 178 184 238 126 17 18 194 10 218 47 232 89 66 96 78 206 154 16 19 230 118 100 164 124 141 95 143 90 173 12 19 178 42 75 49 102 145 48 18 82 201 121 175 145 7 24 113 230 152 124 
82 185 188 132 46 94 171 226 130 194 117 15 67 229 174 132 194 142 192 2 157 187 133 235 4 39 112 102 130 70 133 206 96 143 143 40 179 255 92 14 208 74 11 231 204 182 100 253 93 128 142 135 72 250 178 31 239 253 151 206 24 113 69 99 225 49 156 182 39 132 143 209 189 117 145 16 71 45 51 107 173 49 184 212 35 12 41 57 222 126 39 232 229 14 161 51 217 42 152 252 29 167 176 234 44 163 208 107 80 111 2 118 110 70 163 69 33 182 176 74 9 25 215 164 237 223 3 80 
235 164 149 125 173 251 72 119 144 58 160 173 47 121 235 246 189 127 63 175 43 117 108 214 80 219 160 248 140 183 80 233 110 40 36 146 11 230 202 239 178 32 182 27 162 234 121 244 21 223 94 181 154 130 223 215 4 164 184 114 55 52 81 5 66 36 218 213 166 234 113 187 118 140 89 114 252 23 132 223 199 172 145 47 74 14 53 30 172 54 100 95 145 157 100 93 89 158 75 45 154 13 248 132 36 27 254 146 222 202 119 135 137 15 22 237 123 76 157 77 28 47 203 92 55 171 133 162 
143 87 198 227 126 114 255 149 226 162 50 61 194 158 211 30 42 15 126 31 34 12 125 33 238 245 22 45 96 55 210 62 64 184 74 78 7 40 44 1 215 188 53 73 218 187 183 108 52 141 165 169 251 228 90 230 151 199 62 237 180 61 189 187 130 209 3 184 220 133 221 97 16 75 173 159 254 136 235 45 45 60 27 199 234 194 189 244 160 189 200 167 34 102 245 231 148 210 24 2 77 193 0 198 34 105 209 214 198 112 2 164 59 110 239 74 212 26 194 153 2 79 121 29 181 12 59 50 
3 92 134 113 68 47 34 63 21 240 31 24 184 37 97 98 8 231 177 163 113 104 130 21 159 186 81 238 145 243 152 130 220 27 52 76 70 30 229 150 28 43 73 237 15 141 39 133 57 21 213 23 168 83 47 78 139 131 139 88 16 74 150 58 91 166 163 66 64 96 151 66 10 47 129 60 95 90 158 186 19 250 121 182 146 27 63 177 30 95 133 169 204 39 141 120 58 67 133 132 123 51 22 151 238 76 236 152 51 151 159 156 3 120 73 207 197 255 2 187 80 186 246 72 110 36 195 153 
74 26 151 201 13 209 203 16 198 51 109 92 221 33 36 48 234 45 86 207 87 150 56 142 52 53 133 71 219 201 43 3 174 181 68 220 47 199 162 193 246 185 91 143 175 32 241 241 48 45 223 115 213 5 188 148 232 19 39 209 33 121 192 223 38 208 175 107 119 71 158 85 220 8 142 74 142 6 130 197 100 201 31 197 239 70 81 219 37 24 21 255 102 152 64 203 48 90 93 151 219 141 61 156 158 165 6 62 122 224 92 45 151 44 234 252 41 82 219 173 160 213 37 255 10 83 223 186 
156 15 244 238 191 211 131 88 23 38 8 133 126 100 32 141 200 221 173 101 64 125 90 111 61 51 220 190 9 30 92 69 235 140 218 208 8 163 120 215 255 57 148 185 42 136 184 10 66 134 146 219 157 166 85 183 141 139 192 79 218 103 183 94 239 141 16 199 61 216 104 153 137 198 145 218 48 14 117 173 178 163 6 123 11 1 222 93 110 20 253 29 212 244 90 194 106 194 128 3 14 9 76 46 159 70 79 236 74 153 111 30 4 228 152 110 129 166 36 220 30 81 243 226 242 138 185 56 
253 37 132 230 237 251 130 62 246 119 31 45 234 171 168 94 115 92 191 4 120 2 103 13 71 19 145 4 226 110 137 227 112 254 46 184 254 25 144 64 206 207 197 153 74 37 189 129 221 251 90 34 162 249 150 78 196 28 213 201 16 106 175 187 4 61 215 158 162 155 247 239 242 113 206 40 184 218 52 253 196 105 146 162 138 13 70 69 119 221 33 19 165 55 163 127 172 245 129 254 187 141 132 8 26 219 204 204 18 237 156 233 110 30 182 156 149 75 88 11 32 16 148 178 42 33 57 223 
128 146 113 134 132 197 160 181 196 178 82 206 89 61 198 228 190 166 26 39 82 149 136 189 47 4 254 41 91 114 3 193 29 157 180 250 215 254 100 28 233 102 34 102 127 144 61 116 95 195 63 118 99 34 108 189 246 7 61 255 7 243 213 9 54 160 136 192 130 98 30 142 56 91 110 85 118 8 224 45 164 93 200 65 157 99 169 240 203 146 167 34 229 27 29 135 138 250 211 241 64 43 211 200 75 243 18 15 151 193 47 219 222 231 242 32 228 168 94 63 67 172 33 158 44 243 95 69 
159 205 102 238 102 103 217 42 208 56 7 38 131 160 234 208 87 74 39 77 205 105 143 82 144 199 153 20 172 137 242 62 83 169 163 97 114 81 43 86 29 209 206 45 192 153 249 128 49 94 66 31 92 141 41 99 167 249 252 90 49 244 89 165 37 18 90 237 117 179 206 155 48 238 4 18 203 228 182 122 177 141 248 218 223 53 94 73 161 246 131 94 85 228 54 22 222 84 153 59 93 155 16 110 128 164 196 146 10 97 81 20 241 250 36 78 74 86 235 170 208 137 32 6 103 113 202 81 
118 28 52 15 85 101 127 1 195 44 109 30 116 137 104 176 133 57 124 244 213 40 30 169 220 200 40 15 164 20 253 153 73 186 84 98 55 11 172 82 91 112 31 246 124 70 131 198 191 146 206 27 220 55 153 89 252 4 125 188 175 129 193 110 48 81 29 251 205 178 50 170 179 237 223 234 189 135 223 21 116 28 172 183 160 58 65 92 0 250 195 95 227 122 123 185 212 243 34 89 240 149 140 190 204 93 103 243 153 96 112 107 144 155 122 213 237 215 96 112 241 210 209 65 171 53 249 57 
72 1 179 61 152 56 50 3 94 252 138 73 126 115 64 152 165 78 223 18 110 13 3 163 52 189 121 168 170 87 212 31 212 53 155 50 108 147 243 21 221 202 247 180 60 32 172 198 252 81 107 47 119 231 28 255 18 195 202 2 243 195 108 132 44 197 55 134 42 42 24 241 178 234 21 66 201 177 24 70 183 121 51 65 36 194 178 125 32 65 193 71 20 146 118 177 229 248 158 229 32 229 5 163 255 55 94 140 99 79 163 25 43 213 240 203 132 159 128 21 159 86 165 58 160 0 20 195 
48 62 243 32 95 213 111 10 152 186 8 19 76 2 25 73 193 73 125 85 13 77 253 125 96 183 37 73 55 30 195 112 139 143 89 34 21 230 130 28 209 177 212 144 82 52 243 7 94 223 75 193 82 224 70 74 83 154 74 222 6 252 215 21 89 19 1 176 92 27 211 130 212 42 24 95 64 195 0 190 118 51 86 207 71 218 195 48 118 87 192 111 216 16 135 104 138 21 205 109 17 199 126 102 27 24 122 18 88 212 196 109 230 187 81 196 107 207 86 89 188 30 97 234 178 178 49 176 
204 75 174 250 213 3 2 104 145 180 157 30 186 32 163 238 129 95 39 182 230 19 221 91 171 122 162 114 153 252 193 85 108 47 8 95 164 64 238 30 163 3 122 7 180 8 76 173 173 254 121 209 190 57 46 156 234 118 8 65 109 133 120 98 137 155 126 240 117 110 123 227 148 193 91 99 21 160 203 104 6 94 97 210 110 77 102 36 83 5 55 39 105 20 16 33 186 90 123 28 46 154 120 254 144 24 221 84 53 138 238 225 219 42 52 31 0 229 13 191 96 190 50 55 54 240 130 169 
160 49 156 152 209 141 168 209 202 173 33 70 6 142 62 129 46 39 131 244 155 198 33 207 184 129 135 206 251 128 91 46 202 164 4 23 62 241 59 210 69 7 112 167 234 89 61 140 59 56 81 185 64 230 104 0 107 78 104 32 83 236 36 52 16 78 109 198 77 108 172 16 49 105 37 253 109 224 195 80 20 165 104 141 205 101 238 5 99 1 64 25 49 81 93 132 230 231 227 164 16 78 219 203 63 16 178 19 147 204 250 95 33 175 81 202 252 9 251 68 2 74 240 119 17 4 253 22 
205 240 29 137 193 2 99 129 26 255 191 58 253 40 69 17 42 175 209 104 12 204 107 180 2 187 248 96 132 43 27 174 93 27 47 114 30 55 201 246 67 223 63 253 118 203 174 107 225 48 29 74 116 188 206 212 149 129 255 51 46 10 27 246 177 158 221 144 161 163 252 85 0 109 168 168 105 0 165 97 212 250 133 85 71 248 99 211 101 246 252 80 12 6 252 53 145 72 249 225 105 90 161 86 202 160 55 91 188 8 37 116 57 201 152 19 59 0 188 167 86 239 107 28 214 130 192 219 
66 19 123 127 229 253 156 166 25 16 128 186 9 205 194 179 194 73 56 8 56 103 189 48 159 157 216 184 228 108 69 221 29 97 53 1 228 242 214 113 230 14 178 12 248 162 126 183 0 54 201 25 200 180 218 165 51 220 240 21 244 194 25 246 206 203 101 80 237 183 194 42 131 52 8 21 163 40 49 69 23 154 210 3 149 157 44 184 101 160 78 138 29 35 255 203 169 148 84 228 45 46 186 74 143 0 254 147 111 189 0 47 225 201 83 188 232 47 91 46 244 20 161 156 240 248 229 174 
233 64 44 174 251 27 55 165 27 151 229 186 193 235 94 26 175 115 168 98 86 203 2 117 71 126 215 163 168 22 150 87 118 245 113 224 39 117 129 61 3 244 82 7 50 24 131 227 224 154 23 246 5 225 96 232 143 248 25 200 53 121 231 0 233 71 141 247 9 229 98 142 246 217 169 171 187 235 84 134 126 51 70 96 178 249 130 121 26 52 18 224 186 102 26 149 198 146 30 152 23 43 224 172 146 94 108 100 239 231 250 145 66 123 117 155 231 8 61 152 15 68 227 58 241 46 210 250 
198 218 27 81 64 106 170 201 244 173 226 244 234 101 156 41 135 135 46 166 138 216 151 41 197 11 174 226 44 202 54 220 197 216 128 221 3 173 0 13 122 108 206 132 149 30 219 45 231 92 135 165 223 234 60 200 44 155 109 20 195 18 202 96 248 119 112 170 72 149 218 68 37 213 57 28 226 137 137 91 27 117 30 232 173 96 158 31 65 215 189 69 135 160 159 113 68 23 49 171 139 144 129 60 209 25 0 175 36 222 130 135 119 105 105 85 88 100 183 195 38 213 197 4 51 75 52 39 
50 139 166 96 107 248 219 118 4 98 75 214 19 95 225 198 247 216 204 28 74 161 138 25 200 146 230 45 50 197 44 19 132 64 58 109 105 177 188 220 94 164 150 45 27 251 94 139 93 220 18 108 188 175 108 18 1 206 149 129 93 200 51 121 121 33 15 46 94 127 3 50 47 230 102 248 194 4 148 177 112 100 214 253 45 60 137 69 36 193 114 64 170 241 36 20 239 202 186 39 165 11 192 159 182 78 219 254 254 151 82 6 143 214 111 187 77 29 88 203 196 132 249 15 218 133 106 184 
102 115 100 152 236 44 212 73 190 138 225 63 72 176 242 81 22 138 124 0 242 60 112 88 72 64 60 77 190 192 96 156 91 248 39 183 16 183 229 220 173 59 225 55 115 139 89 78 149 18 147 26 86 17 159 38 38 170 40 249 255 62 230 56 127 216 181 136 191 188 139 128 208 167 204 240 175 182 125 11 77 154 88 45 212 145 88 237 82 209 129 189 142 12 228 241 81 208 123 46 225 69 104 51 228 38 54 159 112 191 32 30 31 95 150 43 138 14 118 235 178 67 7 237 55 119 254 210 
234 185 165 241 131 56 199 58 228 14 141 60 29 214 13 220 122 81 121 243 179 0 230 81 185 245 231 191 84 43 26 172 209 199 237 170 226 57 211 31 223 154 235 249 172 107 162 221 228 27 143 11 109 250 235 111 94 17 220 173 137 241 18 134 130 63 171 170 34 166 252 229 24 24 193 91 153 238 162 50 27 83 7 230 119 125 26 8 161 69 232 114 192 94 175 4 96 184 91 193 231 162 83 20 63 39 66 150 28 84 88 71 224 75 197 54 30 0 236 35 250 18 190 27 84 92 197 72 
57 196 205 252 222 0 29 200 129 14 154 198 192 210 244 157 71 167 207 182 41 243 112 114 137 101 248 132 10 210 92 12 113 3 75 82 196 25 68 0 119 164 157 131 147 34 13 142 25 72 191 156 46 126 203 232 63 177 9 73 155 100 185 120 208 109 132 33 238 115 174 22 147 151 175 136 145 127 72 250 138 103 193 126 95 46 195 22 69 52 173 135 135 207 55 155 147 3 11 87 88 87 96 246 133 171 77 243 41 207 172 129 54 4 128 207 129 88 230 207 246 104 175 114 157 55 87 27 
22 238 166 241 200 194 167 8 155 195 177 81 188 172 70 218 160 244 11 123 17 227 156 255 243 51 152 83 123 201 171 210 95 70 27 143 190 234 86 141 243 118 116 229 48 78 26 240 203 82 204 26 222 125 170 52 62 108 158 162 79 169 168 192 25 150 65 158 58 226 195 103 173 253 131 164 186 86 128 174 38 119 82 106 71 191 253 184 209 8 127 102 31 187 151 180 166 233 103 86 123 223 174 79 67 194 1 189 208 38 221 95 142 89 147 86 203 3 247 23 92 180 167 172 184 201 192 172 
135 230 207 116 226 191 99 97 74 155 62 122 240 66 176 130 210 155 23 38 165 79 55 134 8 194 15 239 253 230 213 231 120 168 206 171 20 229 170 5 0 118 230 148 254 213 178 158 31 54 40 135 226 45 205 130 38 245 155 238 80 80 162 196 211 98 246 177 94 13 105 65 165 182 47 42 201 177 185 132 78 45 104 13 72 33 91 67 196 96 172 64 148 231 44 178 108 128 143 124 4 26 122 169 161 194 90 130 25 235 180 104 100 102 0 21 253 154 107 89 55 216 225 56 141 62 211 216 
114 101 95 33 230 153 21 20 126 141 134 91 252 227 228 224 142 22 115 124 95 140 57 68 55 127 181 223 75 124 204 158 148 163 158 19 35 235 39 136 126 224 134 230 164 124 58 242 246 163 119 104 177 85 143 214 143 118 85 180 208 137 148 88 233 47 242 204 224 232 206 250 22 236 80 170 32 237 4 241 106 157 223 123 167 32 210 138 77 135 37 183 5 224 141 193 98 79 107 116 214 193 135 105 202 231 251 133 78 90 206 246 101 187 213 114 73 101 145 172 71 244 8 212 181 243 233 181 
221 18 253 41 24 30 229 162 73 65 203 157 251 154 117 79 250 141 241 208 181 181 14 86 106 101 194 51 167 214 173 155 21 48 32 72 85 237 173 121 148 133 78 236 192 233 118 8 223 61 150 6 59 77 150 157 163 7 9 83 197 126 96 103 1 79 104 64 254 21 144 205 240 54 25 157 64 24 141 78 123 68 13 141 215 25 81 231 151 245 250 236 56 243 177 78 94 155 150 202 217 233 80 100 16 100 102 0 215 166 103 248 27 160 181 51 22 136 125 19 186 159 31 131 25 238 218 113 
223 120 30 131 188 158 207 170 86 145 103 30 148 218 109 80 170 199 58 112 237 147 177 29 119 37 47 86 236 53 143 207 176 211 186 134 5 134 93 147 194 241 53 158 143 129 211 65 12 143 224 112 115 75 164 125 105 57 253 37 79 255 64 218 115 240 19 112 243 51 219 71 28 136 138 161 121 147 215 50 49 63 48 217 168 132 122 19 145 152 35 172 145 159 115 15 77 133 241 174 129 207 96 217 55 104 203 40 50 244 65 77 231 60 28 69 25 236 30 63 63 98 6 71 48 107 251 174 
94 58 150 22 154 86 46 57 178 156 52 249 40 239 198 30 144 97 75 163 20 221 245 208 126 238 76 82 124 46 45 143 48 146 238 161 52 21 151 125 53 5 214 254 44 13 134 185 125 192 103 166 104 89 68 70 154 70 216 30 159 184 141 99 122 12 102 99 95 84 85 206 171 46 85 6 53 176 161 111 232 25 64 237 26 104 153 108 138 103 30 191 84 10 152 235 240 188 48 2 3 164 147 220 206 16 220 166 175 88 242 97 8 180 124 69 61 248 188 21 40 112 197 175 226 50 193 242 
72 93 155 23 165 65 224 228 153 144 213 126 30 95 248 185 144 80 78 71 141 219 104 114 7 86 151 79 79 9 138 130 251 84 243 109 182 6 77 231 46 50 166 28 173 62 85 1 162 104 203 106 50 175 102 165 251 228 209 196 13 145 214 227 219 249 161 47 11 124 251 61 192 17 234 220 137 30 31 227 98 84 240 96 68 100 203 169 92 24 192 203 238 155 190 10 153 135 230 71 3 172 53 208 197 179 99 117 73 215 92 138 232 139 223 34 170 58 228 184 183 76 36 44 41 32 93 6 
199 63 37 225 158 84 250 254 172 19 118 193 181 186 42 11 50 138 181 93 13 213 122 253 203 171 51 100 106 122 161 250 209 54 174 77 64 144 177 97 112 228 162 93 140 187 186 101 189 141 25 4 142 210 156 234 0 204 58 5 39 124 80 61 70 162 143 164 204 198 204 115 37 222 199 18 226 236 48 34 184 123 239 208 244 204 155 6 216 147 91 216 43 75 63 149 159 139 144 126 133 59 253 229 143 124 9 6 212 122 61 127 193 164 195 156 56 12 139 154 74 196 126 29 218 110 27 79 
172 180 220 126 222 180 112 221 129 167 36 46 127 57 25 92 136 145 158 112 154 15 75 115 205 97 61 108 122 223 248 3 203 214 229 254 30 237 147 134 0 64 86 45 111 175 240 77 170 8 34 66 248 36 207 202 204 150 145 236 229 82 190 56 111 235 223 249 161 207 209 148 152 59 14 209 30 226 125 183 176 54 166 250 225 104 175 57 171 5 89 67 250 17 191 242 19 210 192 252 126 133 183 242 181 117 241 213 11 33 190 32 252 87 97 138 142 144 147 161 164 47 46 72 107 82 1 133 
195 122 92 1 160 153 232 191 158 131 15 53 236 131 7 229 123 214 33 240 188 248 104 168 248 4 235 95 244 221 159 9 166 223 181 127 27 67 106 144 240 11 27 229 236 210 18 195 135 16 5 94 73 78 147 181 18 72 177 134 15 236 225 112 18 250 112 23 7 228 172 244 146 207 193 243 180 62 201 50 222 150 219 252 210 120 186 221 144 175 32 189 168 168 68 63 162 182 32 208 236 122 163 128 156 76 8 201 47 132 56 55 168 123 221 148 113 128 116 130 63 110 115 242 224 78 185 211 
117 16 208 173 159 199 62 49 90 183 205 168 210 26 203 133 54 76 149 171 61 200 12 40 47 72 122 39 110 232 225 129 204 233 82 161 18 188 116 82 100 20 152 20 83 109 128 49 54 241 172 201 223 42 5 28 225 78 153 79 61 100 138 148 189 91 96 105 244 237 153 241 233 206 78 104 205 59 157 213 107 230 71 215 34 159 173 52 183 12 46 206 34 33 210 174 94 232 133 252 109 73 215 196 208 199 166 190 34 38 104 82 99 160 232 68 63 81 240 90 108 107 205 98 254 86 205 18 
228 116 187 194 31 214 71 45 216 29 252 241 132 14 188 206 167 1 141 246 64 205 94 247 215 6 10 207 169 152 110 59 156 95 52 19 85 71 51 65 113 203 81 102 101 208 126 40 56 141 196 209 200 23 250 107 123 215 244 119 93 89 124 38 12 16 121 25 245 71 34 82 139 192 74 191 65 135 216 24 130 103 207 52 229 164 88 149 163 19 199 88 198 248 214 123 214 247 151 184 217 242 67 139 140 27 190 152 221 217 215 170 20 197 146 159 108 80 15 157 205 157 122 241 199 96 113 120 
27 194 38 101 180 223 230 111 220 12 33 120 153 62 29 7 89 151 23 8 26 248 43 36 209 16 45 190 194 14 168 156 175 148 32 13 206 236 155 75 98 55 95 78 110 100 72 30 39 39 153 239 12 177 168 6 237 31 220 129 247 234 0 185 205 75 102 203 206 51 116 122 108 132 142 96 174 123 47 22 64 253 250 83 230 33 5 125 131 38 61 28 172 137 99 199 42 145 174 26 16 57 11 7 238 248 53 244 1 212 37 157 54 157 18 145 102 218 42 184 168 33 96 8 209 58 111 250 
248 227 131 4 109 145 202 38 50 241 202 202 35 119 99 227 151 48 16 123 194 7 90 8 8 90 237 52 89 215 9 208 225 127 147 249 34 115 63 142 189 171 206 160 72 188 54 174 13 56 128 168 21 230 218 130 42 195 165 237 139 175 36 3 87 139 151 36 80 66 69 202 86 38 181 23 162 72 60 179 247 212 10 52 52 71 239 231 113 254 231 233 219 192 76 190 85 38 11 131 65 241 129 208 69 138 171 243 175 125 166 172 233 75 155 9 0 246 189 45 113 246 129 37 23 53 141 198 
83 31 191 1 147 132 20 251 224 170 249 98 177 93 60 96 213 107 22 100 107 107 8 3 28 1 179 148 184 108 61 196 86 137 182 147 236 234 87 10 155 212 29 183 23 48 42 186 182 248 202 89 153 10 180 3 195 77 219 34 198 19 98 23 202 142 187 105 192 235 86 177 252 121 202 223 80 2 67 36 86 141 160 16 214 127 159 235 99 15 165 158 104 177 252 64 44 112 141 131 87 191 36 156 174 122 36 73 82 234 32 201 230 150 67 23 69 248 151 131 90 246 101 27 62 212 251 230 
233 179 144 75 208 5 29 142 225 161 107 251 5 63 113 188 12 113 218 208 211 73 216 114 156 170 60 138 86 153 120 253 213 22 224 210 189 173 17 119 128 246 72 116 141 116 40 108 175 231 59 131 92 80 68 190 248 230 220 65 251 78 225 244 78 107 124 122 70 95 67 18 84 99 230 16 2 254 32 221 174 227 183 7 250 38 76 133 88 81 156 250 88 178 188 34 215 11 245 254 228 36 133 15 100 50 201 199 32 240 193 126 247 5 100 40 198 240 192 148 37 107 180 68 146 26 26 231 
96 121 125 27 216 73 215 19 125 230 83 8 8 62 172 255 150 90 194 225 101 206 78 87 18 20 238 34 216 179 152 57 69 54 125 249 75 115 6 167 240 146 47 129 141 142 81 76 229 36 210 166 181 203 153 81 73 224 116 202 186 33 60 94 31 224 94 174 2 98 167 91 79 57 94 239 113 36 216 177 91 154 206 195 175 90 59 233 117 214 5 141 171 87 13 232 232 21 144 202 206 48 121 248 176 70 199 101 253 56 49 192 182 77 95 160 90 248 108 16 15 4 101 85 191 194 80 167 
98 42 93 201 152 10 141 168 251 177 147 228 84 37 175 138 16 214 215 129 148 153 24 28 235 236 249 172 219 29 66 230 145 227 213 164 72 10 146 18 141 5 185 137 17 143 42 236 240 57 139 51 130 227 10 254 178 30 88 70 108 57 103 120 81 198 170 188 55 112 24 2 49 36 158 100 197 121 205 25 174 196 186 251 234 184 160 161 130 55 136 168 87 158 107 212 96 12 115 123 102 36 57 255 60 214 248 111 237 191 149 247 185 228 159 13 68 133 33 122 57 95 128 31 143 45 172 137 
94 37 121 202 9 201 183 118 16 199 145 124 157 233 132 228 9 38 138 24 59 77 70 252 130 190 99 81 74 90 225 224 38 75 209 134 206 114 33 202 149 168 6 63 87 238 22 236 207 210 185 187 239 64 129 185 162 164 24 131 243 205 117 150 250 145 195 98 247 69 244 7 41 26 92 217 4 18 145 3 71 74 182 226 73 209 222 106 73 161 246 126 241 145 196 155 112 254 61 140 12 3 67 33 34 121 5 84 113 76 19 66 87 21 4 125 188 87 249 47 209 235 75 35 122 234 64 182 
202 153 20 232 26 152 2 155 179 58 218 181 140 207 100 235 91 78 82 60 175 19 3 14 28 99 46 60 75 133 178 240 10 77 48 197 198 201 116 62 211 128 234 128 0 189 18 227 16 78 75 240 106 202 6 237 91 142 228 3 89 136 87 72 122 148 171 69 196 130 78 27 66 2 206 86 95 99 172 73 38 107 219 130 70 185 21 122 18 206 254 88 62 153 252 165 212 118 114 60 167 101 193 45 83 113 92 172 77 172 248 153 229 10 165 144 91 124 242 230 76 113 54 12 44 14 40 23 
159 97 231 67 211 46 231 73 53 190 133 173 206 236 208 81 155 48 103 22 103 187 222 61 128 198 132 230 231 23 131 251 185 165 125 11 47 61 47 212 157 117 204 216 128 82 227 86 140 144 232 156 228 222 134 178 113 128 136 174 4 112 39 176 165 4 94 66 80 125 240 192 138 180 249 236 109 252 4 109 138 216 19 175 160 95 129 92 95 237 177 91 230 115 114 72 248 248 126 88 196 78 76 154 140 151 251 88 151 125 252 21 24 131 213 54 172 191 43 42 206 70 107 247 171 210 208 24 
