136 132 132 123 140 128 123 129 128 136 146 145 146 132 111 77 55 69 68 68 68 72 72 72 72 72 77 85 85 89 85 98 94 95 98 94 94 94 94 102 98 98 98 98 98 98 102 94 102 102 102 98 98 98 98 94 102 98 94 99 102 102 98 102 98 94 98 98 94 98 98 95 94 94 89 94 85 85 77 68 81 102 119 128 136 128 119 123 123 123 128 124 123 123 123 123 128 133 128 128 140 200 208 213 200 110 63 77 85 85 85 85 94 85 85 85 89 89 89 81 94 94 94 85 85 88 140 106
132 128 132 123 123 123 123 123 123 136 145 145 140 132 102 72 55 55 60 68 68 68 68 68 72 67 77 85 85 89 90 94 94 94 94 89 98 98 94 94 94 102 94 98 94 89 98 98 98 102 94 97 94 98 94 94 102 95 89 98 94 98 89 98 99 94 94 98 94 94 93 89 94 95 89 94 85 85 81 72 77 98 111 127 132 131 123 119 128 123 128 123 123 124 128 123 128 128 128 123 132 183 204 213 204 157 68 71 85 85 85 85 98 94 89 89 94 90 85 89 89 89 94 94 89 89 67 21
132 119 132 128 123 123 123 123 132 136 145 145 140 119 102 68 51 55 64 68 68 67 68 68 64 72 77 81 85 89 89 94 95 94 94 98 94 94 94 94 98 98 94 98 94 94 94 98 93 94 98 94 98 94 98 94 94 94 94 94 98 94 94 94 95 98 94 94 89 95 94 94 94 94 94 89 85 86 81 72 72 85 102 119 128 132 123 128 128 123 132 128 123 128 132 123 128 123 128 129 119 149 192 204 208 200 106 68 77 81 85 94 85 85 89 89 89 85 89 85 94 85 89 102 85 43 17 21
128 128 127 128 123 128 128 132 141 146 140 140 140 119 95 77 55 60 65 68 68 72 68 68 68 72 77 81 81 89 89 94 94 89 89 94 98 94 94 94 98 89 102 94 94 94 98 89 98 98 97 98 94 94 94 98 94 94 94 98 98 102 94 94 99 94 98 94 90 89 94 94 94 94 94 89 94 85 77 86 68 77 98 111 128 132 132 132 136 136 136 128 132 123 128 128 132 123 123 123 123 119 179 204 208 217 170 68 72 76 81 85 85 89 85 89 85 94 89 88 89 94 99 85 38 26 17 26
127 128 128 132 132 128 128 132 139 140 140 136 136 119 102 77 51 60 64 64 68 68 68 68 68 68 77 81 85 85 85 94 89 89 94 98 98 94 94 98 89 94 94 94 97 94 94 98 89 102 94 94 98 94 94 94 103 98 94 94 98 98 98 98 94 102 93 89 99 94 94 94 94 94 85 94 99 85 81 77 72 68 85 106 123 128 136 136 131 132 136 136 128 132 127 123 123 123 119 123 123 119 132 191 212 208 200 132 68 72 85 85 89 89 94 89 94 89 94 94 94 106 85 31 17 17 17 17
128 123 128 128 132 128 128 136 140 139 136 136 132 119 102 72 51 55 65 68 65 68 68 68 72 68 77 81 85 85 85 89 89 94 94 89 94 94 95 94 93 94 89 98 94 94 94 89 98 94 85 94 89 94 94 94 90 95 94 98 94 94 98 94 98 94 98 94 94 89 94 89 89 94 89 94 89 85 85 77 77 68 81 101 119 132 136 135 132 136 136 132 132 132 128 128 123 119 123 119 119 119 119 170 200 208 213 187 85 77 77 85 85 85 85 85 85 94 94 98 99 89 21 21 21 21 21 21
128 128 128 132 128 132 136 140 145 140 136 132 136 118 94 72 51 55 60 68 68 68 68 68 68 68 72 77 85 85 89 94 94 89 89 89 89 94 94 93 98 95 94 94 94 89 94 94 99 94 89 85 85 85 89 94 89 89 89 94 94 94 95 94 94 98 94 89 89 89 85 94 89 94 94 95 85 89 85 77 72 68 85 102 116 128 131 136 132 132 132 132 132 128 128 128 128 128 128 128 123 128 111 128 191 213 208 208 153 77 77 77 89 84 85 93 89 89 98 98 95 21 21 13 17 17 17 17
132 128 132 132 132 136 141 140 140 136 132 128 136 123 102 68 50 60 63 68 68 68 64 68 64 68 72 78 85 85 89 84 85 94 94 94 89 89 94 94 98 94 94 94 94 89 94 94 94 99 94 85 84 89 85 89 85 89 89 89 94 94 94 98 94 89 90 89 94 89 90 95 85 89 94 89 98 85 81 81 81 68 85 102 115 128 123 132 132 128 128 132 129 132 128 128 123 128 132 128 124 123 115 111 157 201 208 218 204 94 81 77 85 89 89 85 94 89 98 90 13 21 13 17 17 21 17 26
132 128 136 131 135 136 140 145 140 131 132 132 136 119 102 68 51 55 60 68 68 68 68 68 64 68 72 81 81 85 85 85 89 89 89 89 94 85 94 94 89 85 94 94 89 94 93 94 94 94 85 85 88 85 85 89 94 89 85 89 94 94 94 94 98 94 97 94 89 94 89 89 89 88 89 94 85 85 81 72 81 72 81 94 111 119 128 127 132 132 132 132 128 128 128 132 128 128 123 128 123 119 119 111 119 187 204 221 213 174 72 77 76 81 89 85 94 98 89 22 13 9 30 21 17 22 21 17
132 132 132 136 140 140 136 136 136 136 128 136 136 119 102 68 43 51 60 68 68 69 68 64 63 68 77 81 81 77 85 89 89 88 94 85 85 94 94 94 89 89 94 89 94 89 94 89 89 89 85 84 85 85 85 85 82 81 85 85 84 94 89 98 98 89 89 89 94 89 89 89 89 89 89 89 85 85 81 85 72 68 77 94 111 119 119 128 132 127 132 128 123 128 128 123 132 128 128 123 120 119 119 111 111 145 204 212 217 208 132 64 77 81 81 94 98 80 21 21 17 26 34 34 22 21 17 21
132 136 132 140 140 136 132 132 128 132 132 132 132 119 102 64 43 51 68 64 72 68 68 68 64 68 68 77 81 85 85 89 85 85 85 85 89 88 90 94 85 89 94 89 89 89 89 89 94 89 89 89 89 85 85 85 85 86 85 85 85 88 89 85 94 94 89 95 89 94 89 89 89 90 89 89 84 85 85 78 77 68 81 94 106 111 119 119 123 123 128 128 128 123 123 123 128 123 122 119 119 115 111 111 106 115 183 208 213 221 186 77 77 73 80 89 85 30 14 13 21 26 34 26 17 17 17 12
131 136 136 145 132 128 119 119 123 136 132 136 136 119 102 68 51 51 60 64 68 72 69 68 64 68 72 77 85 85 85 85 89 94 89 89 94 94 89 89 90 89 98 94 98 89 85 85 102 85 85 94 106 119 132 145 153 153 157 158 106 81 85 85 90 85 89 89 94 94 94 90 89 89 85 94 85 81 81 81 77 68 81 94 102 111 115 119 120 123 128 128 119 119 123 123 123 123 123 118 115 111 115 111 115 111 135 196 221 217 204 150 85 77 85 85 21 13 21 16 17 30 34 26 21 17 17 17
132 132 136 145 132 111 106 111 128 136 136 132 136 119 102 65 47 51 60 60 64 69 69 68 68 68 77 77 86 85 85 85 85 85 89 89 98 88 88 94 85 85 94 94 90 94 85 85 119 128 123 132 128 153 150 157 170 162 166 162 174 179 162 111 81 81 85 89 88 94 89 89 85 85 89 85 81 81 81 72 72 68 77 94 106 112 115 111 119 119 123 123 123 128 123 119 128 119 115 115 106 106 111 107 111 102 119 170 204 217 217 200 94 86 81 17 17 17 13 17 26 26 26 21 13 13 13 17
136 136 140 140 123 102 89 102 132 136 136 136 132 123 102 64 43 51 55 64 68 64 64 64 64 68 77 81 85 85 86 85 89 85 89 89 94 85 89 85 85 85 85 89 85 94 102 123 115 123 119 123 128 145 145 153 156 162 157 157 174 170 170 191 187 119 81 81 89 89 89 98 85 89 86 85 81 81 72 68 77 69 72 94 106 111 111 111 119 119 120 123 119 119 119 119 119 115 111 106 111 106 102 111 106 106 106 115 191 217 217 217 183 89 30 9 17 17 26 26 26 21 17 17 21 17 13 17
135 145 136 132 111 81 85 114 132 136 136 136 132 123 102 64 38 51 51 60 55 64 68 60 68 68 72 76 77 85 85 85 85 85 85 85 94 89 89 89 81 89 123 119 102 89 97 102 119 115 123 128 128 136 149 145 149 153 166 157 166 179 183 179 183 191 170 85 85 81 85 81 85 85 85 85 77 77 72 72 72 68 77 84 106 115 115 112 115 119 119 119 119 119 111 115 106 115 111 106 106 111 106 102 102 106 110 102 153 204 217 221 221 64 13 13 13 17 21 21 21 26 26 17 17 17 17 17
140 149 136 115 89 64 77 111 132 137 139 136 136 123 102 68 38 47 52 55 60 60 60 68 68 64 72 76 82 77 85 85 85 85 85 85 85 85 85 111 94 102 98 89 89 89 98 106 98 102 102 119 132 132 149 136 145 153 170 170 171 170 174 170 187 179 196 183 123 77 77 81 81 81 86 81 81 77 72 72 64 60 67 94 106 111 115 111 110 115 115 120 119 119 115 102 111 111 115 115 111 106 106 111 112 115 111 102 115 183 213 225 208 9 13 18 17 26 26 26 17 17 18 21 17 17 21 26
153 149 128 106 67 43 81 111 136 136 140 136 136 118 98 68 43 43 51 55 60 60 64 64 64 64 64 72 81 77 77 81 85 85 85 84 89 85 85 106 77 85 85 85 89 85 101 106 98 102 106 106 111 132 129 136 157 157 162 170 178 162 183 166 180 183 187 187 183 169 77 68 80 77 77 81 81 72 72 72 68 64 68 94 106 115 119 111 111 111 111 111 111 114 111 107 106 111 111 106 111 106 106 106 111 111 115 111 111 128 208 209 51 21 13 13 17 26 26 21 17 17 26 13 21 21 21 4
145 136 115 85 47 43 77 111 132 145 136 136 136 119 94 69 34 51 47 61 64 68 68 60 64 67 68 77 77 72 77 85 85 85 86 85 81 85 106 77 72 85 85 85 89 94 102 103 102 106 102 106 102 115 132 140 157 153 170 157 170 166 174 183 174 187 183 187 187 191 196 89 59 72 68 72 72 77 72 67 72 64 68 86 106 119 119 115 115 105 106 102 106 115 115 106 107 106 111 111 106 111 111 111 115 111 111 115 115 119 174 55 13 13 17 18 17 21 22 17 26 25 21 21 17 43 9 9
140 132 102 68 38 47 81 106 132 145 137 136 136 116 94 59 38 47 55 60 60 68 69 64 64 63 68 72 77 77 77 77 81 81 85 85 85 94 81 81 71 72 81 85 98 94 94 102 106 106 102 107 102 111 132 136 145 140 170 166 166 179 174 187 174 187 183 183 187 191 174 196 123 81 64 64 68 72 68 68 68 60 72 89 115 119 123 123 115 106 98 89 89 102 115 115 106 115 115 102 111 106 106 111 111 115 119 115 119 128 47 13 13 13 17 30 21 17 17 18 26 26 26 26 43 9 13 111
132 115 86 37 52 43 85 106 135 140 140 136 132 119 97 68 38 47 47 64 64 60 60 60 68 68 68 72 85 77 72 76 77 85 85 81 81 119 72 77 77 81 81 85 94 94 94 94 94 102 106 102 111 119 118 119 149 149 162 174 170 183 162 183 170 183 183 170 175 204 208 208 221 221 68 51 68 69 68 64 68 60 68 89 115 119 119 119 119 111 85 64 72 89 106 114 116 111 112 106 111 111 111 106 106 111 115 119 128 77 17 18 9 9 21 17 17 17 17 26 26 26 21 38 26 21 81 146
123 94 55 43 48 51 78 111 132 140 145 136 136 119 89 64 38 47 51 60 64 64 64 68 60 68 71 77 72 77 77 89 77 85 85 85 85 77 71 72 81 85 81 89 85 85 89 98 98 111 106 106 106 106 102 115 149 149 174 174 162 179 166 183 166 166 187 204 200 205 205 200 204 221 196 43 60 64 60 68 63 60 68 94 110 119 119 119 119 111 94 51 43 68 98 115 115 106 111 111 106 106 111 111 111 111 115 127 98 17 13 13 17 21 26 17 13 17 26 17 17 17 38 47 17 85 119 136
111 72 43 47 51 55 81 106 136 140 136 136 136 119 94 64 43 47 55 55 60 64 68 64 60 68 69 72 81 77 77 81 85 80 85 84 81 68 68 81 81 85 85 84 81 85 89 98 94 115 106 106 114 106 106 132 132 144 170 170 166 187 136 157 200 204 200 192 196 192 196 204 200 213 217 145 38 55 68 55 64 55 67 85 111 119 124 119 119 111 94 51 17 51 86 106 115 111 106 111 106 102 106 111 106 106 119 115 34 4 4 13 21 21 26 26 13 21 21 17 26 47 46 38 72 115 119 119
89 51 51 51 51 51 77 112 128 136 140 136 132 119 90 68 38 47 55 60 60 64 68 64 64 68 68 72 77 81 81 86 81 85 85 85 72 68 72 77 89 77 81 85 77 89 95 85 106 102 115 111 115 111 111 120 140 139 166 162 153 136 183 196 200 191 200 196 200 196 187 200 205 208 221 213 90 43 51 55 60 51 68 89 106 119 123 119 118 115 102 61 9 21 68 94 115 115 106 106 106 106 106 106 115 119 119 64 17 38 14 26 21 26 21 17 17 27 21 17 34 38 47 72 111 127 110 128
64 47 51 55 51 51 77 111 123 136 145 140 132 119 89 64 38 51 60 64 60 64 64 64 64 68 68 72 81 81 81 81 85 85 89 81 68 81 72 81 77 85 77 77 85 94 102 98 102 98 111 115 120 98 106 119 140 140 149 123 166 196 195 187 196 200 191 191 179 196 200 208 196 196 204 220 221 55 33 47 51 51 63 89 111 119 123 119 119 115 98 51 9 17 55 81 102 114 115 114 106 106 111 111 115 111 106 13 9 17 17 21 21 21 17 17 26 17 21 18 30 51 77 115 123 123 119 145
47 51 55 51 52 51 72 106 128 136 136 136 132 119 89 68 34 38 55 56 64 68 64 60 64 67 68 72 81 77 77 81 81 94 77 68 77 77 77 81 81 85 85 84 85 98 97 106 102 102 111 111 115 98 115 115 135 136 106 170 187 187 196 196 183 187 187 187 191 191 187 191 200 204 204 204 213 220 132 43 43 43 64 89 106 128 119 123 119 119 98 55 13 21 13 55 89 112 111 111 106 106 115 111 115 115 43 9 9 18 30 30 26 16 17 26 13 21 21 26 30 55 111 119 123 128 140 145
51 55 55 60 51 51 77 106 128 136 140 136 136 119 89 64 38 47 54 60 59 64 64 64 61 67 72 72 77 81 81 81 89 85 77 64 77 77 77 77 77 81 85 85 102 89 115 111 98 102 101 111 106 98 102 106 111 145 179 187 187 174 184 183 187 188 187 191 191 200 191 196 204 196 204 196 200 204 221 124 26 43 64 94 111 122 120 119 119 115 94 63 13 17 18 38 68 94 110 115 102 107 106 115 123 72 9 13 17 18 26 17 26 17 26 30 16 26 21 26 47 106 115 119 119 131 145 137
51 55 55 64 55 55 77 106 128 136 136 136 132 119 94 68 37 47 51 55 60 64 60 60 64 64 68 72 72 81 77 72 136 72 64 68 72 72 77 77 77 81 85 85 106 94 106 116 102 106 106 111 106 86 94 98 170 161 187 187 183 184 174 180 174 187 191 196 191 191 191 195 200 200 196 200 208 208 217 217 38 30 55 81 106 119 119 123 119 119 94 68 17 13 13 13 43 81 98 115 106 102 111 111 102 21 9 13 17 17 26 21 17 17 21 17 26 13 13 38 94 132 106 106 136 145 145 140
55 60 50 55 51 51 72 111 128 136 136 132 136 118 98 68 38 43 51 60 60 60 68 68 64 68 67 72 72 77 81 68 183 64 64 68 68 72 77 77 81 85 85 89 102 106 93 102 103 102 102 98 94 81 128 153 173 170 166 166 179 170 183 183 179 187 187 196 191 200 191 191 191 187 200 200 200 204 208 221 196 26 43 85 106 119 119 123 119 119 94 68 21 13 17 4 13 55 85 136 157 102 136 115 34 13 21 17 21 17 25 21 26 21 17 26 26 17 13 76 123 119 116 136 136 140 140 136
60 51 51 51 47 47 72 106 128 132 132 136 136 115 98 69 38 48 51 51 60 64 55 60 68 68 72 72 77 72 72 89 150 60 68 68 72 77 72 68 85 85 94 94 94 106 106 102 102 111 81 85 81 145 165 179 166 170 174 162 149 174 179 187 187 187 191 190 187 196 191 191 196 197 196 200 191 200 208 217 221 60 47 81 106 119 119 123 123 119 94 60 17 9 13 4 4 102 208 208 187 200 208 149 9 17 26 21 21 21 26 21 26 17 21 26 13 21 64 115 115 115 128 139 136 136 135 136
55 51 51 55 47 51 68 102 123 136 136 136 137 119 94 68 34 38 51 54 54 60 60 60 60 68 68 68 77 72 68 187 123 59 64 68 77 77 77 81 85 89 98 85 106 102 89 106 98 94 60 103 145 170 157 153 162 162 153 174 170 171 179 179 183 183 183 187 187 184 187 196 191 191 196 200 196 196 204 204 221 187 38 77 106 115 119 120 119 118 98 64 17 13 9 17 157 216 174 196 217 221 230 217 17 13 17 30 17 26 26 26 21 21 21 26 14 34 111 122 111 123 140 140 140 136 136 136
51 54 61 55 51 47 72 102 119 136 140 136 136 119 94 60 30 38 47 59 60 64 64 60 64 68 68 68 77 72 55 208 115 64 68 72 72 84 77 81 76 85 98 84 77 94 102 98 84 72 123 149 162 154 145 145 158 166 170 162 174 170 174 170 183 184 174 170 187 187 191 196 191 187 187 196 196 196 196 196 213 217 77 68 106 132 119 128 123 115 89 55 9 13 30 187 208 145 208 208 213 204 217 230 34 13 18 21 26 21 17 22 17 17 21 17 26 89 132 119 119 132 136 136 136 136 132 136
51 55 55 60 60 51 72 102 128 140 136 136 135 119 94 68 34 43 51 60 64 60 64 64 68 64 68 72 72 77 72 183 106 47 68 68 72 60 81 85 94 94 89 84 102 94 85 85 72 123 153 166 135 140 162 145 166 157 162 170 187 179 170 170 170 162 187 187 188 183 174 192 187 191 196 196 196 196 191 191 199 204 204 65 98 118 120 123 123 115 85 55 13 55 204 187 153 208 204 200 200 192 204 230 68 14 13 26 26 17 17 17 17 17 21 21 60 132 119 115 137 136 136 136 132 132 136 136
60 60 60 60 60 55 77 106 123 136 140 140 136 123 98 68 43 43 51 60 60 64 60 64 60 68 69 72 72 72 111 183 89 60 64 68 51 85 72 94 85 80 89 85 94 106 94 61 119 150 140 136 145 136 149 156 157 157 162 167 166 174 170 153 162 170 174 187 183 179 187 174 191 183 183 183 184 191 196 200 196 196 204 191 98 119 119 123 115 115 81 34 157 208 166 188 208 204 201 191 191 204 213 220 60 17 21 30 17 17 17 17 17 21 9 25 115 124 119 128 136 136 132 136 136 132 128 132
59 63 64 60 60 60 72 101 128 136 140 136 145 128 102 64 38 43 52 55 60 68 65 67 55 68 68 72 77 64 170 179 78 60 55 68 68 72 64 89 68 85 94 95 81 94 68 123 136 115 123 136 123 149 149 153 170 170 162 154 162 162 149 157 162 174 170 173 183 179 187 186 187 157 166 187 191 191 191 191 191 187 190 200 187 115 128 111 115 98 106 208 187 179 196 204 200 200 187 191 200 204 213 217 34 9 17 17 30 17 13 21 26 13 4 81 128 119 123 136 136 132 132 132 137 129 132 132
64 64 60 64 60 59 77 106 123 136 145 145 145 132 98 64 43 50 51 60 59 68 64 68 60 64 68 68 76 51 200 136 98 64 64 72 68 60 72 81 77 89 85 77 85 72 106 132 111 119 123 115 136 148 162 153 145 154 170 162 145 149 162 170 157 162 170 162 179 179 187 191 153 170 174 187 187 187 187 187 183 187 187 188 200 119 123 111 114 196 200 174 174 196 200 191 191 187 191 196 200 208 213 217 17 9 21 17 21 17 17 21 17 17 43 119 123 119 132 136 137 132 132 129 136 128 127 132
64 60 64 60 60 60 77 106 128 140 145 145 145 132 102 64 43 47 55 60 60 65 64 60 68 64 72 68 64 51 204 145 85 64 68 72 68 64 81 77 85 77 89 85 77 123 123 111 115 111 115 132 140 140 153 149 145 157 165 140 149 153 157 157 162 152 157 170 166 153 140 162 174 166 170 174 179 187 179 179 174 179 170 174 179 170 111 180 204 179 174 187 204 196 191 191 191 196 191 196 195 204 213 217 21 21 35 21 17 13 21 26 26 38 89 119 119 123 137 132 136 132 132 136 133 128 128 128
60 64 61 64 60 60 77 106 128 140 149 149 145 136 103 68 38 43 51 60 60 64 60 60 60 60 68 72 64 60 204 149 102 77 64 72 64 68 77 82 77 81 85 77 119 123 114 106 111 111 119 136 132 140 136 157 166 136 128 157 162 145 166 153 153 158 153 183 162 157 162 170 179 170 174 179 187 157 166 170 174 174 166 174 170 183 196 183 179 187 196 196 191 187 187 191 196 191 196 179 200 200 217 191 12 17 17 30 20 13 21 26 30 72 119 111 115 136 136 136 133 132 136 135 128 136 132 133
60 68 60 60 60 55 78 106 132 140 149 150 148 136 102 72 38 43 52 64 60 64 59 60 60 60 68 68 68 68 200 153 106 94 86 81 68 69 72 77 82 89 71 106 119 102 116 89 112 115 119 115 136 136 153 157 128 136 158 153 145 153 153 157 153 149 140 157 170 166 157 153 170 179 170 175 162 153 153 170 166 153 153 149 196 170 166 183 201 200 196 187 187 191 191 187 195 195 166 170 196 196 208 89 9 13 21 26 17 17 21 17 37 106 119 115 127 136 136 135 136 132 136 132 136 132 132 132
64 64 60 60 60 60 81 106 132 145 145 145 148 132 102 68 43 47 55 55 64 64 63 64 64 64 64 68 61 85 191 149 123 106 85 68 68 68 81 85 72 64 119 111 102 111 81 106 119 123 119 106 123 137 132 128 136 153 153 139 144 157 153 153 128 157 140 157 153 153 162 170 162 175 169 157 166 174 153 145 157 145 183 174 170 179 187 196 187 191 187 187 186 191 187 197 196 170 132 153 174 187 204 18 17 17 17 26 13 17 21 21 72 123 115 123 136 136 136 132 136 132 136 132 132 136 132 132
60 64 60 60 60 60 77 106 132 140 149 140 149 136 106 69 44 47 60 61 64 60 60 60 60 64 60 60 60 94 179 140 122 111 102 85 64 55 68 77 68 106 102 98 114 81 102 115 123 115 115 128 119 115 123 132 152 140 140 153 149 132 153 136 140 153 140 132 153 152 157 153 166 157 157 153 145 166 153 132 162 187 166 178 187 190 187 187 174 187 183 188 191 191 191 200 196 132 140 162 119 174 187 13 21 30 21 17 13 17 26 51 111 123 115 136 136 136 132 136 136 136 132 128 136 132 136 132
72 60 64 55 64 60 81 102 136 140 145 153 145 132 111 68 38 47 55 64 60 64 54 60 68 60 60 64 51 123 174 153 129 120 94 85 73 64 72 64 115 102 86 115 85 98 111 111 111 119 111 119 128 106 115 145 119 132 157 128 137 140 140 145 119 132 137 145 149 145 145 149 149 149 140 157 150 145 140 183 153 170 191 196 192 183 179 187 183 187 187 188 191 191 200 196 149 145 157 115 152 179 64 10 13 17 17 17 21 13 38 94 128 119 123 136 136 136 132 135 135 133 136 132 132 132 132 136
64 54 55 63 55 64 81 111 132 146 145 145 145 132 115 72 38 43 55 60 64 60 55 64 60 60 55 55 51 153 179 170 145 136 112 102 89 68 68 89 97 98 111 81 94 106 115 106 115 94 119 128 98 128 132 116 136 118 128 115 132 140 136 123 136 145 136 145 145 140 140 144 145 132 145 136 119 162 174 157 179 187 183 170 170 179 183 184 183 187 191 196 191 196 197 190 132 149 133 132 119 217 17 13 21 17 17 26 21 21 60 120 123 115 132 136 136 132 132 132 136 135 136 136 132 136 132 132
60 64 64 60 64 68 77 102 136 145 149 149 145 132 106 68 38 44 51 64 60 60 60 64 60 60 60 55 43 170 183 188 154 145 122 123 89 51 94 99 90 111 85 85 111 102 106 102 102 103 122 85 119 132 123 89 102 116 119 97 115 85 123 132 132 136 132 140 131 132 136 136 136 140 119 132 188 157 166 183 191 179 170 174 183 179 187 187 191 191 196 196 191 204 196 136 136 119 68 85 183 169 3 21 21 17 21 34 26 30 94 123 118 123 135 136 136 132 132 132 132 132 132 132 136 132 128 128
69 60 60 64 60 68 77 111 132 145 149 145 149 136 111 68 38 43 55 60 64 60 60 64 60 64 55 60 44 170 200 187 149 136 115 119 94 81 89 89 111 68 89 106 106 102 85 98 102 119 94 115 123 85 85 106 85 73 51 72 140 136 94 77 89 128 128 119 111 114 85 51 102 119 157 166 149 179 187 183 183 183 183 183 183 187 191 191 191 196 191 191 200 204 174 132 52 60 72 153 213 17 8 17 21 20 21 26 26 47 119 123 111 136 132 136 136 132 136 132 136 132 132 132 128 129 132 127
64 64 68 64 68 68 85 106 136 145 149 145 149 136 106 68 38 43 47 60 60 68 55 68 60 60 60 60 43 145 200 187 170 132 89 106 94 72 85 94 68 89 107 102 106 81 102 97 94 89 123 106 94 111 106 68 77 43 34 68 128 119 111 81 64 55 55 47 34 21 26 17 34 183 123 149 188 183 183 180 187 179 180 187 187 187 188 191 200 187 200 190 196 136 77 47 47 72 132 196 140 9 13 21 21 17 21 17 17 94 122 115 136 136 136 132 136 132 132 127 132 132 132 128 132 128 128 132
64 64 60 68 64 68 85 106 135 145 149 153 149 140 111 68 34 43 51 55 64 55 64 60 64 60 60 59 51 85 204 183 174 132 77 89 85 81 81 68 77 98 102 98 81 98 102 98 94 106 102 98 89 111 77 98 68 102 51 64 55 90 51 26 77 38 38 51 13 9 13 89 166 115 191 196 183 179 179 179 183 183 183 187 187 187 187 179 200 199 182 89 51 55 55 55 81 132 174 191 9 13 20 21 17 21 17 17 38 111 119 115 136 140 136 135 136 136 132 136 132 132 128 128 136 132 128 128
64 64 64 55 64 68 85 111 136 145 149 148 145 135 106 68 33 46 55 55 60 64 55 68 60 60 55 60 55 42 204 187 183 128 72 132 119 88 77 81 98 106 102 85 89 98 98 94 101 106 81 94 97 77 102 81 38 21 30 26 72 115 72 102 85 26 21 64 9 13 94 148 102 191 171 179 183 179 174 183 178 184 183 183 179 187 196 183 191 106 55 51 55 60 85 106 157 191 106 13 9 26 13 13 17 21 26 17 85 124 111 132 145 140 136 136 136 136 132 136 132 132 131 128 128 132 128 132
68 64 55 64 60 64 85 111 132 145 149 145 149 136 111 67 38 43 55 60 64 60 64 60 60 64 55 60 60 38 204 183 174 133 85 116 123 81 81 89 97 102 94 89 94 102 84 106 102 93 55 102 77 51 34 64 47 26 13 72 81 47 17 85 47 59 13 34 9 115 128 119 173 166 162 179 174 179 174 174 179 174 179 183 187 187 191 123 76 102 64 64 94 123 137 149 167 145 4 18 21 21 21 21 13 30 35 38 111 119 119 140 140 140 136 136 136 136 136 136 132 132 132 128 132 128 128 123
68 68 64 59 64 64 85 106 128 140 149 150 145 136 111 72 38 43 51 55 55 64 64 64 60 55 60 64 60 43 139 187 174 153 135 102 89 72 85 94 89 77 85 98 98 85 81 102 94 111 68 82 30 47 51 17 26 8 21 81 47 26 81 38 55 9 17 48 140 102 132 187 170 166 170 170 170 173 166 174 170 179 183 183 187 140 54 55 72 115 136 133 140 140 145 166 157 9 13 21 26 17 16 17 17 17 17 77 122 119 128 149 145 145 145 140 136 136 136 136 132 132 132 132 136 132 128 123
68 68 68 64 68 60 80 106 136 149 145 149 140 136 111 77 34 43 50 60 60 60 60 60 60 60 60 64 64 51 64 200 174 162 157 136 89 89 85 102 89 94 94 85 89 85 102 102 68 68 60 38 55 34 30 34 9 17 64 21 21 72 43 89 13 60 51 153 89 145 179 179 166 166 166 162 162 170 166 174 183 174 187 180 26 72 34 102 98 111 140 149 145 149 174 170 9 14 21 16 30 26 17 17 26 20 26 102 119 119 133 145 150 145 140 139 140 145 136 136 132 136 132 132 132 128 128 128
72 68 68 64 64 60 77 102 136 145 145 149 148 136 111 72 38 43 50 60 55 55 55 55 60 60 60 64 68 72 47 179 187 162 153 153 68 98 94 89 81 85 85 84 89 102 89 71 34 31 55 52 43 26 21 59 5 38 50 13 30 37 47 13 123 9 140 85 166 183 183 170 170 166 166 162 153 170 166 179 174 179 162 85 51 38 81 89 89 81 119 140 149 183 77 13 4 17 17 30 26 21 21 17 21 21 51 110 106 123 149 145 145 144 140 140 145 136 140 137 136 132 132 136 132 132 128 128
77 68 68 64 60 55 73 102 132 140 145 149 149 140 111 72 38 43 47 55 64 60 61 60 60 59 64 64 64 64 60 47 208 173 162 122 115 85 94 85 85 94 98 94 89 98 89 64 51 43 55 60 17 13 55 21 17 38 43 17 21 21 64 9 111 119 51 145 174 179 179 174 162 166 166 157 157 170 166 170 162 174 179 145 60 51 72 81 115 98 128 162 179 43 17 13 17 21 21 26 21 20 17 17 26 30 77 106 94 139 145 149 136 139 139 145 140 145 136 136 132 136 136 136 136 132 132 128
72 68 68 68 60 51 73 102 133 145 148 149 149 140 119 72 34 37 51 51 60 60 55 60 60 60 67 68 72 68 65 52 166 200 179 115 85 77 67 81 102 68 68 94 89 102 68 30 34 47 65 43 30 13 51 31 34 13 17 30 34 21 64 38 55 127 153 157 162 170 167 153 162 153 157 162 157 166 170 175 170 179 183 174 94 46 38 55 60 115 118 111 30 13 17 17 17 26 26 31 26 17 17 22 13 51 98 98 111 145 145 145 140 145 145 136 140 145 145 136 136 136 136 136 136 128 128 128
68 68 68 60 64 50 68 102 132 140 145 148 149 135 111 72 34 48 43 51 64 60 60 64 64 60 60 64 77 71 68 51 144 204 187 132 89 85 80 89 77 98 102 85 72 77 55 38 26 17 51 30 38 21 17 81 34 13 17 26 13 13 51 72 55 119 149 162 166 167 157 149 157 162 153 162 149 170 183 174 179 179 183 174 115 55 34 47 46 102 123 111 21 13 9 13 30 26 30 34 17 13 17 21 21 77 107 94 123 140 153 140 149 145 136 140 145 136 140 140 137 136 136 136 136 127 132 128
68 73 68 68 60 55 68 102 131 141 149 149 149 137 115 76 34 38 51 54 64 60 64 60 55 64 68 68 77 77 72 60 136 204 205 60 81 81 85 72 85 102 94 85 34 26 34 21 21 17 51 34 68 17 20 55 102 26 13 13 9 26 81 60 132 140 166 166 170 162 145 145 162 157 136 153 166 179 179 183 179 183 183 187 136 55 21 13 51 90 132 115 17 21 17 17 22 26 34 34 17 17 17 17 33 102 111 105 132 132 140 145 145 145 140 140 140 140 145 136 136 136 135 136 137 132 132 122
68 68 65 64 68 51 68 102 128 145 149 153 149 136 120 77 38 43 47 55 60 64 60 60 64 64 64 68 77 82 72 64 72 208 145 72 72 81 80 89 94 60 72 68 51 17 63 9 21 21 21 51 38 26 38 30 128 17 21 4 21 128 81 166 140 127 162 179 170 153 145 149 170 132 139 153 170 179 183 187 183 187 196 191 157 72 30 13 34 51 132 111 13 13 17 26 21 34 34 21 13 17 21 17 60 123 106 128 132 123 128 136 140 140 140 136 140 144 145 136 136 136 132 136 136 136 128 119
68 68 64 63 60 55 68 102 128 149 149 149 149 140 115 77 38 38 47 51 67 68 68 68 64 54 60 111 72 77 78 72 64 221 106 77 81 64 102 85 85 55 47 21 30 17 30 21 34 30 17 17 33 26 60 21 81 13 4 13 140 72 158 149 149 136 149 179 157 153 149 149 115 136 153 170 174 183 179 187 187 196 190 196 180 89 38 17 9 34 132 128 26 17 21 26 26 30 34 21 13 21 17 17 98 106 106 140 136 128 123 128 128 127 128 136 136 136 136 140 140 132 132 136 128 132 128 123
68 64 64 60 60 51 68 102 128 149 149 153 149 145 115 81 47 47 51 68 64 60 64 68 60 63 69 77 77 81 81 81 68 114 162 77 68 89 85 102 81 64 21 30 10 17 26 26 21 17 21 30 26 30 64 64 64 47 9 123 80 174 162 162 162 132 153 183 153 149 136 123 136 140 153 170 174 179 183 187 187 191 196 200 183 115 51 13 9 47 128 132 29 26 25 21 30 30 30 17 17 26 17 43 115 106 123 145 136 132 136 132 128 123 128 128 118 127 136 136 137 136 132 132 127 128 119 123
68 68 64 59 60 51 68 98 123 153 145 149 149 141 115 72 38 43 51 55 64 64 64 64 68 61 68 94 85 77 82 81 77 72 157 81 89 102 94 94 46 21 26 51 13 4 72 13 51 17 17 34 35 17 21 16 13 81 102 81 149 140 162 170 162 115 166 166 136 135 128 132 145 149 157 161 174 179 179 187 186 191 196 200 196 136 52 21 13 13 77 149 17 17 30 33 26 34 21 17 17 17 17 72 119 112 137 149 145 136 136 140 132 132 132 128 123 123 123 123 123 123 128 123 128 132 128 123
68 68 64 55 64 55 68 98 123 149 149 153 153 140 115 77 43 42 51 60 60 64 68 68 60 68 64 72 81 77 72 72 77 85 72 65 89 94 94 72 13 38 9 43 43 21 13 72 30 8 14 65 21 26 17 34 0 64 77 145 132 132 153 170 174 123 167 145 123 136 128 136 145 153 153 162 174 179 179 174 183 191 191 196 191 166 68 34 9 13 51 153 34 17 26 26 34 30 20 17 26 13 26 102 111 106 145 145 140 140 145 145 140 145 136 136 132 123 132 123 123 119 119 119 128 123 128 123
64 64 55 60 55 55 68 102 123 149 145 153 153 145 115 77 43 43 51 64 60 68 64 64 68 60 67 78 77 81 85 81 89 85 98 101 94 89 94 26 38 16 13 76 9 13 64 47 13 17 17 42 21 13 64 34 26 94 119 140 157 132 157 174 170 170 119 94 119 133 136 145 149 157 157 157 166 174 179 170 187 183 191 200 191 166 72 26 9 10 30 166 43 30 39 30 34 26 21 21 30 13 68 111 102 128 136 136 140 140 136 140 145 145 140 136 136 132 129 128 119 119 119 119 119 119 119 120
64 64 64 64 60 55 64 102 123 149 149 153 153 145 115 78 43 47 51 60 60 65 64 64 64 64 68 72 81 85 81 187 60 4 9 115 162 64 47 26 77 9 51 43 21 17 26 30 17 17 30 30 38 26 21 9 123 72 157 157 179 132 157 187 183 68 68 65 51 64 85 128 149 156 149 145 157 174 174 170 174 183 191 183 170 115 50 14 9 13 38 170 72 17 34 26 38 21 17 26 21 21 81 115 98 136 140 136 140 136 136 136 140 145 140 136 132 132 136 132 128 128 123 119 119 114 115 115
64 68 64 64 60 50 64 98 123 149 145 153 149 145 115 81 43 47 51 60 64 68 64 60 60 64 68 72 81 72 106 107 81 13 17 106 51 30 37 60 30 17 55 67 13 51 30 47 21 4 5 50 81 55 9 89 68 175 153 183 153 140 183 174 82 106 111 132 102 68 38 30 60 128 145 145 152 170 170 170 170 179 145 85 43 55 55 43 13 17 29 166 98 26 51 35 30 21 21 17 26 30 105 102 115 140 136 136 136 136 136 132 136 140 137 136 132 136 136 136 136 136 128 128 123 115 115 106
68 68 64 60 60 55 60 98 123 149 153 149 153 145 119 81 38 47 51 61 64 60 64 64 68 64 64 68 68 128 123 115 162 119 68 81 60 30 38 89 35 84 4 85 17 60 9 38 38 12 17 9 30 4 30 89 166 145 179 187 140 170 157 65 64 72 72 64 77 64 85 72 64 89 123 132 140 170 179 166 166 123 81 81 55 68 43 38 34 17 38 153 95 13 47 34 29 21 21 26 17 43 111 102 123 136 136 132 128 136 132 136 136 136 136 136 132 128 133 132 136 132 132 128 128 123 115 102
68 64 64 68 60 51 60 102 119 145 153 158 153 140 119 77 47 43 47 51 64 68 60 55 60 51 60 119 136 115 123 119 115 81 60 9 17 55 77 34 68 94 13 48 21 77 9 13 89 26 9 21 9 5 132 102 153 157 187 179 174 128 34 26 21 17 13 21 21 3 17 111 85 90 106 119 136 166 179 179 149 51 17 21 17 21 21 34 13 9 47 145 89 43 38 34 21 17 21 26 10 85 111 102 137 136 136 132 128 133 132 135 128 136 136 128 128 132 132 132 132 132 128 123 119 119 119 115
55 55 60 55 51 43 51 94 123 149 153 153 153 139 119 77 34 38 51 55 61 60 60 55 55 43 133 183 85 111 119 94 94 38 4 13 94 12 43 60 51 106 4 43 30 85 21 13 16 77 55 13 13 68 64 174 149 170 187 179 136 38 21 17 21 9 26 69 149 26 17 30 98 85 98 111 136 174 196 171 17 17 34 85 55 10 26 21 17 13 38 136 89 34 43 30 17 21 21 21 17 101 115 119 135 136 133 128 128 132 128 132 132 132 128 132 128 132 129 128 129 123 123 119 115 115 111 111
60 60 64 60 50 38 51 102 123 153 157 153 157 149 115 81 38 43 55 60 64 60 60 64 51 47 85 162 128 111 115 85 50 17 34 64 13 47 9 52 55 55 21 17 17 43 26 9 17 17 26 4 38 111 166 149 174 187 196 166 68 25 13 30 43 60 38 34 191 179 34 60 77 81 98 106 145 183 205 60 21 26 35 86 123 21 26 13 17 17 47 132 106 64 55 29 17 21 21 17 47 115 115 128 136 136 132 132 128 128 128 128 128 128 128 128 128 128 128 119 128 123 119 115 107 106 106 111
64 60 64 51 51 37 48 95 128 149 153 162 153 149 115 81 47 51 55 64 64 64 64 68 47 26 30 94 174 204 85 13 13 17 51 30 43 30 43 85 61 68 13 21 17 21 30 21 13 13 9 26 85 64 135 153 187 187 170 72 89 89 55 21 89 43 34 174 191 174 85 88 68 72 94 102 149 204 187 72 85 60 43 157 116 26 9 17 17 9 44 118 119 55 56 30 26 21 21 17 72 119 111 136 136 133 132 133 128 132 128 128 128 128 123 131 128 123 123 128 119 111 111 106 106 119 136 153
64 63 64 51 51 34 47 95 123 153 153 156 153 149 119 81 47 51 55 64 76 68 89 9 26 106 128 170 195 55 26 21 34 111 64 4 64 68 43 107 34 94 35 9 4 17 17 17 21 17 4 26 77 183 141 174 192 162 68 89 85 106 98 68 68 89 123 153 162 153 115 85 85 81 89 106 149 213 166 77 85 111 136 132 64 9 34 22 17 26 43 94 145 51 34 26 17 21 26 26 102 106 123 136 132 128 128 128 128 137 140 132 132 132 128 128 119 119 119 115 115 111 106 119 149 162 169 174
64 68 64 51 47 34 42 98 124 149 153 162 162 149 119 85 43 51 60 67 64 64 102 43 106 102 102 118 30 26 21 101 39 85 14 17 77 64 17 89 85 60 115 9 17 17 17 17 21 0 13 115 81 145 167 187 174 51 94 94 94 111 111 106 89 89 89 98 90 119 128 98 85 89 85 103 140 204 183 123 102 81 77 55 43 43 34 21 13 26 34 85 153 47 34 22 21 26 21 51 106 106 132 136 132 132 128 128 124 123 128 132 123 128 123 123 119 119 111 111 111 119 145 166 170 170 170 174
64 60 55 51 51 34 38 89 128 150 153 156 162 153 123 85 43 47 55 68 68 68 94 110 140 77 51 51 34 13 17 21 119 98 90 21 43 30 77 47 84 123 51 38 17 17 17 17 13 9 55 81 170 153 183 187 43 72 85 106 119 119 119 119 106 111 102 119 123 136 128 111 94 94 85 85 136 204 187 153 124 106 94 81 61 72 51 26 17 30 34 77 157 47 30 26 17 34 13 72 106 111 132 132 128 132 128 128 128 128 128 128 122 128 123 119 119 115 111 115 128 162 174 183 174 179 179 174
55 51 51 38 43 26 34 94 119 149 153 162 162 153 123 86 48 51 55 68 72 72 81 89 73 47 65 47 20 26 38 94 55 51 30 13 26 60 30 136 38 64 55 14 17 13 17 26 26 21 119 77 157 170 200 30 55 77 89 101 116 128 136 136 145 136 140 149 145 145 141 102 106 94 85 85 145 195 196 166 132 120 102 89 81 72 55 22 17 30 26 68 166 38 34 26 17 26 13 89 106 115 132 133 128 128 128 128 128 128 123 128 119 123 119 119 119 110 115 132 170 183 186 174 179 179 178 174
55 56 47 51 38 26 34 89 123 145 157 154 157 149 123 85 38 47 55 60 72 85 119 132 145 85 60 26 43 55 55 81 85 64 9 9 26 64 85 72 123 85 89 51 13 21 17 17 13 80 60 170 170 195 43 34 72 85 85 102 115 123 140 140 149 153 150 136 153 145 119 111 103 98 94 85 119 187 204 162 145 119 103 98 85 81 64 21 26 30 17 51 154 72 13 30 21 13 26 111 106 132 136 132 128 128 132 124 132 132 128 119 119 123 119 115 111 111 132 166 187 183 179 183 174 175 179 187
51 51 43 43 33 26 34 89 119 149 153 153 163 153 119 85 38 47 54 89 89 85 89 72 30 56 30 30 38 59 85 111 94 26 17 21 13 26 61 38 13 17 102 77 26 17 18 17 17 123 85 157 187 119 9 51 77 82 89 98 106 119 136 145 157 153 149 149 153 140 123 115 102 98 89 81 119 187 212 157 140 123 102 94 85 85 60 26 26 34 21 34 149 111 13 21 21 12 47 115 106 136 136 132 128 133 132 123 128 123 123 119 123 122 119 111 106 115 161 183 183 183 183 184 179 179 187 187
39 43 43 38 34 30 34 85 120 140 157 153 156 149 119 85 47 47 59 72 72 78 55 47 68 47 44 38 85 30 119 84 54 17 17 26 17 17 34 21 13 13 98 128 26 9 9 9 72 77 179 179 187 17 17 60 72 85 85 94 106 115 128 140 150 153 153 149 145 136 119 111 106 98 89 94 111 174 213 157 136 123 110 94 85 85 51 17 26 34 9 21 145 140 9 17 21 13 77 111 119 141 136 129 132 128 128 123 128 123 119 119 119 119 115 111 98 153 183 187 179 179 183 187 183 187 191 190
43 38 44 34 34 17 30 89 119 149 153 153 153 146 119 89 34 47 69 64 68 77 72 115 47 85 43 72 34 30 64 61 26 30 17 21 17 17 34 13 26 20 85 77 115 17 14 4 111 82 174 204 21 21 21 51 72 85 89 98 106 115 119 136 140 145 153 140 140 128 119 102 102 89 85 85 115 153 217 162 137 119 116 98 89 81 38 13 16 34 13 17 149 132 21 13 21 17 98 111 128 149 132 132 128 128 123 123 122 123 119 119 119 115 111 106 136 170 187 179 174 184 183 187 196 196 191 191
43 43 42 38 34 17 34 85 119 140 149 145 153 145 119 85 38 34 102 51 115 119 52 25 98 68 64 17 94 38 132 89 68 26 30 13 13 17 34 47 13 51 145 47 98 38 4 55 81 153 196 128 4 26 17 51 68 81 85 89 102 115 119 128 136 145 144 140 136 132 119 94 94 89 81 85 94 153 203 183 136 119 106 98 94 81 21 13 34 34 9 18 145 123 38 21 21 34 115 106 140 136 132 132 132 132 128 128 123 119 119 119 111 119 111 111 166 184 183 179 179 187 190 196 200 200 191 191
44 43 43 37 30 17 26 85 123 141 149 149 153 145 119 85 38 34 72 106 68 89 43 64 77 72 72 55 65 29 90 136 112 14 30 17 17 26 38 51 47 94 153 111 26 1 4 112 85 187 187 13 4 26 25 43 72 85 89 94 98 111 115 123 119 136 136 135 136 129 111 90 89 89 81 82 94 139 204 204 132 119 111 98 85 72 17 20 30 38 13 13 132 123 43 21 17 64 119 111 140 136 132 128 132 132 128 129 123 123 119 119 115 116 106 132 179 188 179 183 187 191 200 200 200 196 196 196
47 43 43 43 26 17 17 85 119 139 153 149 153 149 119 84 43 34 60 85 77 101 34 60 60 60 60 38 115 34 43 145 47 9 21 25 17 13 51 47 115 51 72 20 13 5 64 77 123 153 17 9 9 35 26 46 64 81 85 94 89 102 115 116 119 123 129 132 128 119 111 77 85 94 89 81 98 136 200 208 115 115 102 98 85 47 13 21 30 43 17 9 122 123 76 16 9 94 115 119 136 136 133 123 128 123 128 128 123 128 119 119 115 106 114 165 188 179 183 183 196 200 195 196 196 200 200 196
51 47 38 34 26 14 21 85 119 140 153 149 153 149 119 85 34 68 98 64 77 81 38 60 88 51 43 26 56 38 55 136 17 38 39 17 34 14 51 72 34 77 13 4 9 77 145 132 123 149 9 17 9 38 42 47 72 85 89 88 98 102 106 115 119 119 128 132 123 115 107 64 94 102 102 85 85 132 186 208 111 119 102 85 85 22 13 17 34 37 17 17 106 128 94 9 9 115 115 132 136 132 132 128 132 128 123 122 119 128 123 119 111 102 128 182 183 179 183 188 196 191 196 196 196 200 200 196
47 47 43 38 34 22 38 89 119 140 149 149 153 149 119 85 56 43 51 68 77 72 38 64 106 47 4 140 38 21 77 115 47 128 26 34 51 9 21 26 107 9 13 17 4 166 174 174 157 17 0 9 9 38 51 51 68 81 85 85 98 98 102 106 119 119 119 123 123 118 102 77 93 26 26 60 72 94 174 140 119 111 98 89 60 17 17 26 34 30 17 9 81 145 115 13 43 119 119 137 136 132 128 128 123 128 122 119 128 119 119 119 111 106 150 183 183 186 187 191 201 196 196 200 204 200 200 197
47 43 43 34 34 30 51 98 132 145 145 153 154 153 123 85 43 51 55 64 72 60 43 60 60 34 64 77 68 21 89 98 115 132 4 16 89 21 13 8 94 21 17 30 47 102 145 162 38 0 21 10 13 43 55 64 72 77 81 85 94 102 106 115 106 115 120 123 123 123 115 94 81 89 94 81 68 85 166 145 119 106 98 94 21 21 13 26 43 34 13 13 38 144 119 13 72 123 119 137 132 132 129 128 123 128 128 123 123 119 119 115 111 115 162 179 187 183 191 200 201 196 200 204 200 200 200 200
51 38 47 39 34 34 68 106 132 136 145 153 153 153 123 89 47 47 51 64 80 81 13 60 30 34 64 26 51 64 85 106 128 115 17 17 89 123 4 69 34 43 81 123 106 72 132 85 12 17 34 21 13 47 64 51 72 77 85 85 89 94 102 102 111 111 118 119 123 123 119 111 102 94 102 115 141 179 170 131 119 106 102 68 21 21 21 26 55 51 17 17 17 153 115 26 101 123 123 136 132 132 128 128 124 128 123 123 123 123 115 119 106 123 170 187 183 191 196 196 196 200 195 204 203 200 200 200
47 34 43 43 31 34 68 111 128 136 145 149 152 153 123 94 43 47 55 64 94 89 17 64 64 106 26 30 43 55 55 94 76 89 85 38 56 51 34 17 51 105 145 170 64 94 179 17 30 26 30 34 18 43 72 60 77 85 85 89 94 98 102 106 106 119 119 119 128 118 119 119 115 106 140 174 153 179 174 128 106 106 102 26 21 21 22 34 63 43 31 26 9 153 119 47 119 111 123 136 131 128 128 128 128 123 123 119 123 119 115 119 106 136 179 179 187 196 200 196 196 196 200 201 205 204 204 204
39 43 34 30 26 34 73 106 136 136 144 149 153 153 128 94 47 38 51 77 81 77 30 54 85 17 30 21 37 38 42 97 50 98 102 34 55 30 4 47 123 136 183 64 56 165 9 13 17 17 17 26 21 26 72 55 72 81 85 85 94 95 98 98 102 106 106 114 118 123 115 115 119 119 161 191 145 187 170 132 111 102 81 17 21 21 30 34 55 43 34 17 4 136 102 85 115 115 132 132 128 128 123 123 128 123 119 119 123 119 119 115 101 145 183 183 196 197 196 196 200 200 196 200 204 204 200 204
34 34 34 34 30 34 68 106 132 136 145 153 153 153 128 89 38 43 55 98 68 68 51 68 34 22 46 51 43 51 43 72 17 89 89 119 4 9 98 72 106 154 128 51 106 17 13 43 21 17 21 38 13 17 60 47 72 81 85 85 89 102 102 102 89 102 102 106 106 111 111 111 115 128 162 197 170 183 174 115 102 102 21 21 30 21 30 34 47 38 30 14 4 119 103 94 115 119 137 132 132 132 128 123 123 123 122 123 118 119 115 115 102 150 182 187 199 200 200 200 200 200 200 200 204 200 204 204
26 26 30 30 26 39 68 106 136 145 149 149 153 154 128 89 38 34 115 60 64 60 13 89 30 26 35 38 51 64 55 47 85 26 60 115 31 81 85 196 191 162 72 77 115 9 13 64 17 21 30 43 17 17 51 51 60 77 85 89 88 89 98 102 98 102 94 89 98 102 111 105 102 89 89 102 115 103 106 72 102 98 21 17 22 26 30 34 47 51 21 17 9 111 89 98 115 119 132 136 128 122 122 120 132 123 123 123 119 119 115 106 102 153 183 196 200 200 196 200 204 200 200 204 204 204 204 204
26 26 31 30 21 38 72 115 132 145 149 153 153 158 128 85 44 106 55 55 119 47 38 13 26 38 44 21 71 95 72 60 33 94 77 72 43 106 136 183 191 51 61 179 9 21 9 43 9 17 30 34 9 9 38 47 60 77 84 85 85 93 99 102 111 103 55 43 43 54 60 60 51 47 55 68 68 47 85 85 111 34 17 21 18 26 34 30 38 55 9 35 13 94 89 112 115 119 136 128 128 132 128 128 123 119 128 119 119 118 115 106 106 162 187 200 200 204 200 196 200 200 204 204 204 203 205 205
26 26 21 26 26 64 72 111 136 149 157 153 162 149 128 85 98 60 38 98 89 47 34 21 17 21 34 50 81 98 64 77 77 68 64 55 93 106 81 217 106 64 145 30 21 26 17 26 17 26 26 34 26 17 38 52 51 68 82 85 86 85 94 98 111 111 98 85 81 72 85 85 106 123 132 157 157 94 111 102 94 21 17 26 17 26 30 34 43 52 17 51 17 60 119 115 119 123 132 132 132 132 128 123 128 123 119 119 123 123 115 106 106 166 196 204 204 204 204 205 204 204 204 204 208 204 204 203
21 26 26 30 21 54 64 111 128 145 153 153 157 153 136 102 56 30 60 119 64 43 51 34 17 34 33 68 102 95 30 51 98 64 43 68 111 102 102 170 81 149 94 26 17 26 17 17 17 17 30 30 34 17 30 51 47 64 72 76 81 85 85 89 106 106 102 98 86 86 81 81 102 111 115 106 119 102 115 106 17 9 21 17 17 21 17 43 38 47 34 60 17 60 128 119 119 128 136 132 136 132 133 132 132 128 123 119 119 119 115 106 103 174 203 204 204 200 199 204 204 204 208 204 199 200 200 196
17 21 21 17 26 56 60 106 128 145 153 157 162 149 128 85 43 34 111 68 85 26 111 13 21 68 21 47 149 68 64 98 38 102 119 77 140 111 123 102 141 123 21 30 26 29 21 25 21 30 26 34 38 17 38 51 39 51 68 68 81 86 89 94 102 106 102 97 85 85 85 77 85 90 84 81 102 111 111 68 9 17 26 27 21 21 17 50 38 43 26 68 26 51 140 128 123 133 136 136 128 136 132 132 132 128 128 119 123 119 111 106 102 187 204 205 204 204 204 208 208 204 204 200 196 196 196 196
17 21 21 17 30 64 55 102 119 146 154 153 157 153 132 89 38 30 119 64 51 26 111 17 18 68 26 38 166 68 123 112 55 89 111 77 97 94 170 115 174 13 26 21 22 30 17 21 21 26 30 30 34 17 44 55 30 43 55 68 68 72 85 89 94 98 102 99 98 85 89 95 85 85 98 115 119 102 102 38 17 17 26 21 34 26 17 68 44 55 26 51 30 47 153 128 119 136 135 136 136 132 132 136 132 128 128 128 123 120 111 102 98 187 213 208 208 208 208 208 204 200 200 200 204 200 200 204
21 17 17 13 51 68 72 102 119 136 157 157 153 153 132 94 38 34 102 64 51 51 64 17 13 60 34 31 145 72 72 111 89 43 98 64 89 98 187 187 30 17 26 17 26 26 17 34 21 17 26 26 30 21 31 34 26 34 47 55 64 72 88 89 98 102 102 102 102 111 111 115 132 136 120 128 112 119 21 38 17 20 26 34 35 30 17 72 43 51 38 51 21 21 153 136 123 136 135 136 132 129 133 136 132 132 128 119 119 119 106 102 98 197 208 213 204 209 204 205 204 200 204 204 200 200 200 200
17 21 21 21 51 72 72 97 119 141 153 153 153 153 128 89 38 43 72 68 47 51 51 27 13 50 26 34 111 64 90 115 106 77 47 81 111 68 115 51 26 21 17 26 34 26 13 31 17 17 21 26 26 27 21 26 26 43 20 38 51 63 77 89 94 98 102 102 119 123 128 128 150 136 136 132 115 106 17 34 13 21 30 26 17 26 18 77 47 55 34 51 30 34 149 136 128 140 136 136 132 132 128 132 132 136 128 123 119 119 111 102 106 200 213 208 204 204 204 204 204 204 200 200 201 195 196 191
17 21 17 21 43 64 72 98 119 145 153 149 153 153 132 88 34 38 72 43 30 38 38 30 21 51 26 38 102 30 34 85 115 115 81 106 115 60 64 38 26 26 21 26 30 34 17 34 26 26 21 20 25 21 21 26 38 38 17 17 30 43 67 81 88 94 98 112 115 123 140 140 132 136 149 136 115 77 13 26 34 26 30 34 13 16 16 85 51 47 51 43 47 21 153 140 128 136 136 132 132 128 132 123 128 128 127 119 119 115 111 98 123 208 217 208 204 204 204 204 204 200 196 196 191 192 182 166
17 17 9 21 33 64 77 98 119 140 153 153 153 149 132 94 38 30 89 34 21 60 47 34 26 43 21 14 133 77 51 68 64 94 132 89 128 51 77 29 26 30 30 26 34 38 17 34 26 21 17 30 26 26 34 26 34 30 38 21 13 21 43 55 72 81 89 102 106 115 119 136 140 132 132 115 115 60 17 34 35 34 30 38 38 26 26 81 55 47 60 47 51 26 145 136 115 119 119 123 132 136 128 128 127 123 119 119 119 115 102 94 145 213 213 204 204 204 204 204 204 196 191 187 174 132 64 21
13 17 17 13 30 60 55 102 119 145 149 153 154 149 136 81 26 128 72 111 17 51 26 34 43 26 21 13 140 119 73 34 102 68 98 106 148 111 149 98 30 21 26 21 47 38 17 43 17 21 20 21 16 25 34 34 34 17 34 43 30 38 51 55 68 77 81 85 98 115 119 128 136 123 119 107 102 47 26 30 33 34 20 34 21 22 30 72 55 55 51 47 47 39 140 115 94 85 102 106 115 115 123 123 132 123 128 119 111 112 98 94 179 213 204 204 204 204 200 200 197 183 166 115 34 13 17 17
30 26 9 12 21 47 47 94 119 145 149 149 145 153 111 81 157 72 30 77 21 60 38 34 20 43 17 17 115 106 77 38 30 64 136 60 128 119 30 149 132 13 17 21 42 26 13 34 22 21 21 20 17 17 25 17 30 17 34 47 60 81 89 89 98 98 102 106 106 119 119 119 127 128 132 149 179 187 140 55 30 34 21 30 17 26 38 72 51 55 51 51 38 55 123 98 85 82 81 85 89 99 98 102 110 119 115 119 115 112 102 94 187 209 200 200 196 196 200 191 187 149 94 17 17 25 30 34
38 38 21 17 17 39 34 81 111 136 145 145 153 140 128 170 38 54 64 13 17 38 38 35 26 68 34 17 55 110 106 51 60 111 105 68 68 106 60 68 102 132 13 30 38 30 16 47 26 21 21 21 26 21 30 34 26 26 21 51 72 85 89 85 94 98 102 102 106 111 115 111 106 115 136 157 174 183 191 196 166 64 30 25 21 21 38 68 50 55 47 51 51 71 119 98 102 102 94 85 81 77 77 81 81 89 94 102 106 102 94 98 191 204 196 195 201 200 195 187 162 120 30 8 30 38 50 51
94 68 43 21 34 26 21 69 111 136 149 140 149 162 153 80 38 72 98 13 17 17 55 55 13 43 55 30 13 94 94 38 77 140 51 77 98 89 77 136 77 64 55 21 38 21 16 47 17 17 13 26 17 17 26 34 30 29 17 51 77 85 85 95 85 94 98 98 103 106 102 106 111 119 145 166 179 179 183 191 191 196 179 47 9 13 21 60 38 51 43 38 34 81 124 102 115 111 102 102 98 85 77 72 68 68 72 72 72 81 68 81 183 204 191 196 200 196 196 170 94 13 17 34 34 51 51 51
115 115 81 47 51 26 13 60 106 140 145 149 140 145 129 89 65 115 13 13 17 13 34 71 9 33 60 81 26 13 85 115 77 77 43 85 85 128 103 94 131 17 119 17 34 17 13 39 21 17 17 26 34 21 17 30 43 30 21 43 68 77 85 85 94 89 102 102 106 102 102 111 119 132 149 166 170 171 174 183 187 191 196 200 128 9 34 51 34 51 34 39 26 106 119 123 119 119 115 111 111 106 102 89 81 72 68 56 81 94 64 55 187 200 196 204 196 200 166 94 17 38 47 43 51 55 51 51
110 128 119 89 64 34 13 55 111 136 145 145 153 149 123 93 166 89 17 17 17 0 68 106 81 102 43 43 13 98 30 89 55 30 60 55 106 133 119 115 21 101 38 111 34 26 21 43 26 26 21 26 34 22 21 34 33 30 30 55 72 81 84 85 85 98 102 111 102 98 98 106 119 132 149 157 170 170 174 179 187 187 191 196 200 166 21 34 30 38 34 38 17 132 119 128 119 123 119 119 115 111 102 102 94 89 85 68 89 102 60 89 196 200 199 200 196 183 85 26 34 51 43 47 60 64 55 51
111 128 132 119 93 47 9 50 111 140 149 149 152 145 123 140 111 55 27 17 17 21 51 9 51 34 25 51 60 34 17 124 30 55 30 81 68 115 115 123 17 128 38 115 26 10 17 34 30 21 26 26 34 21 26 38 47 64 13 43 81 77 85 81 93 102 98 102 105 102 111 119 128 132 140 154 157 166 170 174 179 187 191 191 195 204 170 26 30 30 51 38 17 136 115 128 128 123 119 119 119 116 115 111 106 106 99 89 98 106 73 136 200 200 204 204 191 162 38 17 51 60 51 64 68 55 60 69
77 115 136 136 129 60 9 60 106 140 149 153 153 149 132 123 55 102 9 17 21 25 34 26 30 17 54 29 13 47 13 64 34 38 51 64 68 106 106 95 119 81 132 20 47 17 17 38 30 21 17 30 43 21 21 38 51 73 17 38 85 77 81 89 94 102 102 102 102 102 111 115 123 132 140 150 153 153 157 170 179 183 187 191 200 200 208 136 17 16 37 34 13 145 111 133 123 119 119 114 119 119 115 106 111 102 106 102 102 102 89 174 204 204 204 204 178 106 26 55 60 60 55 77 68 64 64 68
30 97 140 149 136 94 9 51 111 140 153 153 157 153 128 136 89 30 17 13 26 55 21 27 17 34 64 55 13 43 21 38 52 26 60 47 81 98 89 128 153 94 38 55 145 9 14 34 34 26 21 26 34 26 17 34 64 77 30 31 67 77 95 89 94 102 102 102 102 106 106 115 123 128 136 136 153 153 157 170 174 174 183 187 196 204 204 217 61 13 18 30 13 132 111 128 123 119 119 119 119 119 115 115 115 106 102 102 111 106 102 187 213 200 204 196 157 51 51 60 59 68 77 81 60 64 68 72
13 65 136 162 149 106 4 47 115 140 153 153 152 153 128 94 145 43 16 17 26 38 13 30 20 38 72 43 21 9 64 17 30 77 55 89 43 94 103 89 153 77 9 119 200 13 13 34 47 17 17 20 42 26 17 21 72 78 30 17 77 77 94 94 94 98 102 101 102 106 115 111 119 128 132 136 145 153 153 162 175 179 187 187 196 200 205 207 200 17 21 17 13 128 115 128 123 119 119 119 115 116 115 111 115 106 102 95 102 136 157 192 205 209 200 196 119 44 55 51 68 72 72 68 55 68 68 72
4 47 135 157 153 111 9 43 111 140 157 153 157 153 136 98 78 21 17 17 34 21 17 21 17 60 54 20 21 21 17 55 55 47 72 85 81 55 81 136 140 21 50 132 179 4 9 30 60 21 17 21 30 17 26 38 72 68 43 17 68 85 90 85 98 98 98 102 102 102 115 106 119 123 128 136 145 153 153 170 170 174 187 191 191 204 204 208 213 55 13 9 26 128 123 123 127 128 119 119 115 115 111 111 106 102 102 98 136 179 187 204 208 204 200 170 77 60 60 60 72 77 72 60 55 72 72 77
9 38 135 157 153 102 0 43 115 140 153 153 153 153 136 97 102 17 13 30 21 26 17 26 17 106 47 13 34 34 27 26 26 43 51 81 68 51 85 119 136 94 17 111 85 4 21 21 51 30 17 17 38 13 21 55 64 77 51 26 72 89 90 94 98 102 98 98 102 102 111 106 119 119 128 136 141 149 153 162 170 174 183 188 191 196 204 204 217 191 9 3 51 123 123 128 123 128 119 119 115 111 106 106 111 102 98 119 187 191 188 213 204 208 191 137 51 55 51 72 81 77 64 55 72 68 68 77
4 17 119 157 157 115 4 30 106 150 152 157 166 153 136 98 72 21 21 21 13 9 21 9 38 94 47 13 30 43 26 21 30 21 39 55 81 30 89 115 145 72 68 162 119 30 26 30 26 26 26 21 17 26 26 68 85 85 51 43 72 89 94 94 102 93 94 102 102 102 112 111 111 119 128 132 136 136 153 157 170 174 179 191 196 196 200 204 204 213 9 4 85 119 136 129 119 119 119 119 115 116 111 111 102 98 94 179 208 204 196 208 213 204 174 85 68 55 55 72 77 69 55 64 68 71 72 64
0 21 115 162 157 115 4 33 106 145 153 153 157 153 136 102 64 26 21 21 17 13 17 21 64 77 38 17 30 34 21 13 38 0 47 51 89 72 102 111 72 119 140 119 18 26 43 21 26 21 21 33 17 34 38 85 85 85 34 55 72 85 94 98 102 98 98 102 95 102 106 111 115 119 123 128 132 140 153 157 166 174 183 187 191 196 204 204 208 204 89 5 102 123 132 123 123 119 119 119 119 116 111 102 102 98 98 183 208 200 200 208 200 196 140 77 68 60 64 77 77 60 60 72 77 68 64 56
0 18 111 153 162 119 13 30 106 145 153 153 145 153 132 102 102 26 13 17 21 21 43 21 18 60 60 21 34 33 17 17 47 21 60 17 30 94 106 123 81 51 111 141 111 85 64 30 34 47 26 26 17 34 51 89 85 85 21 60 77 85 94 98 102 102 102 94 98 98 102 106 116 116 119 128 132 136 145 149 166 174 179 183 191 192 196 200 200 213 179 4 102 115 132 122 119 119 119 115 115 115 111 111 102 102 102 191 208 191 200 213 204 174 106 81 67 65 68 77 72 55 60 72 72 72 60 51
0 13 98 149 162 128 17 30 106 140 153 153 153 153 136 115 68 26 17 30 21 13 21 26 21 55 38 21 21 35 17 13 34 17 50 38 30 89 68 77 102 47 30 9 43 13 43 94 68 43 21 27 21 47 60 85 89 89 21 60 85 85 97 98 98 98 94 102 94 94 102 106 111 111 119 123 128 136 140 153 157 170 174 179 186 191 196 200 204 204 213 0 102 119 132 132 119 119 119 115 116 119 115 111 106 102 111 191 208 191 196 214 196 149 81 85 68 51 68 68 64 55 64 77 60 68 64 60
10 13 86 145 157 128 21 34 102 145 153 157 157 157 136 119 73 27 26 18 13 20 30 38 26 38 34 30 21 26 17 17 30 47 47 30 64 77 94 85 89 128 17 12 18 34 34 38 26 38 21 17 34 51 68 84 94 85 21 68 94 94 98 102 106 102 102 98 98 98 102 102 111 111 119 119 132 136 139 145 153 166 179 180 187 191 196 200 200 201 200 26 102 119 136 119 119 119 115 119 119 119 115 105 107 102 106 162 187 187 204 208 196 119 81 77 68 60 68 51 43 68 73 68 64 68 60 68
13 9 72 140 157 136 47 38 103 140 153 153 157 153 136 111 81 51 21 17 26 55 30 17 21 34 21 26 34 21 51 34 38 43 34 77 17 140 133 89 43 98 102 68 13 26 18 34 17 17 21 17 43 55 76 94 85 64 38 77 89 102 102 102 106 102 98 98 94 98 98 102 106 115 119 119 128 128 136 140 153 157 170 174 186 188 196 196 196 204 208 136 111 115 115 111 118 128 123 119 118 119 115 106 111 115 102 115 136 174 200 204 183 102 72 64 55 60 60 47 55 72 72 55 64 64 64 55
9 13 60 146 153 136 51 30 98 140 153 157 153 157 136 102 89 55 21 17 30 21 17 30 34 34 34 38 30 30 38 13 47 21 21 89 47 30 21 123 17 43 111 144 17 26 21 26 21 17 17 26 38 68 76 89 85 30 55 89 98 98 102 102 106 106 102 102 98 98 106 102 102 112 119 119 119 128 136 136 153 157 170 179 179 186 196 196 196 204 204 196 116 71 82 85 102 106 111 119 123 123 120 119 119 128 115 111 119 179 213 204 162 89 68 68 51 64 47 47 64 72 68 55 68 59 64 34
4 9 55 140 162 149 55 34 98 136 149 153 157 153 136 98 85 55 13 17 26 30 21 26 30 33 26 51 21 13 17 13 55 30 26 98 99 34 13 51 29 85 60 64 17 17 17 26 13 9 17 34 60 72 81 84 77 17 64 93 94 98 102 106 106 106 106 106 103 102 98 98 102 115 115 119 123 128 132 136 145 153 162 170 183 187 190 196 205 196 204 208 85 43 51 51 65 64 81 89 106 111 116 119 123 136 111 98 123 191 217 192 136 77 55 43 55 64 34 52 68 64 64 55 72 68 51 30
0 4 30 145 170 153 85 34 94 136 148 153 153 157 140 102 85 55 9 30 17 17 20 43 21 30 26 34 30 17 17 26 17 68 60 64 103 60 35 43 47 132 30 26 17 9 17 17 13 13 26 47 77 81 85 80 13 43 85 98 98 98 102 102 106 102 106 102 98 98 98 99 102 102 111 115 119 123 128 132 145 153 157 170 174 187 191 192 200 204 204 204 111 51 55 47 48 47 47 47 60 64 77 98 123 132 132 128 136 204 213 179 89 55 34 51 55 43 55 72 64 68 60 72 68 60 33 21
13 14 30 145 166 157 102 30 89 132 149 153 153 157 145 85 94 55 9 21 21 13 48 30 21 21 26 30 34 27 17 18 30 17 21 64 102 111 81 64 81 17 13 26 17 18 9 13 17 17 34 55 81 77 85 47 17 64 89 98 94 98 102 102 102 106 102 102 98 102 98 98 102 102 111 106 119 119 128 128 140 145 157 170 170 187 187 191 200 200 204 204 187 51 72 60 64 51 47 34 21 21 26 34 77 132 174 132 175 208 200 136 60 30 30 47 43 60 72 68 55 55 64 73 68 51 34 20
43 38 47 136 170 166 103 34 89 132 153 152 153 158 145 72 111 34 13 17 17 30 17 38 21 30 34 34 30 30 26 18 13 17 34 21 55 136 111 51 94 55 17 17 13 9 17 18 13 30 51 68 68 81 72 13 47 85 98 98 98 98 102 98 102 111 106 102 98 102 98 94 102 102 106 106 115 119 122 128 136 145 153 166 174 179 187 191 196 200 200 204 204 51 72 82 72 68 55 51 26 17 13 13 54 183 196 128 183 208 183 89 30 30 38 51 43 64 72 60 51 51 65 82 60 38 26 21
68 55 68 132 170 166 119 47 85 132 153 154 157 166 145 81 106 34 17 26 30 17 21 17 26 27 34 38 38 30 21 17 26 29 43 21 21 55 119 115 68 89 26 13 17 17 4 9 17 38 55 77 81 72 9 30 72 94 98 98 103 102 98 102 102 106 102 111 106 102 102 102 98 106 102 106 115 115 123 123 136 145 145 154 170 179 183 191 196 196 200 204 208 72 60 81 77 72 64 60 51 34 17 13 51 187 183 153 190 187 119 21 21 34 38 34 60 81 64 47 51 61 81 72 60 47 30 34
59 77 89 136 170 166 132 47 85 136 149 157 162 157 149 51 85 30 21 30 21 17 17 34 26 13 21 34 20 51 26 17 34 26 30 26 60 26 60 55 128 21 17 21 17 13 9 18 38 51 64 85 69 13 21 68 89 89 89 98 102 103 102 102 102 106 106 102 111 102 106 102 106 103 106 106 111 111 119 123 132 141 140 153 157 170 175 187 191 201 196 201 204 166 55 68 81 77 68 68 60 43 43 34 51 170 191 183 162 106 34 21 34 34 34 64 72 56 50 47 47 77 85 68 56 38 33 37
55 80 89 132 166 162 133 51 85 132 149 157 162 162 140 54 85 17 17 30 34 34 21 34 17 17 34 64 21 60 47 21 30 43 30 60 38 51 77 81 17 34 13 21 10 17 9 26 47 55 47 13 13 51 77 77 85 94 94 98 98 102 102 102 102 103 111 111 106 111 106 106 106 106 102 102 106 111 119 119 136 136 145 146 153 170 170 187 187 196 196 200 204 196 51 68 72 72 68 71 68 55 64 55 68 174 200 162 71 43 21 34 43 38 54 81 68 55 34 51 68 85 72 68 51 34 38 34
34 68 72 111 157 170 132 60 85 128 149 157 157 170 140 77 68 13 17 26 26 34 17 21 26 17 38 72 13 55 72 26 21 68 26 64 34 34 89 140 21 43 13 21 27 13 17 17 17 17 30 55 64 72 85 85 85 94 94 98 102 98 102 98 102 101 106 105 111 111 106 110 102 102 111 106 111 111 115 119 119 137 140 145 153 162 170 179 187 191 191 200 200 204 55 60 72 77 76 77 72 68 82 72 60 145 149 68 55 43 47 43 38 55 72 72 51 47 38 55 72 89 77 64 34 38 34 26
26 43 60 102 156 162 136 72 85 122 153 157 162 166 140 94 51 26 17 21 26 34 34 26 26 21 38 78 17 55 93 38 13 72 0 43 85 43 98 64 94 21 22 30 13 9 17 30 38 47 55 68 88 85 85 89 89 85 85 98 94 102 98 102 102 102 102 106 111 115 106 102 111 106 106 111 101 111 115 115 123 128 140 140 157 162 170 174 183 187 190 200 204 204 102 51 64 72 81 85 81 81 89 85 81 77 72 55 55 64 51 43 43 72 77 60 48 34 43 77 81 89 81 55 38 34 30 26
34 34 43 90 162 183 161 94 85 128 153 153 162 162 145 55 43 29 21 26 30 34 26 34 68 17 21 51 13 55 30 106 13 68 72 4 64 38 51 94 47 34 13 17 17 17 30 48 68 72 77 81 85 89 85 89 89 89 93 94 102 94 98 98 102 102 105 102 111 111 111 115 110 111 106 115 111 111 119 119 123 128 136 140 145 157 157 170 179 188 191 196 196 204 174 38 68 72 81 85 89 89 89 85 77 68 68 68 72 68 55 51 60 68 48 38 43 43 60 89 94 81 64 43 30 26 21 17
30 21 34 89 191 196 183 106 85 129 153 153 162 162 145 72 25 21 21 17 34 30 30 43 34 12 30 55 17 68 38 123 30 13 81 34 34 81 13 43 72 52 13 9 21 30 47 64 73 72 81 81 86 89 89 85 94 94 89 95 99 102 98 98 102 102 102 102 106 111 111 111 111 115 111 111 115 115 115 119 118 132 136 140 145 157 157 170 179 179 187 191 200 200 204 42 60 68 81 77 94 98 85 85 81 77 77 81 85 71 64 64 64 55 47 43 47 55 81 98 85 72 51 31 30 21 34 43
26 21 26 85 187 191 187 136 89 129 153 157 162 157 145 72 20 17 21 21 30 33 38 51 27 43 68 34 26 68 13 43 98 13 89 20 34 55 44 47 71 94 34 9 26 38 54 64 77 77 85 85 86 89 89 94 89 94 94 89 99 98 94 98 102 102 102 102 111 112 115 111 106 111 115 111 115 115 119 123 128 128 136 136 140 157 157 170 179 183 187 187 196 192 208 60 61 65 68 85 85 90 98 85 81 85 81 89 85 68 64 64 55 51 51 51 55 85 106 102 81 51 26 13 26 38 47 55
26 21 21 72 183 187 184 115 94 123 153 153 162 157 149 68 30 17 30 13 13 51 34 43 30 60 132 27 13 68 13 50 64 43 123 9 17 43 38 18 72 26 51 21 47 51 64 68 72 81 81 85 85 93 89 89 89 94 94 89 94 102 94 98 94 102 102 102 106 102 106 107 111 116 119 115 115 119 119 119 123 128 136 140 136 149 153 170 174 179 184 187 196 196 204 102 64 68 69 77 77 94 98 94 89 89 102 98 77 55 52 46 43 63 60 51 69 94 111 98 63 34 21 17 26 51 64 68
