48 194 208 219 215 112 206 171 9 26 194 42 108 208 174 64 180 200 11 225 227 243 137 236 233 143 247 102 238 246 220 227 211 129 57 16 103 246 249 59 76 169 175 88 43 109 118 148 184 252 129 175 202 70 86 202 171 56 21 36 19 42 200 69 215 130 159 202 0 226 218 139 198 74 101 187 148 134 163 156 97 98 15 60 80 255 19 194 140 166 149 108 234 73 147 233 162 237 136 189 24 117 187 227 41 53 109 202 214 187 143 68 127 98 168 252 122 193 147 54 185 190 150 63 30 80 2 56 
25 192 145 134 98 221 28 6 245 128 74 205 68 96 177 115 55 77 69 136 80 121 75 39 234 125 155 65 60 145 112 196 2 106 79 249 15 232 50 79 244 249 240 165 152 205 65 219 26 20 22 66 124 56 182 154 225 38 33 116 177 26 167 215 206 189 7 96 4 164 36 104 139 142 255 199 89 219 51 69 141 57 148 27 213 150 217 196 156 165 95 165 177 31 125 21 180 1 40 55 65 147 6 84 71 45 177 83 144 232 141 146 184 244 132 16 18 29 81 103 191 70 98 254 224 6 3 78 
24 99 16 1 168 27 19 244 159 120 41 178 104 247 87 142 9 180 89 65 194 228 22 26 182 9 165 78 179 175 230 152 148 194 43 174 115 115 175 161 62 5 39 143 48 211 77 186 213 205 135 98 212 117 2 186 183 121 133 79 251 163 210 49 15 251 56 34 70 190 28 25 40 68 47 251 91 245 122 77 98 54 153 161 68 6 29 121 170 238 80 225 84 213 87 137 111 230 148 154 91 119 173 175 112 85 71 177 225 17 99 77 72 22 125 47 101 233 250 208 234 253 78 196 94 139 0 233 
81 150 192 231 40 101 189 8 237 146 32 43 217 178 70 143 28 7 64 20 253 156 172 185 175 57 83 197 51 83 211 43 110 108 240 59 186 167 247 216 191 59 142 37 75 254 201 166 125 12 239 84 114 62 136 223 182 233 158 114 78 89 58 254 153 127 198 215 179 11 255 19 254 238 139 133 142 250 55 92 93 241 62 156 24 149 66 94 47 40 142 80 10 55 78 169 64 180 181 127 75 24 175 7 70 142 36 50 179 220 197 50 80 136 141 171 205 126 175 66 161 229 150 35 48 228 105 5 
245 115 17 218 72 207 76 200 201 44 11 192 218 9 76 87 142 23 111 251 121 112 150 205 46 81 69 240 26 254 154 98 225 36 114 76 43 13 138 127 81 194 58 65 209 117 70 44 62 105 176 134 138 240 191 48 6 75 146 51 199 137 112 100 61 119 213 239 197 4 5 203 139 23 176 212 154 101 111 109 85 128 202 211 193 207 135 116 108 170 53 198 90 234 241 201 229 201 187 229 30 196 246 94 105 50 173 193 163 199 195 24 140 133 47 230 255 30 14 2 89 96 44 139 169 162 165 95 
83 223 253 68 171 11 243 217 177 169 190 250 12 130 94 250 107 15 104 223 3 187 97 126 99 254 69 134 63 12 244 130 20 148 240 221 27 172 119 72 236 83 175 233 14 175 70 234 109 100 37 124 55 103 174 81 194 40 60 226 23 9 124 80 107 46 233 139 58 243 213 125 57 33 212 70 210 246 126 42 177 43 210 80 163 207 15 35 199 32 65 159 109 195 63 118 90 51 106 239 8 87 62 238 235 204 160 33 85 147 125 137 198 243 146 54 129 166 134 112 99 255 175 59 156 58 114 208 
2 173 236 159 58 211 180 180 159 102 232 16 91 63 252 254 141 35 206 83 46 56 66 63 60 18 114 178 207 136 182 20 94 33 148 66 122 241 42 171 77 191 197 187 121 129 150 227 49 147 163 3 141 20 173 133 204 107 73 95 212 140 238 203 111 41 206 70 138 54 58 234 172 110 138 13 136 62 10 180 144 230 226 1 92 166 10 180 153 212 48 212 204 27 55 5 73 53 86 71 232 162 111 104 225 137 109 248 160 143 39 61 250 136 152 248 207 87 192 38 153 168 164 145 181 71 106 154 
162 198 73 18 187 20 60 80 95 70 124 86 184 8 22 3 91 77 102 104 202 60 223 245 238 44 65 141 152 22 54 33 143 253 166 97 116 83 136 80 162 38 215 148 38 106 209 94 248 188 202 157 169 40 236 238 155 72 188 90 27 57 53 152 50 230 176 158 124 183 215 15 141 45 23 220 59 171 213 191 83 142 181 12 200 151 143 176 86 195 77 146 40 181 86 118 124 146 201 126 208 28 230 196 237 193 185 211 17 168 40 157 102 206 21 59 119 13 60 127 195 140 157 180 124 162 32 195 
114 208 2 150 88 181 1 23 3 237 31 206 5 214 63 115 231 142 142 182 134 242 127 225 161 75 251 112 54 231 225 143 85 16 137 69 132 59 216 184 0 72 246 0 27 58 201 204 150 55 217 141 7 130 23 214 213 15 230 91 134 144 81 74 47 194 150 193 13 245 211 194 215 86 206 11 170 134 118 119 124 119 146 87 252 193 149 30 33 89 148 128 169 11 8 196 111 100 142 219 218 46 177 11 154 246 170 167 10 254 24 255 66 15 121 39 168 234 16 34 13 85 131 91 215 201 70 170 
220 90 93 48 76 11 144 38 191 82 230 140 194 209 225 181 147 20 27 167 199 49 43 94 159 68 130 98 234 194 111 214 70 26 4 119 202 117 50 29 98 25 52 148 102 2 175 4 239 134 169 25 124 245 110 101 138 62 45 199 149 213 51 226 127 126 134 197 193 245 9 50 9 194 189 90 34 190 175 246 93 193 165 27 198 165 119 226 134 132 222 171 44 72 210 182 144 8 82 101 46 24 5 200 66 72 215 238 33 141 88 44 225 16 110 48 96 49 164 117 193 84 167 158 25 146 106 178 
95 231 12 1 254 37 156 107 89 96 233 23 194 110 8 192 171 36 128 85 187 12 225 218 77 44 128 255 146 74 219 105 107 173 17 179 240 205 219 14 174 30 41 56 191 239 255 146 103 71 106 59 139 83 61 187 235 96 183 226 122 185 154 204 70 191 55 48 134 189 144 89 104 113 82 65 93 70 185 41 209 145 196 42 69 17 4 142 174 48 75 124 143 196 217 83 85 11 141 234 39 212 177 44 83 237 42 253 199 177 52 139 230 71 64 178 219 116 202 127 57 33 12 236 239 144 16 93 
23 132 93 197 168 181 120 45 135 89 210 108 239 85 140 14 11 38 173 88 81 19 96 109 58 180 7 6 224 56 178 123 204 216 48 210 25 242 116 208 159 77 43 222 118 7 149 159 65 120 0 171 216 75 150 47 134 70 234 76 82 27 33 70 251 238 251 62 2 56 151 94 61 122 25 223 135 95 27 13 109 178 207 149 240 163 78 212 80 205 194 247 255 132 92 240 67 115 41 82 223 168 33 45 61 127 1 201 98 176 69 71 242 186 125 91 65 224 226 195 72 77 12 183 92 175 181 153 
164 60 226 63 221 223 68 214 99 0 108 122 194 116 207 219 175 3 118 78 160 100 162 11 139 168 207 126 127 131 31 13 107 19 168 247 121 129 203 180 159 116 84 168 202 44 221 160 145 30 158 157 48 83 35 49 242 171 73 247 193 139 187 4 111 139 112 183 107 181 124 121 24 27 98 219 43 150 183 230 169 188 60 229 170 222 126 254 133 202 51 88 41 28 245 194 47 54 56 173 124 140 233 25 59 56 48 67 224 52 0 159 218 82 76 219 212 30 10 126 117 222 59 112 33 153 231 196 
75 113 169 190 125 143 160 179 252 31 152 204 193 96 232 181 225 142 37 41 126 146 118 246 97 220 193 168 207 214 36 101 55 83 74 64 246 183 123 89 90 40 96 43 42 197 87 209 60 149 222 11 175 190 174 87 187 213 142 150 84 82 119 70 198 93 35 54 4 51 32 15 193 158 179 56 16 107 251 113 213 175 26 23 194 225 190 71 139 118 148 181 128 131 193 186 21 200 66 249 225 175 124 228 83 230 226 171 100 33 69 98 133 156 215 11 146 216 87 140 241 174 222 232 188 44 103 110 
198 45 48 248 76 191 54 56 84 212 229 190 89 106 79 29 162 149 176 213 131 60 64 19 90 149 46 215 231 144 194 234 126 223 233 78 164 186 103 207 33 132 134 176 14 6 27 41 211 202 48 156 229 183 116 179 33 50 71 99 88 137 90 245 211 200 210 37 237 113 160 45 183 47 118 104 194 254 222 62 103 241 64 210 224 231 197 3 169 18 15 106 64 2 224 202 233 94 116 198 67 37 68 211 197 53 29 221 197 169 100 163 219 200 76 126 197 150 115 237 93 190 250 57 75 243 95 247 
40 247 31 128 44 96 3 195 223 16 121 33 136 93 241 78 67 90 218 27 173 23 184 38 74 195 25 167 23 239 123 218 86 44 117 222 159 237 132 152 198 143 42 201 5 170 38 223 98 202 218 224 245 67 21 154 5 164 170 175 102 254 187 208 202 221 192 155 236 130 80 187 211 44 167 191 235 48 71 121 43 15 83 22 2 236 100 107 3 12 220 79 149 74 8 66 4 22 91 182 119 66 119 85 42 66 219 49 94 18 155 188 198 105 30 191 26 88 44 213 190 138 209 209 87 23 210 37 
200 151 251 124 45 201 19 161 167 131 175 96 74 146 110 91 31 139 148 250 117 18 215 133 26 46 161 204 65 131 72 53 29 19 87 212 244 145 99 193 129 37 65 23 137 163 162 214 246 62 189 140 176 26 8 216 70 224 1 27 11 63 131 111 110 156 229 90 23 38 63 255 247 138 239 219 234 230 183 207 228 12 59 214 50 78 55 3 88 147 129 110 112 181 132 229 64 55 37 125 89 105 169 134 118 109 246 130 112 178 167 84 86 104 94 228 87 67 61 190 98 70 203 203 123 2 70 155 
208 239 67 191 187 98 248 51 247 48 237 151 70 156 90 75 209 246 110 21 197 23 194 215 245 5 49 88 225 151 134 61 195 179 238 210 93 236 184 123 184 149 124 98 194 86 120 193 168 155 214 111 75 37 239 236 235 244 15 170 220 110 117 39 17 121 219 236 44 14 105 88 98 208 122 203 190 185 67 209 129 11 155 234 164 242 16 2 76 114 28 150 182 115 57 193 100 187 212 0 205 239 172 188 4 132 43 16 135 161 205 217 123 145 236 191 37 234 100 202 227 198 107 208 118 77 227 207 
247 200 177 251 36 177 235 173 235 116 36 65 173 156 138 167 137 93 171 62 80 20 166 244 79 87 103 74 101 182 40 145 226 3 203 59 240 203 210 247 205 253 9 72 94 253 9 136 109 97 251 202 56 130 142 144 196 213 111 32 191 80 49 50 175 240 26 176 235 106 145 203 84 88 114 86 160 151 226 212 253 169 98 176 49 66 107 1 78 212 26 208 134 145 229 237 120 193 113 129 70 166 107 34 177 48 171 101 153 242 178 114 238 30 215 153 14 45 242 140 41 61 242 85 120 210 39 106 
66 18 163 17 127 195 175 168 55 132 41 128 128 109 235 238 147 9 110 246 230 255 24 109 157 16 44 135 25 175 48 154 143 161 105 83 58 235 239 156 152 1 54 131 195 234 255 21 11 240 194 67 86 147 31 69 198 252 228 66 7 139 192 119 253 213 74 27 199 208 27 0 24 41 57 179 117 3 130 93 70 198 120 149 72 186 140 68 62 241 195 130 180 103 43 134 188 250 221 221 12 77 244 5 220 12 145 144 114 227 23 23 181 225 235 169 126 54 43 20 61 70 190 254 188 94 190 167 
143 158 96 215 204 111 121 73 246 232 61 155 177 146 175 242 5 89 83 65 105 2 166 239 230 187 235 156 48 142 57 76 235 154 41 164 188 199 78 232 33 106 12 49 160 6 44 106 166 212 200 170 179 206 103 71 216 247 56 146 81 64 73 181 6 52 129 122 208 49 95 104 250 175 61 48 51 207 157 150 87 246 116 69 193 249 33 131 122 120 123 153 24 130 184 230 201 121 29 218 105 105 6 90 79 59 0 53 7 223 185 15 21 37 68 191 107 180 61 20 170 129 246 147 184 217 61 240 
222 34 251 214 243 37 72 136 49 54 74 227 20 129 125 159 241 73 230 197 163 103 69 142 152 175 123 116 255 10 199 246 246 58 86 239 202 95 37 52 152 35 133 20 169 75 147 152 169 113 98 103 154 3 95 240 206 194 204 146 125 91 100 53 215 194 199 84 168 216 104 192 92 10 240 248 48 100 16 205 232 78 122 48 249 231 225 158 99 112 227 118 71 144 178 144 31 217 104 61 82 93 65 114 77 105 248 107 80 122 69 218 76 39 222 194 59 20 245 245 91 229 224 201 110 217 126 51 
116 225 117 176 106 142 152 106 60 90 141 250 40 24 26 203 78 253 75 109 57 59 108 111 48 218 1 9 27 61 195 219 214 234 205 130 166 234 170 71 99 225 159 232 177 54 19 228 48 121 143 64 120 65 43 57 16 240 203 152 142 99 43 150 223 33 8 50 180 232 69 130 113 139 172 167 7 169 55 196 118 92 62 155 155 18 96 8 116 249 114 102 168 136 49 137 229 134 152 112 109 89 141 190 192 70 173 111 16 147 187 137 27 63 97 220 46 47 7 126 8 237 239 167 64 197 201 142 
144 85 113 46 245 50 118 148 164 241 141 101 86 51 197 198 169 233 193 24 249 65 151 92 94 121 84 25 182 190 164 187 42 111 11 232 18 143 79 63 173 24 77 205 185 111 236 192 192 216 215 236 180 68 119 30 94 18 70 113 224 225 229 82 223 227 180 75 63 222 164 142 48 161 147 157 164 161 193 39 208 174 146 168 120 142 119 213 234 62 24 18 54 11 239 132 123 200 48 31 248 68 245 255 101 175 137 191 28 49 57 131 121 85 29 13 115 235 81 134 205 17 84 135 40 158 143 89 
114 208 23 48 62 237 61 228 205 16 134 204 204 243 230 119 212 83 126 46 45 210 12 96 218 153 156 195 233 4 14 174 221 109 27 110 23 130 42 122 80 182 239 55 65 246 186 243 159 245 239 21 231 9 201 100 141 42 67 34 111 222 202 253 127 254 60 79 191 27 200 87 38 52 35 158 226 11 44 191 164 125 169 186 116 254 8 241 46 169 230 180 11 11 99 231 123 25 60 10 81 96 99 12 49 72 236 103 218 110 199 177 82 82 151 196 103 48 144 150 114 154 241 240 138 69 195 109 
9 185 211 49 146 184 34 29 123 49 221 149 10 52 43 131 74 154 98 156 98 248 240 247 18 230 235 90 139 30 203 218 188 109 63 125 21 234 53 27 157 142 50 46 209 44 168 105 41 127 14 112 94 101 33 59 130 88 147 178 215 140 154 70 6 191 73 106 76 69 27 241 227 186 239 3 154 227 183 232 174 133 65 83 83 96 173 201 193 32 218 118 65 0 189 38 17 251 119 155 74 85 117 195 103 8 92 112 105 233 206 253 73 100 3 251 32 15 47 30 103 253 187 246 219 189 146 160 
164 49 228 106 185 58 40 141 60 237 215 100 40 181 25 192 247 146 142 215 204 249 210 181 248 181 215 170 57 173 77 57 244 153 109 87 32 65 105 244 35 197 208 137 191 248 235 66 58 9 42 182 88 9 247 230 67 110 125 188 68 87 102 164 64 231 241 104 222 168 84 11 95 3 24 235 82 0 222 46 64 21 25 9 103 226 166 111 184 192 154 253 58 177 223 118 45 31 69 103 106 188 144 194 157 106 14 143 32 112 163 145 31 153 212 6 252 134 214 158 65 147 210 19 74 175 25 158 
12 247 231 9 241 93 48 249 231 212 116 163 34 191 104 81 243 243 50 165 10 123 133 10 50 13 242 135 241 231 210 120 74 218 54 243 153 213 132 233 177 5 100 172 230 209 24 101 154 65 80 228 59 66 213 122 180 16 167 208 109 179 100 135 72 8 34 69 92 62 178 40 211 50 30 57 122 163 193 216 107 28 213 56 57 7 204 251 205 116 80 81 74 18 162 93 169 148 149 106 236 219 248 153 161 185 210 250 231 175 86 40 216 76 233 109 167 152 87 144 15 71 50 24 52 53 69 58 
90 203 151 191 140 229 151 78 58 96 190 46 149 169 173 66 112 176 91 175 36 89 113 8 218 24 93 0 104 190 23 16 96 38 98 241 101 177 53 185 108 197 46 183 184 145 131 135 142 236 13 192 174 134 145 7 126 63 94 51 11 124 215 108 56 172 50 123 30 105 226 109 129 38 126 134 189 187 96 133 218 134 43 242 43 169 82 240 28 215 16 149 242 37 195 150 227 156 85 218 251 246 159 200 77 3 49 188 39 19 124 188 63 162 200 119 230 65 138 137 42 227 249 201 184 228 218 207 
54 204 174 158 43 162 161 151 60 182 88 186 10 197 216 239 255 105 35 42 108 207 44 54 153 83 27 150 117 12 50 19 185 19 68 106 40 146 224 220 203 228 172 33 178 68 198 233 174 160 66 112 216 239 32 76 121 170 209 216 167 92 37 224 159 101 240 177 168 179 174 33 78 132 8 143 45 110 202 55 182 77 59 215 168 84 172 2 9 230 221 160 99 214 70 110 130 81 84 244 192 205 26 14 130 146 202 253 18 39 186 190 189 248 194 100 201 239 23 197 199 86 161 149 91 223 199 51 
143 203 67 189 187 111 112 30 74 28 61 166 47 117 78 160 93 70 246 181 78 131 227 241 98 56 219 188 156 221 215 74 56 164 7 36 150 216 89 179 187 48 86 145 116 7 181 4 141 164 146 53 59 38 43 208 94 85 23 43 185 166 40 36 76 58 10 116 178 195 178 141 124 16 50 13 129 116 94 53 17 61 157 81 127 148 179 239 63 158 37 204 209 228 151 178 115 146 75 11 93 162 21 242 124 76 140 165 109 42 116 240 94 203 116 71 119 3 119 255 42 141 150 197 28 218 30 230 
133 247 194 209 81 214 175 13 196 184 189 189 241 178 167 57 90 82 243 7 24 252 253 70 114 165 152 193 99 174 232 217 133 122 159 198 35 18 223 130 111 73 16 130 246 252 43 16 61 85 140 8 157 49 105 250 1 169 177 114 54 106 19 64 140 226 145 10 73 96 185 169 172 229 33 32 168 23 18 30 182 54 220 80 24 116 152 11 204 63 151 131 53 28 8 178 37 6 64 173 58 179 70 74 7 17 154 227 233 27 32 215 96 24 10 127 176 183 124 188 218 251 115 147 192 58 29 188 
167 229 35 193 242 128 129 125 181 174 195 198 150 76 17 195 147 185 249 179 181 163 242 64 194 219 166 8 89 12 136 155 76 209 57 93 252 136 64 197 27 160 205 215 226 87 136 3 4 44 157 47 97 242 186 73 192 248 95 69 22 254 210 169 136 148 65 39 138 145 18 25 29 173 117 98 30 29 140 214 28 248 200 236 5 246 208 97 186 39 15 207 61 75 69 158 194 7 164 132 146 6 75 20 105 230 175 24 43 181 4 201 84 48 236 86 0 85 78 12 244 202 63 213 118 91 40 70 
65 207 163 58 187 9 33 110 0 246 73 226 20 38 43 182 24 150 215 248 68 115 152 92 169 222 38 24 144 187 103 156 138 81 84 81 202 56 83 146 73 1 38 12 18 199 29 28 252 16 4 57 61 97 91 65 219 179 112 20 107 239 218 13 108 33 70 65 151 148 11 58 219 103 124 165 50 155 229 24 221 5 138 60 92 7 133 213 253 129 168 28 98 54 102 8 80 15 222 21 153 57 122 130 51 8 21 184 240 166 209 149 177 223 4 176 3 158 102 18 16 148 178 250 72 71 222 83 
14 232 28 253 100 83 108 198 138 144 171 150 108 53 172 79 177 174 26 72 100 197 77 199 160 16 9 194 208 15 172 137 86 197 74 118 80 178 123 152 35 237 14 141 91 119 28 159 3 0 177 193 120 31 213 200 255 50 249 30 167 129 238 53 99 157 236 20 157 138 47 248 103 200 161 172 29 120 64 76 70 32 22 106 53 32 61 13 238 134 211 217 155 218 68 94 97 16 124 232 44 232 173 38 249 88 246 243 125 193 125 128 46 212 141 77 89 253 144 29 67 233 176 248 127 175 81 131 
171 120 211 201 86 64 79 245 176 31 30 4 176 125 204 103 160 213 56 207 83 237 45 35 60 198 121 78 249 74 179 130 160 48 14 145 42 159 51 222 172 75 165 15 90 150 184 223 127 102 98 50 4 236 93 133 96 197 29 146 244 37 87 152 52 246 10 193 0 42 207 255 12 233 237 130 46 230 192 173 190 43 174 198 20 59 27 3 32 245 141 103 141 206 248 189 219 13 6 116 118 136 180 15 70 61 125 230 81 98 129 114 201 140 239 149 14 4 50 146 192 7 232 203 22 164 154 143 
7 215 36 102 194 174 57 144 8 148 22 176 81 227 214 56 15 96 171 194 251 168 7 133 178 255 113 218 194 115 70 101 196 83 188 139 97 224 192 46 136 133 128 154 107 9 114 64 82 159 53 56 242 231 63 181 20 150 11 240 21 50 242 57 60 70 240 84 91 63 164 222 70 182 141 100 212 177 255 212 141 16 131 152 183 16 193 203 226 220 225 9 166 171 115 195 231 172 205 252 50 235 165 22 219 238 50 94 56 177 13 89 125 40 115 85 148 133 4 251 172 154 72 52 146 74 13 242 
186 17 44 65 140 177 115 193 248 98 226 246 71 198 152 53 168 106 166 133 64 224 37 122 140 138 64 174 43 208 140 138 17 238 136 1 236 121 144 246 31 164 196 105 193 180 93 75 13 226 127 137 160 207 92 41 210 186 252 116 201 179 201 130 10 99 146 189 220 176 0 111 246 76 230 180 246 130 135 61 110 139 148 0 167 155 157 197 112 44 186 212 156 194 99 109 225 197 144 208 42 135 33 126 87 74 205 174 230 192 241 123 36 45 127 182 60 216 33 197 122 39 95 148 217 190 198 165 
83 93 132 251 182 254 13 243 168 123 67 243 69 166 238 249 151 240 81 218 77 153 140 0 205 232 32 134 39 230 36 133 146 168 186 158 205 20 245 97 168 45 51 53 47 142 137 252 78 11 142 180 36 165 2 54 9 179 54 70 9 182 188 44 189 16 14 157 158 227 80 208 31 169 222 83 50 17 61 117 200 183 63 222 126 139 247 76 57 48 244 36 88 207 124 7 38 215 76 241 81 59 17 185 19 179 24 77 38 114 252 94 104 27 144 167 20 13 93 170 48 107 166 68 151 0 220 119 
162 147 54 161 253 141 160 174 152 138 81 121 9 209 77 82 4 57 195 162 17 101 221 146 62 132 44 158 4 153 213 225 143 231 105 11 8 68 74 13 212 176 128 192 249 168 3 225 247 101 25 115 69 222 100 212 209 202 122 46 60 29 111 251 255 50 178 60 139 220 113 200 92 222 15 202 200 254 177 112 234 10 111 16 53 72 93 40 74 234 66 112 35 228 37 237 32 61 203 210 149 192 209 145 11 73 111 19 224 228 170 135 100 205 109 254 214 57 130 104 255 74 172 184 232 51 26 237 
195 177 212 121 13 85 191 223 239 215 9 169 26 65 194 189 67 135 219 240 78 204 47 86 158 234 246 54 96 255 188 42 108 112 35 210 207 65 95 81 159 137 17 94 223 204 221 89 133 115 240 214 49 17 105 126 90 206 21 164 58 137 64 21 203 161 62 63 142 251 95 115 118 149 157 27 211 151 226 97 52 108 198 139 121 16 145 155 51 36 119 66 183 210 169 22 219 45 8 40 55 206 43 128 74 146 251 34 166 91 164 232 39 242 222 207 245 218 194 182 47 52 136 192 205 83 61 160 
253 99 130 15 100 121 8 119 130 248 15 48 156 61 199 178 174 116 99 208 47 44 168 174 197 27 121 126 104 221 92 64 23 52 248 218 145 49 5 174 203 65 7 88 230 58 137 152 43 96 46 176 106 219 43 144 114 222 98 190 237 215 64 65 157 35 231 133 111 153 140 27 75 53 59 150 10 70 64 67 208 12 76 225 154 202 146 182 209 30 229 140 178 140 126 230 227 171 219 48 101 106 23 6 55 145 123 120 104 129 184 212 110 48 126 51 44 230 230 61 89 150 149 91 190 244 178 224 
176 36 221 62 192 52 235 222 229 14 200 216 72 134 207 10 214 141 26 145 122 245 222 160 215 222 67 84 26 238 222 137 17 99 145 229 61 126 222 108 108 143 175 69 220 128 204 98 196 183 4 252 162 36 8 71 192 155 130 113 11 24 211 253 51 133 134 208 15 136 181 210 158 144 169 184 163 137 165 204 20 239 159 100 140 111 192 214 50 218 114 68 158 229 68 234 56 90 188 217 97 21 135 255 151 137 189 39 205 72 144 27 83 191 71 25 178 202 22 211 118 58 92 73 89 232 243 100 
48 189 92 33 117 74 30 226 31 244 152 194 10 158 76 152 72 50 254 250 37 13 51 38 164 208 92 13 226 36 184 245 204 255 221 190 3 145 20 163 53 220 68 162 94 64 108 56 122 180 0 88 219 251 187 34 189 62 208 164 35 79 51 153 150 39 17 35 79 134 85 222 197 88 93 242 67 62 24 171 253 162 240 140 100 67 123 244 50 96 135 164 13 191 216 6 169 28 121 3 206 107 130 171 172 101 100 103 25 38 204 164 36 76 2 237 225 81 220 92 90 195 32 188 20 228 171 105 
228 142 204 254 11 167 48 61 7 217 51 132 92 113 142 60 220 166 101 113 123 42 237 31 243 21 78 244 222 16 51 196 56 39 230 186 190 15 92 201 29 201 105 242 35 25 82 45 253 122 183 197 118 156 180 108 229 72 246 96 30 250 17 245 228 43 221 96 136 172 217 101 185 226 212 133 48 1 192 223 188 206 94 185 192 253 216 87 124 119 10 162 247 90 49 161 102 57 148 21 208 236 188 211 237 19 59 171 38 59 151 213 137 79 45 144 52 212 101 111 177 178 252 159 97 2 40 169 
162 196 15 163 95 230 225 147 176 192 198 67 134 34 77 137 54 99 255 12 25 45 1 17 40 94 93 138 139 234 247 55 244 53 206 76 98 164 139 156 140 156 206 189 224 196 35 68 189 173 213 167 186 131 138 46 68 81 111 17 171 141 47 200 202 254 93 4 145 232 113 51 211 32 138 43 107 206 6 28 148 254 172 74 245 253 33 125 143 109 27 158 187 23 237 200 245 161 16 170 19 16 151 71 214 125 85 148 46 34 117 114 54 216 243 145 229 158 218 239 202 205 70 222 173 3 44 83 
148 37 178 192 168 162 237 7 116 147 132 159 5 158 132 216 76 24 217 179 23 86 57 192 189 88 68 132 80 211 142 124 128 9 135 195 225 124 186 250 194 28 107 208 44 174 60 203 123 85 47 250 226 41 71 183 154 121 96 211 27 34 104 155 166 39 113 162 37 37 228 119 13 188 57 157 171 70 216 207 137 58 229 151 67 20 181 132 10 40 73 203 40 193 153 39 73 113 38 241 252 126 240 18 10 247 239 67 196 85 154 151 43 110 80 74 84 250 19 97 72 82 99 97 17 31 212 146 
204 46 54 21 226 128 133 235 3 149 191 33 114 220 185 68 40 9 40 161 127 213 84 155 147 177 34 86 186 106 29 160 241 147 60 119 205 6 239 28 70 108 183 105 38 251 110 8 117 191 78 122 163 158 99 149 82 251 29 227 245 67 168 109 22 9 4 177 44 234 75 236 142 52 145 102 237 87 81 160 223 118 132 60 168 233 10 226 46 245 221 128 59 17 76 198 205 151 228 230 12 4 121 105 7 111 78 27 208 72 96 4 218 71 81 119 53 153 56 182 39 221 213 152 151 112 192 46 
120 11 221 10 249 88 234 181 39 242 177 46 79 170 130 223 38 114 2 123 66 24 195 194 77 25 132 215 217 163 13 164 141 107 156 98 111 12 79 25 234 7 83 189 176 177 7 211 213 20 52 14 188 12 85 122 98 132 27 95 249 172 248 82 208 237 60 19 184 249 145 237 4 73 166 61 42 233 175 196 148 103 157 163 85 45 53 68 246 107 197 9 253 1 97 144 250 141 4 140 105 212 211 178 173 31 131 73 63 235 97 17 210 19 22 91 156 159 46 155 60 212 50 50 24 74 220 8 
34 11 73 125 83 214 74 29 151 190 109 57 12 252 88 109 106 158 170 166 73 227 120 4 238 203 201 79 59 169 56 108 78 31 121 38 21 114 86 48 218 224 19 112 202 182 156 221 83 51 169 224 172 123 204 49 191 8 110 36 254 122 97 110 178 128 56 33 200 152 96 108 39 242 14 116 232 139 35 195 67 32 249 187 219 13 20 158 77 171 17 90 240 23 34 47 137 3 27 252 216 160 84 112 242 29 179 36 90 100 235 124 204 194 226 55 18 106 58 240 16 215 209 231 159 164 93 119 
191 240 181 96 78 186 197 47 143 244 114 51 143 50 152 105 105 163 8 2 100 148 100 100 71 67 6 196 120 0 119 206 112 129 144 62 61 57 59 13 84 161 180 16 194 139 204 8 157 244 214 127 99 213 56 224 191 175 34 106 207 31 238 39 236 22 206 10 239 91 194 50 70 167 91 130 30 245 204 214 194 78 223 234 62 138 93 36 3 142 98 6 59 189 64 105 251 246 138 57 221 191 33 226 123 207 89 6 194 180 1 251 131 6 243 84 213 245 93 54 4 48 180 82 200 171 176 133 
202 31 180 174 248 163 8 112 139 164 53 243 230 139 21 0 87 149 113 144 247 52 174 39 241 104 182 185 196 11 215 178 248 49 97 106 120 141 30 133 208 39 19 70 26 167 211 29 118 196 104 237 206 121 223 20 36 232 109 39 22 23 231 152 29 162 227 129 130 116 237 92 57 232 183 47 101 13 236 91 103 207 48 97 41 154 109 3 126 120 185 49 118 5 232 46 3 159 253 143 117 136 231 143 220 85 84 223 92 38 86 53 201 140 143 150 55 203 255 15 56 166 56 156 35 172 32 86 
24 6 214 122 177 146 3 252 49 208 175 110 129 98 19 215 163 221 228 81 90 131 247 81 243 58 76 209 172 27 160 153 148 153 210 21 169 91 9 68 17 254 29 73 238 196 248 232 89 114 185 218 9 22 13 141 199 186 133 96 158 118 193 208 162 173 202 111 148 75 240 41 83 235 71 32 65 62 33 229 238 45 10 144 173 122 2 175 114 180 198 109 208 44 26 90 129 66 184 227 223 25 99 186 124 69 51 212 0 190 9 211 93 46 108 217 146 55 165 77 170 44 90 23 200 11 172 248 
217 61 140 7 89 47 91 81 148 117 213 107 100 82 97 22 104 10 133 25 210 64 191 34 85 175 152 64 167 14 34 157 5 246 49 181 76 94 198 38 247 100 120 128 189 118 251 122 134 23 62 46 189 222 58 2 12 248 53 135 69 75 118 132 59 164 120 201 15 205 88 114 97 128 196 246 168 85 9 252 73 101 153 211 106 216 197 55 115 82 200 67 194 58 96 150 81 194 24 248 90 252 133 54 144 88 111 87 123 114 116 237 208 65 60 5 218 186 116 127 232 79 9 17 36 242 2 156 
212 17 218 238 34 17 200 203 18 9 236 170 184 93 188 193 150 75 77 16 61 216 181 128 34 72 245 97 206 167 19 135 172 102 164 44 158 122 16 234 169 127 24 213 29 106 123 84 63 15 20 103 10 156 88 39 37 4 114 49 166 238 190 221 188 150 24 208 203 125 109 54 78 111 167 77 12 169 52 62 196 89 91 35 55 72 149 127 4 75 58 77 89 51 249 227 217 139 73 130 148 223 179 188 41 115 84 4 116 126 203 102 140 109 220 206 201 77 26 220 148 61 17 176 230 209 97 43 
132 26 85 104 34 198 107 224 38 242 216 120 37 201 255 209 181 144 236 239 124 110 77 91 252 48 204 102 227 191 162 51 242 246 246 45 138 253 35 62 30 164 17 225 120 158 238 235 209 222 146 220 50 191 107 38 175 82 154 176 239 204 175 25 15 9 148 93 124 157 140 75 100 101 138 142 202 45 82 31 19 28 220 2 158 152 116 120 145 110 90 185 115 73 189 110 68 190 211 54 112 68 12 142 11 155 97 2 211 56 61 209 233 115 171 190 79 2 253 168 104 234 11 68 24 201 121 83 
132 253 47 155 224 147 1 169 147 224 164 96 21 53 15 164 111 21 52 88 114 37 139 140 33 176 32 111 75 78 232 103 211 48 58 114 112 189 78 20 108 95 83 54 232 194 121 118 35 19 181 130 106 247 91 9 170 76 87 13 76 169 132 117 32 15 141 238 70 96 104 67 79 133 9 117 220 65 241 84 243 198 97 33 74 41 122 43 88 224 225 9 222 154 31 71 149 57 12 49 89 124 148 50 154 48 157 13 173 20 246 79 93 28 64 177 23 163 144 66 135 212 204 232 192 249 246 70 
169 57 193 45 123 116 20 121 244 177 86 69 170 35 63 78 1 88 149 188 208 253 131 161 232 137 114 248 229 80 54 200 25 129 36 253 130 125 213 162 150 19 9 58 93 224 168 129 70 71 139 187 2 180 162 228 120 244 73 164 184 50 228 79 151 220 14 235 17 170 34 251 52 210 24 158 168 219 138 226 43 208 66 57 32 43 121 236 98 52 7 149 230 135 16 218 236 24 150 220 110 61 200 245 126 83 249 243 115 68 85 238 71 152 196 169 249 124 223 245 142 96 223 40 230 124 248 66 
88 118 68 105 91 214 88 185 32 12 107 204 99 214 186 124 63 125 177 7 224 92 181 151 187 70 231 48 201 249 83 229 14 222 77 162 114 72 20 5 51 9 147 216 1 43 110 131 218 99 85 193 230 180 71 23 117 244 226 126 184 202 142 30 240 224 91 190 103 253 138 10 183 18 5 0 117 169 54 248 190 172 115 132 159 125 172 122 169 20 213 126 194 241 45 107 73 89 211 220 151 44 203 251 157 123 250 137 127 4 202 55 21 214 38 158 225 206 225 220 142 130 220 16 168 17 197 75 
102 166 150 43 144 171 159 65 255 30 176 163 34 67 44 161 210 108 130 113 215 194 127 65 52 115 96 77 151 94 189 71 229 94 46 194 221 117 80 24 184 189 42 90 186 51 246 85 30 96 126 193 139 232 12 11 140 50 30 70 249 7 176 141 35 0 64 97 53 203 194 87 127 240 185 74 102 254 60 116 251 147 0 225 217 43 203 24 67 4 180 83 54 43 139 116 199 78 217 184 196 133 111 201 120 168 160 39 133 252 117 209 126 3 160 205 162 165 143 43 122 103 229 45 217 134 201 232 
154 160 111 169 131 217 190 209 93 242 29 11 87 41 222 204 206 93 178 44 80 143 129 166 59 198 81 152 4 167 29 78 104 226 72 165 148 176 161 123 207 26 46 216 205 86 30 187 104 77 94 196 74 132 92 16 202 216 239 5 211 37 76 78 208 60 78 96 33 243 63 78 185 11 227 65 137 224 111 155 22 98 140 129 46 10 87 37 171 239 214 9 205 8 41 135 105 242 168 75 191 108 233 118 137 210 47 196 126 73 135 212 23 28 56 121 15 58 187 102 0 206 136 31 136 209 163 78 
219 162 144 13 99 118 63 49 133 23 75 19 49 176 162 156 78 226 86 123 167 57 157 209 103 198 170 115 164 31 47 47 8 33 24 7 58 86 21 75 32 63 22 203 152 151 70 238 248 82 35 199 51 13 247 64 140 102 143 164 67 95 172 57 54 156 241 175 80 140 133 160 16 231 29 179 176 159 241 188 52 157 145 91 158 205 48 160 42 195 184 56 198 169 13 107 249 181 245 244 77 72 182 33 69 143 215 131 57 240 203 101 181 254 7 83 161 67 24 67 135 40 85 53 4 5 59 166 
245 91 183 165 171 103 202 101 143 16 9 171 173 206 218 100 196 110 126 99 0 15 92 58 117 53 224 97 218 129 136 11 99 97 127 140 224 196 122 250 14 253 162 113 106 14 147 207 133 22 93 204 232 181 155 172 216 105 169 123 135 150 81 123 121 149 93 9 140 143 98 156 31 221 50 128 6 254 7 88 169 183 159 68 73 68 158 55 115 182 73 79 159 48 95 134 12 81 243 138 87 217 111 85 92 118 240 229 168 10 129 216 33 66 132 4 25 23 102 15 49 52 147 131 1 194 127 255 
62 61 203 147 177 25 130 207 83 252 44 144 144 15 100 52 191 3 97 220 168 126 229 103 162 74 30 195 75 199 141 213 197 5 36 30 23 111 177 48 241 50 159 147 94 10 119 78 9 241 84 19 154 8 218 138 87 88 18 229 27 253 78 83 97 149 233 70 190 110 208 31 19 185 7 246 107 171 165 133 166 73 244 66 230 144 30 47 104 80 76 242 197 87 173 69 222 10 149 137 215 132 221 68 87 3 100 134 48 37 110 165 35 143 209 0 127 31 181 101 61 33 53 206 113 186 5 119 
172 115 145 150 194 144 98 207 222 28 9 37 232 41 109 186 31 225 200 210 231 167 5 162 94 252 212 244 192 139 251 51 255 197 2 166 232 123 47 147 31 44 81 0 111 126 158 137 97 250 224 223 22 27 74 98 255 70 32 236 41 8 21 127 174 116 123 0 181 42 240 113 225 1 34 84 191 160 244 53 172 149 111 192 102 147 40 180 170 204 156 94 200 23 160 177 25 170 110 243 161 184 48 149 88 233 22 199 162 9 19 127 145 208 150 186 150 222 168 62 49 118 251 52 232 69 52 231 
88 211 15 95 157 113 239 254 140 98 128 100 59 81 34 195 229 253 186 32 196 97 49 197 68 216 98 71 133 5 238 175 168 48 224 216 102 194 186 153 249 4 89 239 106 150 213 134 158 30 197 110 60 117 247 12 77 67 120 76 122 143 193 143 144 92 198 236 196 221 1 105 102 121 156 253 177 79 4 136 227 210 70 202 226 87 139 151 219 33 9 201 220 97 135 84 191 1 128 186 171 32 54 252 179 157 238 200 88 49 9 15 200 29 149 200 48 82 153 73 15 154 231 113 19 115 112 49 
149 10 153 114 89 26 178 125 241 188 63 217 142 110 232 55 243 190 39 157 199 90 172 66 3 188 186 182 54 248 143 30 210 126 41 161 114 194 109 147 131 201 63 228 200 18 28 16 156 88 21 11 112 84 225 18 51 100 38 143 124 136 215 201 239 251 16 120 169 29 217 54 247 43 152 5 129 233 76 222 193 115 242 49 114 179 137 192 99 206 94 182 132 244 77 16 45 121 128 134 13 50 71 136 116 124 210 249 77 50 34 252 238 138 228 134 84 59 188 243 162 177 162 252 249 19 34 104 
179 247 29 159 231 252 84 241 131 180 233 218 6 160 213 104 39 38 49 54 102 39 4 162 137 88 182 76 48 99 153 237 172 30 67 203 224 193 162 194 90 148 11 170 71 179 45 135 0 240 164 57 218 238 80 147 90 102 106 71 179 58 35 167 45 107 121 21 241 44 115 28 80 66 199 225 12 226 155 214 161 83 1 115 101 78 33 3 19 217 220 10 82 15 238 165 167 171 42 8 137 252 43 26 251 255 130 37 32 236 148 124 167 220 194 172 162 151 227 50 182 32 129 254 72 68 46 69 
15 221 163 80 63 105 129 177 56 70 162 96 14 50 63 186 252 94 171 46 144 162 248 186 77 174 166 220 223 7 84 132 43 110 221 103 33 190 167 15 104 237 115 175 175 252 17 39 202 183 118 237 128 171 164 37 44 186 142 175 252 160 152 170 215 202 34 198 189 29 22 151 196 15 71 207 164 194 172 65 19 240 197 186 218 21 15 180 138 116 191 21 242 186 244 172 91 73 63 7 67 24 80 170 152 158 35 112 56 108 212 172 32 203 201 238 238 82 130 141 224 137 33 83 232 76 43 138 
48 29 46 150 178 169 115 10 124 23 220 181 189 236 77 202 74 35 225 150 76 230 200 47 209 229 74 143 132 175 74 46 166 89 253 181 5 89 233 123 189 113 68 242 249 190 1 51 3 131 63 97 25 44 75 23 62 86 139 229 145 173 190 229 192 87 51 59 87 13 90 232 202 130 7 84 250 150 19 30 209 6 186 160 98 197 207 254 44 104 227 137 2 91 57 221 112 12 29 193 93 42 153 231 116 124 56 142 229 158 86 214 25 35 235 40 198 203 183 119 70 75 68 139 123 11 125 128 
177 165 34 172 60 128 231 223 175 68 94 63 59 133 130 221 87 223 42 16 189 174 231 182 60 153 246 141 107 82 92 206 130 229 178 39 218 67 166 161 8 49 209 146 173 126 214 30 64 76 192 37 195 162 214 253 83 21 190 33 81 154 165 144 220 98 79 206 141 175 133 215 71 219 104 63 216 229 110 8 56 36 83 226 147 133 122 47 124 69 37 124 75 91 43 70 50 8 108 200 132 62 178 65 5 240 238 252 9 117 63 217 34 15 193 42 55 21 73 228 53 142 155 76 27 196 162 214 
173 31 139 117 57 199 237 14 106 119 212 21 5 208 14 221 232 204 10 155 52 49 57 73 17 126 198 116 208 254 88 208 100 88 160 254 255 237 169 6 193 154 111 216 152 100 194 113 7 69 31 31 255 149 51 174 36 155 251 8 105 52 144 22 90 122 129 139 234 165 237 114 108 97 253 156 45 75 28 82 202 33 246 14 139 61 15 24 245 75 61 17 178 186 201 62 81 162 197 6 67 8 200 228 242 6 72 136 4 8 60 65 161 214 205 230 121 42 111 153 254 216 74 179 152 233 5 184 
168 72 148 56 213 225 21 149 197 11 45 74 32 215 179 129 189 233 13 195 150 199 17 123 238 96 233 64 211 161 185 84 102 20 84 192 215 252 95 209 97 241 133 200 80 219 104 123 129 71 44 35 167 81 126 58 86 198 137 194 28 241 159 167 150 209 46 59 185 52 30 218 49 56 75 107 44 136 101 183 196 139 205 152 21 222 19 19 193 204 224 41 130 158 218 128 145 161 186 64 61 240 238 152 79 178 57 130 2 21 101 53 250 133 19 162 168 156 185 137 118 132 32 56 201 101 135 124 
149 215 38 80 5 118 1 162 228 249 203 11 100 176 54 137 15 115 10 247 30 116 172 89 85 72 190 165 213 153 23 115 14 109 49 201 234 249 74 68 199 13 150 97 28 131 2 152 137 94 117 0 9 112 137 182 99 175 229 18 70 184 224 60 217 87 90 95 247 199 212 102 188 48 66 122 207 99 216 51 111 19 39 29 202 143 159 30 99 49 75 108 92 236 184 205 95 12 45 192 102 144 141 200 37 223 168 220 34 195 98 11 254 199 167 119 56 24 229 144 202 110 251 190 107 203 190 115 
196 201 80 26 82 171 250 222 157 237 203 233 42 207 178 177 133 153 69 66 59 73 97 92 171 250 143 246 99 230 143 146 193 175 146 245 112 36 213 13 149 220 226 163 114 29 219 72 128 29 247 162 94 144 32 192 162 89 189 45 59 26 52 159 96 61 240 239 96 218 40 163 8 11 244 245 69 155 218 20 92 229 196 255 191 63 114 30 217 20 198 175 164 187 113 115 100 122 123 85 58 57 114 126 22 203 183 226 161 218 171 33 211 107 208 98 151 76 18 204 211 141 213 13 138 248 221 28 
248 20 128 163 168 23 90 159 124 55 85 84 44 222 209 202 50 152 173 16 28 157 48 5 38 205 1 209 14 195 162 187 1 144 187 252 137 78 188 58 168 186 160 220 176 86 138 10 182 239 60 89 52 27 91 72 192 94 114 229 237 199 201 251 95 237 166 223 213 162 46 13 43 216 140 207 206 209 2 163 224 178 85 243 235 241 28 4 7 153 155 156 165 25 142 13 209 121 205 107 42 65 142 106 178 243 125 34 80 101 244 251 179 186 24 76 8 125 122 15 3 176 235 139 54 163 77 104 
11 229 235 45 201 82 7 88 110 222 28 10 140 183 68 69 172 192 43 48 229 230 70 34 236 194 238 250 139 232 84 207 210 62 84 146 23 71 132 37 73 128 229 221 37 91 213 53 208 85 132 69 82 148 168 128 176 96 128 110 134 127 222 2 66 6 234 122 233 223 167 100 51 39 228 128 106 30 109 165 3 83 123 205 227 151 188 200 177 234 222 138 244 51 180 255 163 137 129 175 54 111 174 80 180 202 255 163 96 164 161 95 139 176 231 145 17 206 104 57 130 199 173 203 156 47 167 230 
163 38 0 155 37 108 161 166 251 79 252 162 65 37 106 207 197 74 84 150 174 245 206 202 123 26 246 34 85 169 25 184 134 219 1 18 228 70 235 84 193 41 113 20 61 36 164 48 210 234 6 92 137 41 123 140 56 176 40 240 157 175 164 180 44 213 253 155 33 65 18 112 69 215 248 4 220 75 83 99 108 200 90 234 85 56 143 106 107 148 218 6 58 221 20 135 231 53 172 67 53 239 142 99 118 164 6 138 75 180 215 253 55 221 0 69 154 85 97 142 120 8 222 33 203 253 211 143 
68 218 180 47 242 127 236 113 164 94 110 183 113 105 78 113 214 173 126 190 52 16 94 58 49 220 20 172 200 199 233 249 201 208 128 24 217 104 243 106 101 139 187 136 203 85 141 243 49 44 25 180 93 39 206 175 188 51 37 32 171 109 38 40 145 148 129 23 70 61 141 85 165 220 251 30 17 36 80 91 80 87 141 158 83 157 22 165 45 15 18 152 46 42 242 153 162 234 18 108 239 36 61 56 136 22 240 117 159 199 224 219 81 14 170 199 107 63 76 189 234 175 94 181 185 84 233 58 
96 68 193 96 148 226 245 96 152 25 185 50 66 59 5 75 227 54 48 249 248 76 224 137 23 16 241 224 6 169 157 117 202 20 140 109 32 33 120 213 244 249 31 197 217 74 6 157 241 125 149 137 100 41 101 97 127 240 162 232 189 42 23 211 32 32 165 103 169 174 98 72 22 130 68 141 10 53 167 115 7 249 92 207 58 253 141 75 184 120 112 11 148 38 114 231 201 232 84 148 155 40 160 229 55 253 112 131 185 157 57 249 240 142 210 230 236 44 180 22 203 42 221 73 79 98 38 210 
88 152 54 187 49 114 3 124 251 132 229 93 53 191 226 90 172 233 180 25 105 64 244 111 103 64 145 171 47 15 176 155 56 253 115 196 141 232 200 218 120 123 20 3 141 188 28 139 36 35 140 154 253 248 242 129 133 120 104 69 166 206 144 186 19 158 145 51 22 92 182 176 182 1 53 89 238 185 178 188 105 247 56 109 17 109 148 115 8 182 222 39 89 233 215 86 52 213 24 109 252 71 242 16 192 202 110 252 169 90 200 49 70 249 130 193 78 184 154 20 223 112 218 240 36 189 227 117 
212 90 104 23 113 108 69 113 106 172 244 146 244 91 233 180 94 28 237 249 191 222 90 77 15 250 79 177 146 146 15 240 136 68 89 48 138 159 84 79 46 223 245 54 64 130 187 74 87 36 196 137 61 139 38 161 231 62 228 17 232 52 146 28 187 54 18 186 184 244 238 102 24 188 137 51 209 112 29 212 109 140 207 125 68 202 122 12 180 237 148 110 127 217 194 208 94 198 132 229 158 54 104 179 127 91 146 47 72 112 40 66 255 172 205 165 18 118 49 130 138 127 169 119 253 251 12 14 
64 35 254 244 24 232 129 146 136 236 133 173 225 171 178 51 9 156 47 17 222 113 51 154 175 116 8 217 222 184 217 174 44 207 118 201 174 12 162 56 130 254 137 96 27 166 98 22 2 213 245 223 67 245 224 23 46 61 219 124 205 71 9 60 113 93 157 111 211 19 10 40 173 234 32 76 67 127 48 92 201 40 254 242 228 102 123 53 231 182 164 155 154 210 190 6 30 137 56 61 146 193 33 213 203 56 183 30 138 16 28 142 159 123 17 109 169 39 193 94 89 98 181 251 59 106 221 66 
39 123 87 124 35 66 235 124 48 178 96 121 197 9 160 197 44 102 177 46 17 144 115 14 194 19 225 39 35 46 57 247 217 33 139 35 143 73 247 30 215 223 165 30 127 84 122 207 145 106 8 2 69 71 174 9 183 158 217 28 50 43 230 170 196 55 194 44 151 243 42 81 180 102 192 78 225 48 53 22 100 166 117 46 143 194 252 51 97 133 212 73 108 20 0 254 124 123 157 128 220 254 229 238 96 142 240 92 202 133 105 179 103 205 157 200 76 96 20 136 31 111 27 83 14 192 27 117 
213 76 229 12 249 46 254 63 245 92 15 174 223 55 23 79 86 71 236 133 205 45 246 156 114 49 108 94 65 129 216 87 210 125 225 215 157 211 48 186 80 245 180 207 140 146 235 185 128 48 217 188 142 142 189 69 159 151 250 228 146 64 162 160 211 144 57 99 18 39 184 52 89 54 57 127 89 226 137 190 1 5 227 122 49 244 62 42 152 81 30 186 190 99 200 48 209 24 217 105 209 228 61 235 196 77 239 43 50 140 150 148 17 43 255 243 41 90 3 62 1 189 194 106 77 40 93 200 
0 0 24 226 81 86 213 24 141 198 80 216 214 217 234 115 119 167 95 54 10 206 48 115 81 253 203 238 173 176 105 94 254 1 204 113 108 233 150 245 33 242 144 177 135 102 16 224 218 246 12 37 215 66 236 15 127 29 135 89 65 56 245 140 185 184 242 213 167 53 89 103 211 57 86 16 66 118 196 65 90 46 60 226 163 2 1 89 160 10 98 183 242 228 108 196 21 0 224 185 14 2 30 145 191 6 204 202 68 85 246 41 190 209 129 91 63 175 84 174 115 190 45 230 155 95 230 70 
29 65 59 251 227 149 93 240 198 166 34 194 118 29 32 98 14 128 196 152 92 240 63 141 20 154 29 207 194 74 254 161 240 168 109 105 63 183 210 89 47 90 167 172 66 222 24 210 192 53 119 243 126 78 220 110 96 111 184 191 83 39 127 18 12 235 151 251 107 224 90 219 57 118 99 169 112 125 29 37 113 109 50 31 159 207 252 170 43 42 20 187 225 140 100 50 99 88 58 148 5 191 155 205 49 222 169 221 35 232 219 29 23 241 224 219 186 127 20 161 234 162 94 9 202 18 33 50 
180 82 76 22 113 149 134 84 34 205 161 75 26 219 173 35 149 182 206 28 109 163 201 254 49 48 41 14 173 243 113 159 254 35 115 107 124 1 198 195 92 24 158 48 47 201 149 190 39 13 30 255 6 40 106 24 255 210 219 226 178 224 109 18 131 75 99 230 142 9 139 205 143 89 242 191 129 198 196 86 43 176 124 33 115 76 9 154 236 175 224 85 48 127 240 8 184 213 148 119 249 227 216 45 176 127 205 166 165 63 78 202 85 24 105 53 13 18 20 64 104 222 87 119 215 244 27 27 
229 36 93 12 149 125 18 41 116 82 224 100 215 123 101 95 54 162 2 72 10 71 230 117 91 122 115 254 224 82 250 34 62 205 111 62 125 208 201 124 242 35 136 87 17 92 64 175 187 135 96 196 82 245 21 107 116 253 112 152 186 248 40 2 46 79 75 128 38 242 200 94 64 58 118 85 41 197 112 170 56 229 214 187 184 234 135 247 93 39 223 188 85 125 96 89 173 153 132 81 250 134 66 75 218 31 99 233 115 146 144 1 179 226 112 29 59 212 130 156 16 232 136 67 3 200 91 108 
122 168 12 17 107 195 69 26 210 79 41 216 111 210 154 206 255 120 28 11 181 240 217 179 47 248 48 83 76 14 192 122 236 249 149 175 50 188 27 209 205 22 55 160 120 168 97 120 210 185 246 198 233 40 51 42 227 57 245 84 31 33 205 10 175 102 134 106 123 244 162 140 84 73 178 82 225 34 202 62 109 141 200 166 239 32 198 195 66 229 175 66 90 218 4 119 245 103 205 19 253 15 198 29 109 30 79 67 50 61 60 233 253 47 171 220 134 188 127 128 128 163 65 109 87 166 120 6 
83 69 86 198 146 14 198 187 151 17 194 49 84 8 83 125 172 98 101 215 87 81 103 92 206 119 57 32 227 237 141 210 17 197 69 65 227 41 145 200 80 197 157 141 32 11 232 86 21 122 242 141 156 22 27 43 166 21 65 102 208 111 49 136 223 166 120 142 137 185 15 141 207 83 61 188 83 162 97 219 138 168 162 73 234 79 219 39 151 160 190 159 224 158 118 99 124 224 43 177 219 101 11 249 42 119 60 138 164 147 107 184 188 24 66 86 146 120 179 152 127 160 0 149 199 214 108 102 
101 173 222 103 86 238 232 14 17 199 51 138 211 236 118 10 88 237 136 252 78 74 142 22 167 20 199 174 84 145 184 89 244 202 119 76 17 11 190 4 52 255 66 30 26 211 63 199 219 130 26 49 156 72 45 82 163 20 64 92 211 139 41 122 230 52 6 76 81 16 111 121 85 129 254 1 71 252 40 65 82 113 79 1 224 154 30 127 4 56 113 27 80 84 169 187 166 191 82 146 144 5 54 95 193 139 117 94 248 108 138 247 81 39 178 149 255 155 174 63 126 55 152 129 220 153 109 175 
137 254 214 172 103 90 175 122 230 91 79 21 94 118 50 233 144 33 213 82 78 85 93 233 6 142 245 0 170 57 247 43 217 4 31 121 106 49 31 127 50 194 1 21 250 189 205 227 159 15 95 182 101 38 79 90 145 192 194 237 154 114 189 37 94 137 118 200 55 16 30 186 63 134 198 206 142 84 86 175 202 48 13 66 248 254 63 20 34 75 112 170 48 130 220 238 17 181 39 178 115 222 100 58 60 112 255 194 233 219 47 222 204 43 170 253 209 242 67 166 48 7 50 178 240 80 89 79 
212 79 0 170 19 87 69 234 179 209 174 244 148 139 9 210 58 247 41 172 144 212 25 182 196 161 200 237 219 68 246 197 45 237 159 202 124 103 44 148 212 97 29 7 198 208 39 135 147 64 30 60 26 92 80 229 244 85 4 161 19 121 86 8 51 1 45 205 37 118 144 192 27 145 214 83 70 232 15 106 8 20 70 171 253 179 12 181 177 226 201 95 42 35 176 37 158 198 82 69 93 59 130 241 138 75 72 69 199 141 19 94 202 255 35 208 235 138 95 52 236 21 252 14 169 128 225 4 
187 163 80 147 225 7 29 179 186 186 145 94 52 12 86 129 236 60 45 130 207 114 7 140 6 102 137 72 16 209 209 130 156 206 52 32 147 228 8 228 4 152 98 243 204 12 234 73 62 175 9 59 158 90 106 145 114 249 61 55 45 30 166 111 223 11 247 120 143 2 63 154 187 40 246 250 234 192 200 162 210 32 71 32 128 95 239 78 173 103 13 214 12 57 140 214 249 188 88 108 6 49 43 110 83 243 224 9 140 174 19 83 253 123 108 183 127 150 170 111 137 21 81 57 219 135 121 99 
103 168 77 151 217 99 64 33 243 118 127 62 78 112 9 153 46 188 180 179 157 56 254 73 61 87 93 36 238 154 81 46 197 187 220 225 146 247 195 66 183 111 147 44 215 156 201 247 103 208 153 32 238 92 9 76 166 215 234 74 133 235 179 153 39 159 169 52 247 74 218 67 157 36 34 194 17 95 37 230 99 133 236 71 82 213 77 114 206 130 113 66 248 38 48 227 33 253 95 200 44 213 197 85 241 70 56 151 45 148 65 33 254 114 210 148 227 65 6 160 252 5 8 142 190 60 130 90 
49 85 81 155 56 17 140 40 245 94 118 189 61 154 74 35 143 32 40 10 73 206 146 73 184 184 137 128 81 182 48 114 89 205 126 203 201 159 209 151 213 44 31 232 170 94 109 185 205 105 31 186 146 104 140 3 78 156 75 201 176 19 236 123 230 8 125 103 113 233 217 79 146 208 184 79 229 7 254 168 219 215 123 79 205 51 148 123 72 212 245 52 201 197 59 225 116 183 101 71 50 211 104 232 108 180 89 253 82 115 224 157 15 189 140 135 197 144 252 52 192 36 174 192 47 30 174 151 
154 185 185 79 216 77 232 215 248 114 150 127 81 28 159 88 15 216 78 78 148 232 223 96 68 200 216 218 101 110 8 64 237 33 121 98 67 245 194 181 231 63 253 214 174 215 117 48 124 28 101 98 69 21 217 15 45 129 149 210 147 40 252 10 164 102 37 194 41 200 134 193 167 151 205 247 32 99 2 141 231 111 251 206 226 2 25 212 154 214 106 142 161 26 182 13 98 171 153 245 252 115 152 100 143 108 89 182 5 47 51 16 166 252 132 119 179 172 215 88 136 166 219 224 117 167 210 211 
194 178 76 223 110 133 251 33 9 249 131 243 134 120 204 187 52 168 103 63 138 136 226 110 2 209 61 143 194 156 12 179 184 188 139 177 143 95 95 115 51 241 246 53 208 71 255 227 221 153 246 24 254 129 95 6 97 20 96 115 206 176 186 250 227 54 145 24 0 72 178 221 50 78 161 100 120 222 165 192 44 127 200 79 129 219 9 46 102 73 138 41 252 152 37 52 220 226 97 240 66 218 43 184 225 74 244 110 182 125 99 249 216 241 27 53 62 51 197 194 217 198 127 203 86 14 4 41 
178 55 96 112 243 141 68 204 133 218 252 110 43 213 82 27 80 39 225 7 209 17 140 251 27 153 254 209 26 6 215 27 121 134 142 218 25 147 176 203 157 186 76 254 245 235 84 174 72 125 49 154 191 251 38 110 206 12 229 29 78 174 169 151 195 53 54 231 70 121 26 59 9 250 74 117 94 97 18 127 255 42 168 209 6 211 101 139 221 64 206 123 125 138 242 242 210 63 79 156 30 180 152 87 192 249 233 208 240 42 3 138 133 53 144 199 242 238 80 127 235 22 94 51 80 34 218 165 
65 99 109 34 31 223 179 72 72 203 57 220 151 115 67 252 84 130 238 230 177 17 151 155 167 221 30 212 222 161 121 213 26 238 169 166 80 142 189 243 47 108 159 14 213 219 110 166 123 25 17 59 164 20 39 180 111 86 15 70 228 92 4 205 203 60 130 159 66 253 212 135 122 11 125 200 165 222 111 187 182 16 55 163 31 214 161 232 156 218 131 242 230 55 67 251 91 19 13 157 80 208 160 110 112 38 11 118 220 181 189 0 106 226 39 33 79 169 224 154 103 28 44 216 110 196 71 63 
70 65 213 87 221 247 161 167 80 34 215 176 85 169 154 57 226 123 53 105 160 136 10 5 30 194 142 53 186 136 142 15 155 37 50 98 31 236 30 254 140 177 43 241 62 9 137 184 36 233 11 10 103 80 102 171 223 25 5 177 40 64 47 135 58 176 92 245 248 203 31 87 183 20 159 241 11 138 199 91 22 73 53 77 206 106 21 106 47 63 123 102 118 255 73 133 70 143 127 121 46 106 77 70 120 81 170 227 255 16 28 227 117 29 121 157 103 229 153 80 124 78 133 123 82 101 251 155 
209 160 119 5 167 227 45 131 76 95 7 227 128 158 81 234 72 166 91 51 176 14 86 246 111 180 67 208 198 69 25 133 150 142 36 34 247 93 216 32 231 180 219 186 157 126 85 189 152 216 202 175 20 63 193 121 91 122 114 56 176 63 193 246 26 1 128 220 253 52 245 69 138 200 205 190 211 170 106 156 80 217 172 90 167 119 109 46 233 241 6 33 240 43 211 19 205 40 232 248 166 208 207 41 185 241 172 33 124 103 56 171 155 220 112 197 1 207 8 240 173 27 115 238 241 143 244 155 
44 95 182 242 69 241 121 240 100 46 150 215 28 0 85 160 246 55 85 214 187 188 126 122 43 21 12 113 223 131 96 190 219 195 212 56 129 243 209 87 116 153 131 111 67 199 71 62 14 237 3 197 71 141 86 48 169 215 250 107 31 99 149 52 15 200 130 13 104 90 161 72 89 180 166 153 7 136 168 44 188 201 140 201 241 135 228 106 38 47 150 234 235 244 129 190 232 29 159 206 6 133 242 12 138 132 169 159 251 238 204 100 163 136 250 98 234 32 48 60 151 69 70 100 69 131 255 202 
202 165 214 13 96 160 111 53 103 108 209 41 180 115 21 168 23 49 31 136 95 106 16 145 102 144 76 83 59 90 72 54 71 58 230 78 122 133 190 41 71 111 231 245 122 1 209 71 213 164 227 50 61 1 50 99 233 200 179 210 147 227 111 12 250 217 27 88 178 248 148 31 147 8 70 198 58 101 105 89 48 140 199 79 63 28 167 129 214 231 2 70 163 13 212 103 45 207 52 7 147 125 74 22 58 20 88 236 235 166 33 182 138 92 113 144 30 137 76 183 214 52 132 99 157 60 15 186 
65 133 206 45 200 215 65 241 237 203 142 252 151 188 212 195 234 184 241 75 138 66 146 29 184 147 132 80 135 207 74 209 131 15 185 202 150 94 84 169 188 115 38 133 146 96 213 160 216 26 219 186 80 35 150 24 3 29 154 232 41 150 65 0 145 70 126 197 204 40 247 245 159 49 252 191 119 198 34 133 52 89 68 149 55 47 16 157 168 51 8 225 192 51 72 124 83 20 44 202 190 183 31 216 174 131 0 79 188 126 74 223 130 17 209 196 54 158 173 12 131 33 226 234 96 161 206 136 
76 179 99 39 80 235 8 204 100 216 194 57 140 143 148 45 151 10 204 108 159 88 190 35 177 48 253 101 13 166 155 118 11 242 28 189 228 65 6 121 176 4 195 214 151 41 248 120 23 236 203 197 132 17 48 102 162 232 126 137 12 224 124 25 82 58 23 9 141 171 237 70 220 173 148 234 170 254 160 239 146 220 177 74 157 159 150 201 212 209 109 221 212 199 48 238 147 45 219 169 109 213 91 151 229 230 193 102 19 148 160 93 26 182 241 185 146 248 126 81 3 93 231 3 146 214 6 139 
2 209 195 54 172 192 208 159 81 99 236 117 15 55 65 22 204 14 21 100 34 236 180 170 230 28 122 148 159 193 146 111 226 247 50 216 29 18 33 22 182 105 116 35 32 93 55 54 240 62 199 190 197 75 2 96 191 172 216 167 127 216 219 183 217 91 10 109 85 46 58 226 202 175 31 193 83 145 194 56 238 186 6 191 240 223 92 10 194 81 17 64 210 246 242 137 20 49 131 146 88 11 11 24 71 186 15 222 235 66 17 89 225 108 38 202 140 130 220 40 16 226 71 193 182 244 193 8 
231 124 236 150 178 107 101 207 142 129 137 40 150 29 254 98 10 35 224 112 125 170 40 191 93 61 126 169 22 175 130 201 141 141 125 23 214 0 216 88 108 170 29 49 150 242 112 153 127 94 163 72 145 168 219 143 227 49 161 26 92 47 125 8 145 129 187 98 128 123 142 135 95 88 175 105 213 104 96 250 111 111 120 36 242 139 128 23 233 80 206 193 25 103 97 156 218 166 217 178 14 73 166 255 118 238 94 171 39 159 137 113 238 38 241 33 229 73 177 135 176 40 111 248 172 21 238 229 
58 208 115 191 80 192 246 67 29 232 185 64 174 78 123 104 4 217 69 15 163 197 129 199 134 100 39 67 160 2 146 120 25 120 218 19 9 146 197 145 33 69 121 54 119 103 60 218 79 13 3 45 85 21 79 205 219 91 48 5 118 125 179 154 153 133 247 220 2 163 136 178 66 166 245 200 46 211 52 151 188 81 251 105 200 230 209 50 193 239 164 177 214 205 61 164 69 196 166 192 41 154 67 48 85 130 230 29 149 145 202 101 104 232 113 164 190 62 118 36 85 212 209 252 175 115 173 184 
62 182 202 35 222 1 195 224 1 45 95 163 247 54 24 50 38 167 71 138 131 68 77 253 136 199 66 104 154 30 210 126 201 186 35 233 41 118 142 197 162 44 7 124 8 59 13 126 91 210 176 86 33 81 215 19 207 165 83 11 213 241 97 187 45 131 61 97 120 228 6 27 133 50 61 255 46 153 232 26 254 30 116 81 63 37 174 119 1 235 71 30 82 146 243 191 53 43 186 98 119 234 220 253 170 186 226 196 119 72 10 151 255 51 39 206 137 11 141 18 254 214 48 190 114 142 97 126 
105 119 45 235 149 119 10 188 104 33 169 226 63 60 228 99 96 234 102 182 232 98 181 209 99 144 199 40 145 199 29 190 12 208 204 49 128 113 222 18 247 202 107 51 0 129 221 17 141 108 178 33 135 238 32 74 77 32 108 55 227 229 231 69 35 123 34 107 85 223 119 233 169 78 100 225 179 63 156 237 192 2 32 64 113 61 39 29 119 14 44 229 77 218 75 206 107 100 72 182 32 91 63 116 161 130 152 11 83 212 106 123 218 189 7 250 64 187 145 129 238 194 116 86 68 34 193 53 
187 111 152 242 217 207 205 184 228 239 152 243 134 25 147 226 46 47 186 21 214 187 56 133 135 230 219 5 106 48 30 38 75 119 11 108 5 182 159 214 167 27 53 191 16 7 33 253 86 214 46 89 214 40 119 76 222 239 73 134 251 135 210 36 102 122 49 183 199 237 148 75 177 16 22 14 219 19 148 49 25 52 3 53 231 153 183 220 188 3 138 230 3 219 96 207 21 144 234 57 122 102 71 77 244 42 51 174 6 28 242 255 33 208 95 64 110 31 72 218 253 7 140 93 72 182 144 204 
163 244 113 180 148 35 80 170 152 82 230 240 213 191 224 118 152 23 248 255 75 67 51 108 33 6 13 142 54 251 172 89 182 24 145 201 160 154 73 79 127 47 152 159 131 141 179 187 163 7 70 250 170 224 1 43 41 131 151 193 187 46 101 15 90 153 60 133 167 242 149 89 39 59 232 120 167 95 145 24 23 91 1 44 117 185 110 112 4 223 184 70 237 194 38 253 110 78 131 5 18 251 60 92 151 213 158 141 85 248 80 147 138 201 224 209 208 114 128 222 54 255 86 235 68 160 179 160 
133 146 215 217 245 204 21 112 32 170 6 81 160 228 215 117 183 80 110 178 30 108 54 74 199 25 198 121 105 53 98 183 246 212 11 35 83 29 123 223 221 5 104 162 5 64 98 2 189 169 125 227 243 254 137 75 236 199 63 139 170 254 140 6 211 45 220 84 26 82 141 11 167 219 252 230 53 179 48 7 214 39 129 157 109 70 246 42 109 148 104 91 47 164 46 227 65 109 194 137 179 40 195 6 104 171 36 21 15 35 60 21 98 251 119 17 20 30 25 206 160 95 224 100 86 169 142 117 
61 49 99 50 138 212 131 33 212 126 118 61 2 234 255 156 207 90 229 125 82 200 127 126 38 76 63 182 248 71 134 150 194 216 175 84 44 215 88 203 124 138 206 85 250 149 46 133 65 41 238 87 135 24 46 96 189 94 188 22 42 146 216 73 15 101 183 86 186 84 130 158 103 92 26 178 40 219 22 246 191 113 127 35 228 23 203 171 185 133 127 29 23 161 126 244 138 189 105 144 211 250 14 58 179 39 147 7 214 158 102 169 240 251 47 65 123 133 118 250 208 43 3 219 238 193 86 38 
177 29 246 62 3 1 63 10 190 240 63 233 71 113 106 75 105 37 250 11 5 86 194 166 188 154 250 183 240 43 129 41 53 37 158 212 151 103 249 157 40 146 42 24 202 43 113 143 189 53 154 212 124 104 144 92 11 46 215 112 116 133 192 96 182 218 92 106 215 40 189 102 135 88 57 222 199 202 132 153 110 197 25 211 78 98 225 88 164 211 174 207 73 23 153 158 138 129 65 102 198 157 36 170 147 251 245 29 25 232 21 42 141 46 170 20 70 204 54 96 180 105 223 209 192 151 189 55 
90 182 193 68 56 171 33 77 114 142 220 64 37 25 212 162 47 51 106 134 33 84 197 72 213 194 87 188 110 86 230 143 197 176 106 95 22 79 0 251 2 5 187 66 95 207 108 142 52 72 152 94 113 245 189 53 195 165 92 3 194 233 78 92 238 179 137 209 191 119 248 30 1 214 107 174 50 99 91 119 107 251 143 139 43 34 55 57 250 184 53 207 76 175 3 93 170 58 3 190 34 38 157 23 132 143 67 23 167 209 243 191 20 187 186 74 222 42 251 228 5 71 239 120 209 2 114 219 
36 100 201 40 5 145 115 148 224 69 124 127 198 116 54 130 170 145 26 16 188 93 78 105 36 64 32 198 174 216 187 242 176 4 39 224 212 43 163 248 58 143 247 88 61 51 192 89 102 104 80 105 179 97 28 211 209 105 23 137 203 228 251 152 237 176 238 110 63 154 150 164 155 69 203 112 219 24 223 225 164 38 133 164 31 239 214 30 146 90 179 70 173 215 165 212 228 193 146 40 14 237 253 177 112 116 5 144 82 243 132 34 252 46 82 135 117 190 167 194 106 129 221 227 164 23 142 2 
42 56 103 62 111 139 91 191 181 24 116 239 180 214 234 24 187 13 164 79 87 139 89 20 23 237 226 106 144 82 138 81 66 218 221 229 151 130 153 9 208 43 87 66 22 154 10 187 67 127 160 65 151 56 2 72 23 85 95 22 13 192 131 96 137 252 13 5 143 247 205 67 33 199 241 111 95 180 222 173 223 41 202 48 143 163 171 194 133 95 31 145 44 142 219 193 88 15 87 48 162 91 226 170 129 229 204 125 36 123 95 19 219 58 208 10 49 110 217 119 19 107 244 3 3 20 246 69 
145 201 72 228 238 83 1 113 168 236 40 151 72 219 216 203 102 105 101 136 112 77 140 96 105 65 117 210 127 58 175 204 212 115 243 248 21 127 250 211 254 123 156 6 228 244 132 104 122 81 88 41 168 198 31 214 210 237 122 170 214 43 190 125 177 43 53 74 121 168 23 129 82 102 241 200 182 84 83 182 194 157 242 126 197 248 103 32 17 11 194 48 71 17 13 22 231 83 152 220 94 27 200 130 57 132 184 81 92 248 173 220 70 5 136 88 48 150 11 3 130 244 243 131 182 22 92 250 
88 86 29 233 128 97 23 12 31 18 238 139 125 120 251 219 103 86 218 13 135 229 141 242 105 248 125 152 142 50 164 254 36 103 197 246 24 170 62 107 167 173 225 208 203 34 55 25 180 161 144 216 28 3 134 98 9 197 3 209 138 178 64 165 253 147 79 225 165 11 40 125 117 79 181 86 105 213 114 211 194 36 28 176 94 211 227 140 147 224 137 71 196 19 249 90 149 97 232 196 167 5 56 32 191 103 7 139 114 5 70 151 10 227 230 170 81 222 220 253 28 122 242 82 9 137 218 194 
77 125 98 224 178 0 142 197 149 56 192 69 106 60 19 236 196 139 125 127 66 64 34 184 133 188 164 217 253 134 44 158 34 170 242 108 160 165 125 193 187 95 120 174 138 32 118 92 54 237 149 103 90 48 140 234 63 4 46 164 192 155 164 177 26 200 142 201 2 101 49 15 215 80 66 149 238 180 53 79 135 239 151 239 6 65 186 204 67 61 63 174 239 254 37 222 237 55 215 108 212 131 210 216 245 58 133 168 123 60 151 189 164 242 245 182 4 214 101 216 124 147 145 239 128 225 46 90 
202 255 102 73 139 153 254 104 133 90 31 151 182 63 182 223 75 176 109 24 100 38 151 201 118 65 235 12 149 10 158 193 176 146 23 196 107 85 222 238 65 213 178 38 72 101 23 45 157 35 70 17 209 251 11 94 249 244 42 30 39 185 149 255 26 238 93 139 152 26 69 205 9 117 122 145 40 110 223 139 113 41 147 88 153 3 180 174 114 203 90 125 39 16 143 146 22 178 105 194 174 91 114 168 233 134 82 96 53 245 52 174 208 122 74 216 42 18 222 18 158 162 97 171 126 169 211 253 
144 94 184 158 230 23 65 122 123 126 132 113 206 252 140 77 26 95 251 53 213 166 142 254 133 136 225 171 205 6 118 128 5 250 201 239 138 104 62 242 125 63 216 152 249 236 23 22 0 8 58 242 157 83 196 122 187 158 65 61 54 3 34 175 247 35 129 103 55 150 23 159 162 135 4 23 236 23 24 196 178 146 99 97 78 157 89 222 213 82 78 226 119 12 9 204 193 196 217 32 30 76 198 213 184 150 239 179 210 152 15 68 107 238 37 206 183 87 59 75 131 92 255 72 26 93 147 133 
135 171 15 40 33 85 198 177 24 57 12 14 225 76 15 155 226 64 170 148 9 130 217 68 46 196 91 55 130 124 180 42 98 79 119 182 96 126 2 11 174 202 136 46 203 241 92 87 233 39 146 214 167 252 47 59 220 6 81 63 161 88 237 148 49 196 121 226 90 122 214 83 169 55 13 195 2 70 240 179 107 146 186 75 46 12 14 141 38 13 108 13 38 95 3 234 135 42 250 205 118 229 141 85 144 94 156 60 112 172 238 241 228 192 32 175 179 223 16 54 96 122 253 14 219 5 136 54 
188 113 169 91 218 95 21 97 116 120 218 27 212 255 153 54 148 224 215 64 184 95 51 55 88 129 217 144 85 23 57 140 31 162 18 105 16 217 210 71 15 219 93 37 178 228 1 117 203 194 117 252 86 241 108 78 200 59 100 197 70 42 145 249 120 135 12 133 80 185 254 9 2 211 117 195 36 157 144 192 113 242 253 229 4 69 225 129 101 119 121 74 36 123 145 243 82 92 72 189 150 144 161 99 165 152 125 11 133 83 132 14 22 197 42 57 154 85 209 39 137 76 145 231 229 27 107 33 
215 8 136 153 27 41 13 170 97 182 13 83 243 96 170 180 103 9 170 125 14 167 36 30 236 190 215 11 245 24 147 20 178 70 209 55 100 46 24 249 221 47 104 217 191 166 198 151 161 162 63 183 114 192 117 103 79 108 196 230 138 193 140 226 249 35 128 132 250 102 219 211 118 81 142 94 102 175 20 43 57 239 99 79 44 203 38 120 212 31 48 149 170 139 161 191 99 150 126 29 90 107 102 191 207 51 209 63 98 105 35 93 140 145 29 162 26 39 102 36 250 46 138 254 66 40 94 86 
