92 24 253 182 99 169 158 175 11 82 11 244 134 167 250 175 228 3 152 62 5 108 38 215 108 62 131 208 84 119 2 53 91 36 191 158 188 160 155 81 32 84 177 10 210 164 83 198 35 100 7 45 239 204 95 237 59 193 188 9 8 7 89 184 70 37 83 240 133 17 37 58 16 243 59 62 212 27 137 208 127 154 205 158 76 166 147 146 67 131 185 29 40 163 113 55 194 41 168 62 220 77 173 175 241 151 85 28 255 54 238 218 55 44 44 165 239 205 247 193 210 229 66 148 188 121 117 215 
1 96 48 239 137 18 170 192 161 125 161 140 137 117 108 46 8 170 227 11 229 231 254 241 247 225 8 2 174 243 94 44 136 213 128 97 130 172 35 94 201 138 201 221 127 153 56 189 161 124 212 120 7 64 196 118 214 145 182 21 77 73 138 183 36 225 162 1 82 227 234 183 12 50 235 127 66 160 4 153 197 127 234 125 83 132 132 18 234 129 174 85 74 169 27 68 35 166 208 191 192 168 54 44 146 127 162 56 167 3 75 255 102 169 16 11 199 136 174 226 145 167 161 94 17 102 85 76 
3 174 91 229 166 69 81 253 41 15 90 143 222 207 79 78 197 136 29 147 224 223 208 79 50 238 17 175 215 111 91 228 64 12 229 93 124 191 34 187 72 223 5 133 59 221 21 113 222 205 179 221 48 215 135 70 52 243 200 129 177 206 217 78 102 196 74 59 147 38 133 46 140 224 51 145 13 243 83 114 148 147 1 158 68 152 39 40 20 181 41 130 39 203 49 107 235 18 10 178 61 135 170 160 145 42 156 110 187 160 239 159 161 172 9 231 191 127 0 190 32 14 232 91 47 144 58 15 
38 22 220 165 151 243 194 41 212 150 134 89 14 152 50 230 247 102 205 140 93 214 183 96 13 109 3 21 80 90 156 80 132 91 254 152 143 27 105 95 204 9 38 32 191 137 157 8 204 217 123 252 137 10 229 118 4 152 66 121 137 14 99 61 68 67 235 90 103 11 101 239 147 34 114 221 232 71 178 230 73 159 241 38 71 243 104 222 61 153 16 246 249 7 33 226 202 178 217 161 1 132 126 125 233 127 83 101 237 97 17 140 174 154 50 239 251 26 81 235 167 223 111 115 29 151 134 157 
99 47 39 236 105 200 161 191 78 29 9 245 157 182 59 31 44 230 205 77 52 207 225 242 147 112 124 88 105 251 176 41 51 191 123 15 250 158 53 253 115 248 1 3 252 214 48 87 38 86 47 50 47 160 179 49 245 47 128 232 13 126 9 181 36 228 179 163 117 162 220 46 48 17 67 88 102 244 138 195 183 203 142 150 210 93 240 91 30 233 210 160 186 209 62 0 162 88 240 1 4 205 216 113 173 206 238 252 116 159 37 99 71 14 1 91 253 123 37 218 36 153 46 49 20 86 44 134 
83 44 160 41 195 134 67 8 22 136 246 127 177 69 19 110 70 187 68 30 44 183 146 66 89 24 35 80 46 253 152 106 111 191 4 11 14 81 195 141 240 192 240 63 45 25 198 250 38 81 165 104 220 185 39 139 224 198 30 42 5 64 28 10 124 205 187 103 196 207 130 241 246 120 41 238 209 107 247 224 201 155 228 141 204 213 55 5 171 115 149 185 200 254 159 179 51 243 67 163 152 160 155 150 170 64 221 38 32 208 90 202 192 206 47 191 93 243 254 113 64 142 159 31 84 8 120 117 
19 166 188 102 28 40 115 215 124 115 189 15 186 141 209 92 56 196 149 73 24 169 252 148 69 232 94 54 246 50 142 102 132 140 25 200 68 114 84 108 83 173 175 217 93 108 102 59 218 223 240 146 115 14 188 7 146 139 57 175 172 250 200 186 28 87 138 152 165 167 95 99 35 11 150 220 223 70 154 105 102 87 91 122 61 122 79 177 6 52 140 68 115 147 20 211 191 165 105 240 136 215 29 115 255 57 211 121 23 73 37 180 208 191 65 9 115 65 30 69 74 18 73 119 17 136 237 180 
15 120 13 82 208 219 180 122 249 104 224 167 51 167 90 74 83 105 205 181 128 171 37 248 193 93 95 17 54 229 136 225 231 224 189 109 74 11 40 190 216 13 196 200 138 215 33 25 88 190 19 228 245 161 57 198 136 119 254 63 223 0 111 236 179 28 46 130 174 52 122 252 212 57 189 40 101 182 75 157 88 129 193 129 28 184 213 15 161 70 108 127 238 2 145 133 198 113 217 203 216 194 126 204 199 29 149 248 36 119 182 127 101 140 180 69 142 77 142 207 10 103 60 160 179 108 194 34 
149 127 66 255 155 43 242 124 245 212 141 249 221 159 74 239 189 27 107 24 166 102 196 39 11 102 22 175 58 212 33 130 108 51 9 214 193 183 41 51 29 67 112 33 148 100 205 65 135 98 176 142 8 191 116 221 222 81 73 201 56 66 207 251 52 151 134 131 22 219 52 69 95 161 144 252 145 48 67 7 39 87 196 179 111 248 233 111 204 107 70 131 110 252 25 77 128 222 78 116 24 162 224 31 192 83 135 214 157 162 180 236 162 239 187 35 19 165 97 153 58 33 161 35 247 28 31 154 
28 220 33 74 91 153 49 138 120 99 44 164 106 67 198 114 97 237 52 151 192 201 65 59 139 21 171 114 4 178 221 139 211 237 66 168 214 147 159 213 177 195 204 48 147 180 243 75 106 251 165 28 121 28 77 170 107 218 31 137 18 144 247 159 61 148 216 117 54 67 7 37 111 204 188 202 145 253 134 210 205 58 145 188 234 49 82 82 37 235 66 141 115 124 48 201 54 15 112 236 161 90 137 45 184 139 23 217 245 11 116 191 123 139 198 210 114 23 199 182 50 80 108 54 182 137 121 137 
139 25 38 28 55 74 237 39 241 99 60 225 129 172 116 130 136 252 245 72 149 81 83 88 56 117 63 178 230 6 215 147 157 224 60 180 38 29 85 1 59 180 55 73 82 237 65 176 116 68 163 98 26 61 202 44 52 248 25 61 250 114 194 206 79 103 177 119 3 119 188 182 15 209 114 135 196 166 197 255 152 63 82 170 30 187 200 43 81 49 177 167 224 127 120 99 159 94 213 63 126 73 12 122 218 114 205 16 81 255 64 242 147 206 172 111 226 96 163 167 24 170 148 235 50 127 123 137 
136 203 250 132 110 166 253 183 99 49 200 194 144 174 162 10 198 3 129 10 162 255 32 250 163 88 197 26 57 219 152 187 75 163 140 214 213 135 233 252 134 41 167 5 157 220 225 140 68 18 176 177 32 33 177 201 190 30 54 169 95 123 175 37 80 241 231 103 208 74 154 53 236 172 168 37 190 201 13 3 29 80 152 48 66 20 116 117 240 141 89 191 229 96 117 99 89 46 182 193 151 139 15 177 117 61 139 106 137 205 6 240 4 248 152 163 173 162 218 177 212 208 100 182 212 0 46 10 
28 237 52 178 125 204 168 34 62 55 138 208 229 239 157 248 114 39 192 238 152 230 94 108 239 6 124 244 87 73 210 127 29 26 185 234 135 77 204 93 137 53 209 221 8 209 40 92 0 104 162 146 134 12 72 124 18 160 54 152 19 182 43 127 203 189 142 89 135 223 5 82 135 254 44 42 53 242 78 57 146 125 179 61 2 176 221 78 83 255 195 79 242 213 119 144 61 161 215 175 25 240 163 38 44 131 155 203 235 9 249 2 252 187 176 63 235 182 127 170 18 119 208 239 126 73 231 210 
137 134 199 55 15 171 241 222 222 218 10 133 237 89 102 33 140 88 89 248 202 153 116 182 54 244 8 19 165 129 25 65 130 148 18 167 55 101 248 28 234 74 165 225 48 204 41 86 68 94 251 43 217 132 1 196 73 23 113 63 141 205 123 24 244 139 120 251 100 178 97 88 47 39 170 110 6 41 8 251 185 0 118 65 100 90 183 2 182 23 213 62 137 178 226 71 247 9 76 156 149 81 233 144 224 179 239 67 128 129 226 157 75 239 51 63 201 31 247 85 206 147 204 220 220 180 68 33 
28 47 200 178 123 32 190 196 51 167 110 210 142 30 247 88 102 198 71 71 54 78 50 240 127 179 17 71 61 12 232 83 230 53 82 222 165 80 168 232 226 95 22 241 128 45 51 25 70 180 249 243 73 19 249 242 195 163 59 71 160 19 69 4 38 84 4 147 247 247 5 62 136 240 213 164 156 18 233 209 90 58 226 248 37 13 186 52 75 42 217 4 199 95 234 139 139 102 73 211 57 244 127 22 110 74 236 80 74 119 32 61 219 143 209 222 119 82 218 222 225 20 38 157 60 163 175 193 
149 210 112 209 151 43 156 189 14 40 75 173 241 97 100 145 78 233 18 107 77 30 8 161 130 3 156 158 66 237 106 64 8 22 130 15 45 22 162 58 8 163 200 47 181 146 51 236 206 166 95 163 136 228 2 109 47 20 109 175 28 9 128 6 163 46 55 187 7 142 182 62 149 48 28 192 159 254 201 104 250 222 118 41 79 195 105 94 96 255 83 109 200 161 141 111 174 126 16 210 239 14 189 157 201 57 178 124 15 122 198 9 89 250 198 183 49 106 79 243 221 164 205 123 14 210 121 43 
38 166 202 139 6 121 234 25 74 215 38 38 152 214 233 235 248 104 79 100 127 113 96 179 8 220 81 165 26 109 7 116 152 42 223 70 146 253 228 217 169 32 140 162 149 170 123 10 161 15 116 69 158 153 0 98 190 13 134 154 253 244 218 19 167 133 238 109 68 23 18 138 223 227 3 84 214 41 244 112 196 44 66 79 83 198 78 149 69 135 158 45 249 157 186 148 100 85 26 25 108 100 246 153 83 104 140 2 178 252 118 3 97 105 218 16 249 220 156 93 69 47 227 209 0 224 211 38 
215 213 20 90 15 198 101 96 166 236 9 96 151 66 39 78 66 229 154 110 188 115 147 68 24 97 90 8 215 88 218 147 217 80 222 121 104 153 248 29 236 175 163 30 175 227 228 76 35 214 42 21 201 188 85 63 76 106 129 245 103 189 99 21 226 218 100 177 224 134 38 61 152 238 103 129 186 36 18 41 71 49 31 151 0 0 218 132 139 177 128 92 100 23 8 29 155 57 53 119 109 37 72 137 66 108 182 10 246 26 72 188 81 63 179 240 142 86 86 75 31 227 221 150 70 38 87 240 
200 191 179 44 145 237 168 225 251 147 32 100 26 73 212 173 153 245 41 160 14 44 47 145 232 41 227 49 163 61 168 215 87 52 72 200 41 34 69 33 217 165 214 204 218 180 244 15 23 144 37 73 174 192 235 250 244 112 23 223 85 144 9 217 82 109 108 151 98 200 235 153 74 39 39 33 198 128 189 211 157 133 35 146 68 129 216 186 24 204 159 74 177 224 251 146 107 18 147 39 51 243 29 128 184 175 249 158 28 141 70 1 176 241 1 5 164 134 108 62 198 141 120 11 75 125 186 86 
33 127 0 210 180 40 143 120 183 227 57 74 104 36 254 237 187 143 199 9 133 179 252 181 175 177 114 16 77 6 210 76 69 44 34 110 158 115 107 97 99 100 225 225 194 123 159 116 63 204 44 215 195 35 249 199 29 94 231 121 206 86 32 23 132 6 59 151 247 194 190 230 116 150 21 11 44 144 229 130 100 204 187 38 62 184 226 42 48 82 38 229 241 121 253 118 137 121 242 117 251 119 167 52 177 113 226 199 31 181 85 59 139 226 122 234 175 42 130 176 247 254 141 32 196 140 17 90 
226 207 240 214 71 23 130 242 36 39 171 48 211 35 160 36 122 251 208 229 170 243 198 133 216 221 52 175 116 153 64 227 15 77 39 73 136 177 181 140 112 67 7 170 93 176 231 38 129 187 36 172 251 116 146 108 75 218 125 55 107 206 185 57 202 166 110 187 218 23 157 6 132 53 45 100 158 164 64 197 149 239 15 96 176 190 1 57 227 156 104 118 12 233 4 232 229 23 236 31 17 239 220 7 242 192 58 5 192 126 51 164 16 118 208 246 182 12 196 24 27 70 116 184 66 208 221 40 
176 95 156 99 143 198 63 61 108 247 2 57 208 160 184 239 137 215 91 71 141 132 165 216 192 198 63 94 84 147 41 105 4 119 77 248 115 83 181 80 145 132 59 9 112 74 57 125 133 163 169 209 197 166 150 123 61 76 9 134 247 3 145 130 129 243 67 114 59 215 160 117 58 89 101 148 29 17 81 239 73 172 0 236 106 79 163 58 198 178 59 198 129 149 164 215 211 213 222 143 45 36 15 93 116 91 147 122 126 2 88 142 228 60 232 14 41 250 190 149 205 145 96 18 164 188 184 54 
10 245 171 114 90 22 202 196 23 123 149 3 171 166 99 158 46 54 59 158 121 227 220 223 245 162 51 186 190 85 160 218 245 203 230 138 105 27 219 127 55 55 96 182 82 3 50 46 228 144 121 32 241 178 165 197 63 33 66 50 172 171 252 113 147 64 40 151 219 124 153 81 248 73 135 66 116 214 59 132 29 106 53 219 159 211 166 241 17 57 46 74 96 13 205 172 198 225 203 124 68 235 39 243 195 38 117 4 227 235 17 42 223 72 90 48 160 206 78 100 123 110 60 133 103 136 6 158 
65 232 95 152 79 33 3 28 129 210 128 134 27 103 240 229 211 57 141 61 70 83 120 10 222 137 116 191 202 13 76 59 158 110 47 47 58 242 135 232 74 117 81 74 138 163 68 164 179 8 113 188 211 194 193 60 124 21 46 156 127 150 16 248 51 136 133 118 144 159 200 166 183 99 82 59 146 12 41 4 36 58 112 152 11 130 151 210 231 91 213 200 38 107 159 101 193 246 115 29 212 180 221 189 10 180 178 196 229 1 11 97 1 206 201 249 39 254 254 220 240 54 1 22 32 50 142 255 
43 142 18 187 25 203 41 149 211 155 130 60 119 74 108 107 143 119 48 5 234 30 246 166 0 230 246 5 73 218 164 102 186 61 23 231 114 225 140 157 178 148 12 51 4 193 245 198 117 247 202 254 111 45 130 7 179 236 23 241 6 1 160 149 127 231 143 148 27 61 144 25 169 215 22 92 69 130 44 45 73 209 121 159 167 238 98 124 26 195 29 160 91 137 228 209 55 237 44 200 105 218 253 28 69 35 179 127 11 76 44 241 153 123 174 147 130 58 178 227 208 125 33 86 171 84 253 65 
112 92 82 31 235 71 241 248 101 232 0 164 118 150 94 15 67 215 7 144 156 24 202 190 12 86 6 40 94 121 77 26 136 26 128 98 114 29 56 22 114 32 96 43 91 148 146 158 142 240 102 39 253 228 23 3 1 32 128 238 34 248 24 229 239 235 42 244 135 15 105 88 177 80 129 234 222 125 70 57 229 136 213 2 184 217 47 128 202 7 147 212 121 69 164 254 100 38 49 165 133 122 136 110 252 98 195 108 70 131 250 29 142 49 216 19 63 35 57 155 218 83 163 62 191 152 151 67 
46 214 135 95 230 242 71 169 21 35 1 80 200 79 144 86 9 235 96 29 34 219 161 22 53 24 169 130 219 219 41 228 231 63 238 17 51 190 133 225 168 12 118 82 74 41 63 144 64 153 163 251 184 8 183 5 93 161 206 179 238 16 152 114 152 66 39 218 157 72 154 158 191 114 106 176 9 178 113 5 116 180 113 118 32 232 183 28 223 52 119 151 128 232 146 239 8 255 230 251 76 70 35 67 164 6 79 70 114 144 26 245 125 147 171 252 243 195 35 21 205 145 236 129 10 174 117 57 
161 254 112 112 55 60 5 207 91 20 220 50 174 186 101 57 9 22 94 179 29 193 146 165 239 100 169 236 52 176 114 229 212 211 180 100 165 252 180 33 146 17 102 38 1 224 101 7 121 66 22 153 81 22 24 85 231 78 55 52 172 237 212 59 45 84 107 184 224 163 34 154 228 111 12 124 28 41 163 29 96 25 163 47 111 234 126 210 66 210 77 131 211 65 2 167 227 50 115 104 163 176 160 253 145 250 236 57 32 97 85 182 44 120 58 205 138 231 155 18 124 112 253 137 127 196 170 27 
187 220 59 61 53 80 188 201 181 179 122 198 56 216 41 175 34 40 113 105 185 132 32 202 75 68 87 226 121 237 38 95 111 68 238 202 48 82 125 140 193 52 199 154 167 188 119 169 193 77 43 158 240 84 90 24 213 46 183 179 119 113 121 132 226 198 178 165 43 0 227 79 34 143 144 2 241 86 241 36 190 35 245 168 236 111 159 196 118 109 176 247 11 153 178 250 19 107 217 141 25 53 123 227 246 77 161 81 114 205 65 204 142 167 90 143 252 187 116 59 238 92 213 163 88 194 61 142 
123 101 100 102 174 139 192 253 35 149 215 143 71 238 243 20 6 190 141 120 85 167 9 236 114 40 241 122 247 140 61 181 171 30 131 192 70 243 5 236 187 220 69 113 186 145 234 21 175 13 35 241 227 34 103 29 163 126 26 132 74 164 115 51 81 115 172 51 35 140 107 60 26 115 209 213 92 124 64 25 99 126 83 68 91 161 121 186 11 13 151 252 255 4 138 140 40 12 80 101 38 41 193 175 50 215 48 248 176 222 27 38 32 79 50 145 44 107 216 191 76 81 186 0 40 116 249 133 
74 59 249 35 180 72 28 190 45 21 115 61 177 79 138 197 47 123 80 92 30 242 218 96 107 225 96 218 251 14 15 46 156 126 199 175 176 216 160 34 196 4 181 246 204 35 31 10 255 147 132 143 93 253 234 71 200 112 209 216 249 25 236 25 79 102 112 65 207 171 72 66 217 99 202 157 113 69 68 151 83 115 197 128 9 98 4 117 203 19 207 248 45 163 88 74 41 210 246 25 192 14 225 238 236 147 40 67 194 232 162 85 46 164 113 176 9 25 183 19 95 124 23 247 97 216 32 255 
50 146 111 109 11 165 249 234 236 255 58 9 5 19 101 77 208 95 92 14 66 196 192 49 40 201 227 83 142 186 139 125 169 178 224 184 83 210 161 177 11 214 79 47 22 155 162 45 93 39 100 12 63 33 85 64 199 185 117 101 182 94 195 184 254 134 60 250 180 11 96 88 27 22 183 190 233 31 7 47 179 207 208 147 90 172 0 90 172 147 59 178 115 84 154 176 215 134 114 49 10 236 107 69 14 131 189 31 60 220 179 113 37 72 246 69 180 59 5 70 196 87 55 127 154 195 214 219 
154 173 121 246 173 131 32 74 100 168 41 246 237 93 14 128 110 162 166 180 191 233 123 108 179 18 47 35 103 242 85 80 94 114 72 40 20 59 67 57 144 216 128 181 29 101 115 157 185 234 212 103 56 249 160 70 201 222 202 253 242 216 146 20 187 229 22 231 44 106 211 124 207 146 96 104 106 115 226 57 11 38 140 218 183 49 168 211 49 183 52 84 135 198 203 162 225 118 143 115 35 251 129 201 138 177 74 201 132 120 137 107 241 225 141 48 2 119 148 203 132 64 198 234 145 141 232 199 
69 161 145 59 34 137 127 97 212 161 46 163 46 91 242 192 134 199 59 92 89 18 41 115 216 37 220 70 48 232 143 77 169 106 149 7 147 31 15 178 177 50 169 97 212 26 40 202 48 9 56 60 121 14 77 2 99 176 167 118 189 125 220 48 252 243 238 123 200 126 9 168 68 159 184 155 50 195 242 44 92 58 189 163 186 50 43 160 137 237 82 166 215 15 203 129 132 158 49 162 140 46 25 103 249 112 87 206 233 181 15 53 170 142 14 170 167 68 244 155 42 135 180 189 69 246 166 14 
219 168 42 195 194 156 192 81 198 202 193 164 123 248 171 130 180 219 69 1 75 130 242 51 10 32 63 92 182 116 123 191 170 198 164 211 119 132 129 71 150 26 136 56 229 214 136 12 37 120 255 5 121 206 76 133 41 58 240 233 109 144 149 121 44 176 169 41 167 71 97 67 12 36 185 187 228 220 14 203 204 16 189 62 37 47 92 101 116 79 76 225 186 175 248 142 239 249 254 130 149 214 80 193 202 51 106 178 220 167 85 196 90 224 87 87 216 190 205 102 237 45 199 122 78 84 210 61 
66 199 45 80 191 9 218 164 18 163 172 101 78 74 30 4 206 221 234 249 132 70 126 239 34 203 225 105 121 200 167 207 231 36 116 11 68 179 248 220 192 76 111 162 243 102 188 129 211 181 70 201 238 234 26 26 123 83 92 204 118 81 199 36 20 244 100 34 120 71 147 207 208 144 89 65 127 30 23 80 151 63 155 236 6 142 67 64 149 138 104 132 246 126 153 127 75 77 42 42 210 72 198 42 118 54 194 148 242 146 42 214 248 219 165 128 159 136 63 62 88 9 246 228 172 15 62 145 
0 132 60 105 3 12 7 231 96 18 130 122 53 42 104 143 199 119 13 146 98 115 54 63 94 173 110 38 157 9 17 209 76 184 110 168 253 38 1 10 184 128 201 222 40 90 98 97 84 112 138 240 155 176 230 247 181 132 39 194 219 76 46 242 119 113 86 121 103 95 211 88 129 223 254 192 106 111 190 166 165 207 123 131 182 18 210 20 54 7 216 65 251 89 33 108 136 180 2 185 5 49 243 174 86 74 66 195 112 126 205 182 121 107 83 219 127 218 232 121 140 4 197 68 161 29 214 35 
144 40 91 231 90 131 139 240 29 186 103 156 225 129 184 93 232 140 182 131 37 148 211 205 122 154 118 145 88 30 72 91 40 176 134 171 41 212 206 80 206 161 166 140 152 183 27 0 71 253 78 216 170 143 82 175 126 217 75 49 73 63 30 141 105 11 17 69 66 222 19 149 122 216 30 54 166 6 99 127 134 83 147 145 230 36 227 105 248 162 239 173 140 61 239 243 178 154 123 17 36 11 51 193 67 65 173 146 19 73 24 54 179 143 66 224 233 158 132 149 41 166 199 216 120 62 38 28 
26 55 97 219 223 134 96 237 194 234 249 35 18 73 72 111 220 172 41 176 169 170 62 228 175 113 67 229 37 100 179 53 242 241 10 107 100 14 63 100 6 112 178 180 88 41 6 4 165 193 241 176 139 25 129 43 42 15 22 241 40 111 68 119 29 159 174 34 184 43 53 82 110 231 134 219 139 131 229 141 244 52 155 139 239 199 218 207 236 195 238 78 113 37 31 124 151 164 99 70 80 116 155 166 28 26 54 10 35 17 214 178 79 165 193 247 166 8 145 124 197 52 146 53 142 61 142 140 
191 240 243 211 124 254 249 162 45 81 50 240 40 95 236 186 3 84 81 74 243 127 140 83 41 126 183 163 175 94 124 209 200 161 129 97 57 179 31 244 13 184 233 65 209 255 43 62 102 238 164 136 115 221 248 106 255 207 52 72 134 194 110 24 90 27 250 144 36 226 191 113 237 50 55 194 200 249 104 36 213 43 4 254 33 137 197 138 68 246 204 71 10 77 175 40 200 159 180 63 118 50 1 184 94 117 42 80 140 220 69 113 84 24 193 18 148 241 61 88 18 100 248 192 206 196 171 240 
182 111 17 226 112 94 67 124 58 71 74 137 115 76 50 151 42 223 181 9 109 52 214 128 185 169 190 12 254 215 59 140 55 234 11 251 128 113 26 173 106 158 15 38 141 148 8 66 10 203 162 25 199 175 163 48 38 221 36 207 100 204 68 188 135 10 174 72 247 223 247 175 59 195 151 89 115 231 125 116 221 85 103 84 61 157 87 229 94 26 201 36 206 220 229 18 65 156 17 224 233 248 205 187 172 96 27 35 236 190 218 67 204 137 149 225 225 40 102 250 102 204 66 148 136 111 61 228 
146 127 14 229 154 79 253 142 45 46 84 109 194 9 104 64 136 120 112 234 30 239 38 176 118 138 125 102 5 240 53 170 203 224 93 80 181 28 41 194 15 65 25 52 162 134 10 244 219 61 248 164 204 68 79 21 47 165 152 54 224 106 172 68 242 238 119 160 56 59 251 247 197 250 153 61 226 158 103 236 9 30 28 159 185 183 24 83 158 202 125 249 8 8 54 104 71 47 5 115 23 116 101 125 63 164 135 14 192 19 103 199 8 165 234 231 194 151 176 28 212 194 151 117 91 89 194 250 
155 75 238 95 223 30 122 230 189 73 24 207 253 79 234 135 40 159 145 98 169 132 20 27 173 198 157 132 113 97 60 118 66 147 225 56 216 200 149 7 128 30 132 236 38 222 89 231 78 64 45 96 187 110 247 97 180 0 249 4 136 102 119 120 187 122 175 32 13 130 71 19 40 208 5 224 33 162 146 205 61 62 33 30 24 44 5 80 245 114 68 76 139 5 83 11 165 108 51 172 23 47 184 249 229 113 138 235 17 211 110 10 166 89 93 124 112 140 71 79 168 238 159 6 126 62 72 181 
88 230 47 47 119 186 152 193 151 185 235 239 95 134 229 66 220 117 81 80 47 155 86 158 98 104 68 2 206 140 141 18 237 236 161 1 103 235 36 128 202 45 63 12 142 94 147 67 176 89 19 87 4 101 10 107 13 164 192 247 116 203 223 223 22 217 120 160 86 226 51 41 65 26 252 131 187 179 154 209 201 156 44 130 154 90 169 246 206 163 214 59 117 215 216 251 227 95 84 51 30 99 35 153 40 199 139 115 240 51 17 146 232 120 99 126 110 78 56 101 196 252 114 146 170 190 85 248 
49 48 154 48 24 154 175 164 87 19 136 129 234 15 105 78 213 97 108 253 227 47 25 243 1 24 13 89 42 216 94 116 20 253 60 137 79 227 23 200 224 216 48 26 202 121 72 233 10 241 180 255 181 18 9 75 18 1 165 143 192 194 161 158 223 224 206 246 14 216 212 161 42 137 142 145 232 50 252 193 246 163 55 37 172 107 208 100 205 18 159 110 168 185 90 117 51 219 8 38 50 52 148 74 42 87 182 221 69 164 133 151 184 215 28 64 172 56 103 204 190 91 200 237 143 190 232 223 
203 228 244 65 233 10 226 27 40 5 91 123 59 51 179 86 55 172 174 173 55 6 174 128 223 36 40 237 113 227 73 44 41 243 156 129 195 13 235 167 189 191 0 123 245 20 154 97 229 206 190 136 129 63 49 96 214 80 30 123 52 232 91 231 253 35 19 161 52 234 188 228 139 63 213 58 191 76 1 106 149 172 5 156 48 241 2 38 234 33 84 62 54 56 112 66 9 27 160 173 153 164 48 165 218 220 38 106 19 31 208 202 134 154 107 204 199 6 148 89 235 65 171 170 86 165 89 5 
206 116 16 91 57 25 208 205 54 155 231 31 72 89 240 149 114 246 68 146 19 189 53 10 59 117 74 152 153 107 220 252 0 17 159 250 0 102 55 90 236 44 150 185 30 99 147 110 91 75 25 207 81 225 23 228 134 248 166 16 222 121 132 1 46 247 26 68 9 223 238 136 116 168 43 197 123 254 248 44 56 17 96 135 41 224 24 123 192 225 57 55 95 229 83 35 241 229 92 64 201 7 40 206 242 83 220 69 38 105 0 111 222 21 148 116 152 93 31 81 108 172 196 65 148 90 223 149 
131 225 9 86 104 120 31 145 27 163 100 78 124 19 166 152 181 250 114 208 133 161 213 17 5 110 22 171 218 84 56 72 240 54 211 138 207 228 66 244 162 80 186 143 57 49 116 98 90 110 118 95 21 8 12 14 97 69 17 248 145 111 249 59 51 108 220 173 62 219 1 69 56 184 222 14 151 255 66 151 9 216 79 40 130 228 52 241 201 201 217 101 72 111 196 47 1 162 199 93 12 86 183 106 132 117 179 165 25 208 239 147 22 29 59 209 207 202 248 159 66 36 207 193 136 26 160 242 
109 154 103 78 210 8 133 86 204 36 241 245 53 252 141 224 221 78 178 146 122 79 213 97 198 1 130 62 210 98 213 207 49 194 76 67 201 214 171 226 38 67 4 103 118 33 161 84 35 220 146 15 212 103 179 25 77 165 179 193 237 246 110 131 153 116 71 213 132 58 35 63 86 239 161 233 135 173 223 91 64 252 193 139 111 126 246 142 46 247 201 157 233 192 60 190 136 33 132 140 165 127 83 71 162 149 154 99 192 70 172 54 254 92 84 157 90 233 41 203 108 171 96 86 4 64 173 138 
255 143 53 4 240 46 146 197 223 199 178 162 16 187 153 51 142 112 103 12 128 142 137 154 210 182 156 218 102 145 105 222 131 203 138 196 88 235 65 104 11 217 147 78 219 136 249 242 123 202 87 251 249 64 154 230 17 228 27 152 187 129 169 90 128 197 126 88 187 107 177 92 232 47 31 188 85 61 2 253 237 246 96 153 39 13 20 26 52 156 197 16 88 168 182 151 62 229 114 248 45 228 76 8 102 152 25 116 60 199 65 16 71 90 241 10 111 73 5 232 69 235 34 215 165 45 151 139 
31 101 98 196 153 175 244 112 43 218 38 52 15 42 163 52 39 101 81 114 23 224 223 83 146 51 133 127 194 35 233 167 53 254 130 149 98 234 128 213 82 183 227 201 85 51 141 240 74 179 79 59 99 190 104 47 160 201 90 102 177 136 226 110 138 60 55 249 159 70 21 0 31 190 25 177 250 6 39 206 229 99 45 3 89 218 20 248 37 86 206 4 97 63 109 46 132 245 119 72 169 140 204 146 119 57 204 82 230 185 214 86 228 139 189 155 51 95 92 207 219 74 97 140 175 78 13 153 
57 57 184 195 137 146 84 143 187 80 99 225 106 83 54 39 177 16 198 29 201 150 49 118 49 231 4 135 238 88 17 225 131 8 28 7 87 14 47 18 38 61 69 200 159 72 226 128 129 113 239 180 32 217 206 45 32 17 180 12 203 77 125 210 208 23 229 156 239 168 9 42 235 111 201 244 46 46 196 77 247 53 240 4 203 165 40 100 62 114 42 191 100 20 61 11 213 122 55 14 39 150 51 127 79 77 15 108 118 57 117 230 184 54 33 114 42 128 241 47 210 116 201 222 183 144 130 209 
79 158 128 191 90 37 132 130 209 235 255 155 149 103 104 46 72 142 5 61 46 71 73 111 72 192 205 92 73 125 164 33 233 139 146 82 169 80 163 203 15 203 119 166 182 30 94 99 13 80 12 139 57 25 164 180 41 208 22 77 193 74 54 239 12 14 120 199 56 167 47 237 40 239 55 163 95 178 246 67 157 130 214 221 9 167 152 76 226 204 233 132 161 117 247 43 127 101 174 85 210 6 60 40 170 43 33 40 127 76 136 93 170 61 249 184 170 159 211 164 248 39 15 67 152 236 43 17 
210 252 16 189 122 214 12 99 92 58 103 238 117 192 7 198 130 43 77 73 15 252 23 142 7 60 22 16 187 124 52 190 125 3 81 37 214 83 84 122 174 38 178 202 88 113 23 133 223 72 185 101 161 81 112 53 68 141 138 199 2 250 125 16 90 112 86 238 128 144 226 130 136 148 126 78 129 215 213 70 99 104 141 24 136 18 13 215 237 110 168 28 181 126 41 243 235 172 112 223 107 214 161 232 224 168 6 21 175 51 71 118 193 181 170 250 191 37 132 132 38 1 136 55 239 209 136 141 
76 148 15 182 127 121 217 37 184 104 27 221 182 244 239 163 213 2 235 38 159 27 159 39 235 199 154 188 37 251 56 253 45 189 236 5 33 181 211 106 85 65 14 162 239 40 1 161 222 13 249 65 251 176 184 183 135 121 32 46 104 174 78 145 134 182 18 24 229 115 30 247 205 60 44 155 37 1 92 133 160 194 207 38 137 220 235 190 2 15 102 98 216 20 11 63 7 223 220 147 19 176 97 54 245 228 150 233 228 15 71 115 224 228 217 206 116 12 43 237 207 254 191 21 242 170 86 106 
37 240 117 181 49 39 2 161 196 161 190 177 54 148 194 204 191 90 80 156 172 12 210 53 85 18 54 169 10 174 207 213 44 163 238 213 147 180 88 143 163 195 231 251 122 63 79 132 205 74 76 97 173 0 74 228 9 155 213 52 232 55 252 199 128 35 175 131 55 1 191 171 223 157 74 230 27 225 50 58 62 198 39 193 126 145 14 31 181 235 26 11 53 222 83 140 225 73 181 150 181 78 127 60 174 99 1 51 70 178 103 59 102 96 149 226 168 226 146 188 203 5 94 9 172 14 158 133 
135 96 76 124 47 251 167 232 103 108 203 24 172 141 95 193 177 237 243 108 241 40 195 146 30 8 155 119 60 158 238 2 165 87 153 216 136 229 251 167 63 85 155 160 147 176 193 84 215 251 1 36 37 236 207 93 143 16 194 111 47 130 54 240 138 108 104 253 65 109 106 21 54 100 163 113 115 166 85 209 162 79 23 119 20 114 21 207 29 251 74 6 69 226 25 66 25 160 41 61 26 117 155 58 30 142 244 47 212 24 111 167 223 127 158 118 132 28 174 63 181 167 50 47 137 42 45 189 
35 121 25 253 210 89 2 139 96 109 191 155 40 1 123 110 54 160 153 31 196 153 21 46 68 77 194 31 90 121 86 66 64 99 48 35 98 23 87 21 48 241 129 192 145 163 111 61 136 96 127 64 3 92 90 39 82 43 106 41 184 42 140 238 140 69 153 164 144 125 25 168 127 13 80 79 76 154 233 250 174 181 104 25 241 0 107 201 248 136 6 50 188 137 200 250 132 139 174 116 158 249 190 37 166 125 204 169 201 170 105 132 29 69 238 139 74 55 24 6 220 216 248 182 8 75 180 9 
81 81 214 60 114 149 75 170 39 130 24 56 217 250 208 208 3 154 226 245 16 90 134 106 207 123 46 209 110 64 14 222 46 168 76 112 128 255 52 70 111 29 6 94 186 67 196 229 159 142 197 66 187 227 253 111 119 223 99 93 124 195 14 95 233 244 119 38 232 70 107 64 111 139 51 100 8 84 105 144 9 51 193 55 223 178 197 207 194 232 127 105 170 209 194 26 16 250 230 101 97 100 194 66 233 168 221 208 232 30 210 166 209 56 94 115 244 20 194 185 181 253 88 52 172 72 91 43 
247 19 1 18 217 129 102 131 36 128 17 115 238 162 77 132 199 163 168 22 39 183 127 29 68 107 177 95 26 176 47 40 0 91 170 100 94 66 9 8 197 241 231 73 111 144 180 42 242 12 76 187 93 53 125 224 45 216 88 234 126 118 97 109 54 139 138 51 243 195 154 79 56 236 30 227 96 122 138 50 144 58 42 45 103 253 187 19 79 155 146 149 235 57 129 113 173 102 206 44 156 23 223 102 29 246 241 9 38 13 98 179 235 149 152 1 62 88 34 50 224 135 178 58 149 146 198 91 
77 15 217 63 244 238 119 223 62 84 151 2 190 141 212 159 192 180 16 66 250 127 31 121 145 180 140 178 4 140 193 83 7 233 163 138 107 152 50 150 175 138 62 126 137 9 149 197 100 15 11 128 246 160 175 251 254 212 90 81 81 163 41 119 116 126 23 210 68 25 57 50 19 193 227 155 39 210 138 85 38 243 35 35 219 247 241 211 113 177 27 226 208 120 42 188 127 87 205 71 47 211 228 196 57 60 14 160 30 57 78 208 68 99 246 40 84 235 142 1 119 231 64 210 110 2 150 162 
164 19 132 38 105 250 119 194 210 224 172 172 42 215 241 33 30 132 58 68 152 211 215 208 17 51 19 212 124 197 190 121 83 90 131 199 66 100 211 248 49 112 220 79 230 135 59 5 199 162 70 203 166 210 35 106 151 41 44 186 128 178 106 254 225 139 101 104 106 229 107 128 182 44 200 226 184 177 61 240 178 3 143 71 118 2 59 226 252 101 20 219 36 56 112 85 62 27 62 190 1 54 215 115 133 179 224 170 68 179 216 203 120 153 70 12 10 160 173 83 82 250 7 131 75 118 254 200 
1 201 107 85 118 41 195 88 151 41 154 221 207 142 205 10 48 140 234 172 36 115 229 75 210 194 210 107 175 33 233 82 47 80 195 136 189 39 4 90 184 51 182 11 110 57 88 216 91 182 97 225 133 251 28 9 245 183 23 56 21 102 106 99 190 24 255 65 189 220 38 177 18 33 228 128 162 35 214 218 127 189 147 175 202 205 186 109 142 71 197 62 107 144 153 217 85 77 14 190 38 54 98 144 58 148 156 162 74 193 18 227 166 99 15 192 97 185 136 208 155 84 105 130 215 143 148 58 
97 113 50 108 143 156 208 191 132 122 246 122 70 35 154 191 14 198 245 155 237 134 160 140 118 69 193 87 223 245 136 109 186 84 235 82 80 166 67 185 138 184 93 152 231 79 141 231 255 66 101 38 109 240 13 216 206 146 162 1 11 14 45 209 237 44 28 91 1 102 181 233 84 78 163 56 33 244 227 96 109 165 37 86 50 208 146 79 191 40 38 46 154 225 136 19 245 142 211 70 102 18 246 201 129 30 8 14 190 8 117 237 80 191 71 54 47 159 134 225 22 80 239 92 18 18 148 69 
147 2 107 131 248 95 226 217 203 98 186 160 235 11 110 242 213 92 185 205 97 222 168 20 28 12 190 15 93 253 75 135 72 14 102 128 37 147 145 215 0 30 132 189 19 65 144 62 3 96 236 61 196 117 109 189 110 237 96 9 208 207 210 22 234 219 190 41 204 159 181 42 126 213 228 8 208 47 33 53 189 46 207 220 93 51 81 92 87 38 221 62 161 226 95 95 42 93 179 86 142 182 217 207 74 188 60 92 177 222 164 79 57 230 205 197 177 176 122 66 15 188 229 20 46 212 107 73 
170 195 195 176 65 17 211 88 62 173 112 101 41 102 13 106 173 60 97 135 204 190 143 66 19 149 152 3 32 203 211 31 175 204 31 120 145 22 130 76 151 2 17 250 175 69 1 134 244 13 97 31 134 28 144 32 241 186 177 75 234 246 10 161 58 30 216 173 160 16 216 75 166 150 154 150 91 91 184 143 234 184 34 173 253 149 95 9 83 1 235 236 239 77 238 172 16 161 211 90 176 88 250 36 175 65 63 56 157 187 89 230 115 211 236 195 77 8 214 178 26 100 140 69 19 20 157 10 
77 23 39 218 163 105 228 244 217 147 166 201 57 247 58 68 99 16 185 59 247 30 80 9 61 182 40 127 71 155 24 92 56 155 1 145 27 240 54 101 142 35 21 180 225 126 85 13 253 240 67 142 199 163 147 220 147 111 147 84 209 224 151 159 57 137 211 156 163 109 66 93 120 120 142 190 40 23 203 54 21 196 200 97 24 210 116 71 230 202 179 54 83 146 182 49 10 87 166 105 233 27 82 172 28 167 83 19 51 63 17 164 89 29 171 238 226 212 179 111 108 11 156 146 146 22 122 244 
124 96 100 197 192 67 6 195 25 111 175 115 5 39 169 31 120 19 161 73 146 231 5 153 215 112 95 58 89 209 47 183 197 131 102 185 82 98 224 167 221 188 113 82 225 248 33 47 184 226 97 149 232 112 89 26 159 42 174 34 214 119 38 182 45 61 158 46 67 223 155 22 125 212 143 14 214 43 26 123 195 31 178 38 52 239 133 28 38 15 9 243 70 74 150 9 79 251 180 236 36 164 37 215 83 52 241 4 40 243 98 178 72 236 221 113 123 109 226 62 211 209 206 119 105 40 161 105 
208 123 114 50 10 79 156 145 209 21 254 140 160 199 135 40 122 34 219 205 132 21 128 75 176 30 235 231 56 153 171 103 149 43 141 24 133 228 101 135 220 187 32 54 60 185 100 147 179 62 39 110 87 63 79 105 184 231 79 127 245 10 118 38 17 120 133 93 197 150 155 240 67 179 151 28 230 112 22 80 51 22 193 50 149 23 143 156 11 100 117 210 170 212 54 182 10 82 175 29 228 67 85 153 221 114 66 238 238 217 128 231 111 104 127 164 181 203 4 22 249 86 148 91 5 215 5 26 
4 243 16 32 224 81 221 75 156 35 30 79 35 174 139 119 133 117 40 78 129 107 127 38 229 226 237 85 123 107 127 24 217 246 192 33 15 132 160 69 112 230 117 251 32 202 115 142 60 56 61 12 25 194 242 133 160 246 53 81 172 211 200 70 124 132 247 23 76 103 118 206 195 135 250 26 175 151 139 57 125 161 218 109 2 149 58 241 208 222 35 115 213 218 184 133 194 50 44 65 17 127 191 137 8 57 77 159 66 207 0 161 7 48 207 180 118 215 197 115 22 215 49 249 93 80 52 161 
169 50 152 209 148 215 155 133 185 220 40 225 175 98 181 29 240 248 116 75 47 157 47 142 194 159 153 234 193 38 47 152 226 176 70 168 104 141 207 143 233 178 190 77 159 122 73 158 213 20 40 78 105 77 10 117 129 223 53 8 54 41 8 236 50 200 40 230 241 6 44 180 17 13 90 13 130 44 170 225 223 217 71 99 125 191 58 214 17 158 161 164 163 80 126 28 192 59 24 117 128 126 151 25 82 121 230 238 48 55 183 50 159 11 51 180 92 171 53 67 65 215 95 4 208 242 64 107 
89 147 226 65 196 192 187 203 161 159 216 207 184 142 137 56 82 50 108 146 48 252 244 84 148 124 43 90 253 222 127 79 204 189 133 200 252 190 192 238 109 138 33 46 0 209 43 118 187 14 133 181 130 201 147 40 35 18 207 186 5 70 189 115 45 90 205 239 73 108 23 129 186 138 152 85 113 171 149 52 195 241 70 71 181 28 68 181 112 106 212 234 157 169 126 122 185 11 202 39 223 187 221 172 244 110 106 254 208 51 227 165 98 174 185 134 119 145 61 30 174 24 124 43 192 159 154 108 
47 45 51 62 21 198 150 31 215 249 192 87 254 4 94 242 195 19 93 1 47 24 147 78 214 34 106 0 140 5 249 209 223 99 195 158 80 212 245 79 141 139 136 131 52 38 242 126 24 172 27 93 91 125 12 58 156 1 50 199 211 93 62 248 8 93 249 137 90 17 69 220 204 97 225 239 241 143 133 64 214 136 136 237 187 184 30 251 167 149 250 99 234 44 218 214 151 169 90 19 123 67 114 241 183 81 210 51 217 218 159 2 102 46 202 221 63 109 109 224 238 124 37 175 60 78 243 105 
221 250 146 77 10 52 245 226 133 153 42 130 98 16 230 244 207 197 33 158 38 109 186 3 195 164 15 63 76 91 57 125 16 1 200 7 146 145 253 97 122 250 153 58 31 233 209 83 192 9 181 139 249 167 236 240 181 226 145 198 56 191 77 233 254 15 163 126 61 233 90 119 29 80 195 67 45 129 32 58 185 27 224 215 190 182 181 116 200 88 144 215 167 235 180 135 67 191 215 67 98 61 88 166 157 183 144 70 97 127 124 17 83 186 49 123 92 75 109 155 251 108 46 28 145 215 147 104 
76 112 7 98 121 124 105 145 37 48 1 159 206 38 142 193 11 13 12 193 88 204 172 0 125 209 96 37 101 90 148 190 214 13 10 122 27 95 224 163 53 159 15 128 255 242 172 151 202 144 200 11 111 163 42 101 102 1 81 229 70 35 215 60 174 119 121 153 157 157 18 51 146 222 198 233 69 87 105 42 205 96 255 105 99 77 33 112 17 207 23 171 137 69 218 95 201 95 87 23 96 138 229 245 27 216 18 101 183 64 66 22 120 109 93 135 54 32 197 158 123 218 77 228 66 19 123 169 
112 57 206 191 229 88 153 3 74 231 137 72 62 50 168 99 97 52 183 3 145 24 93 37 134 53 161 159 169 73 109 1 123 240 40 71 81 183 121 224 220 241 183 141 211 98 58 160 249 92 167 128 185 198 144 157 69 32 150 241 161 85 146 0 242 242 149 205 174 177 41 242 194 3 96 239 229 123 144 26 231 78 44 154 32 125 237 108 219 242 111 38 215 5 154 122 242 208 210 242 21 248 121 136 216 242 95 75 81 193 254 0 179 13 69 69 139 167 18 201 96 84 167 128 191 93 200 6 
86 175 190 209 237 62 96 166 192 241 224 35 50 7 188 213 220 110 247 109 108 201 126 178 224 122 170 30 18 94 231 180 42 154 64 14 107 129 220 65 96 47 178 131 75 35 0 197 190 239 206 230 244 53 238 153 113 35 220 21 44 78 172 169 77 26 245 103 80 214 84 59 119 239 212 8 24 183 173 4 155 54 76 189 14 108 109 77 231 17 91 81 127 244 20 62 240 14 169 97 184 160 144 190 30 93 38 195 37 114 128 159 253 17 240 75 62 195 48 42 254 221 197 231 77 113 180 234 
170 73 111 107 133 10 120 68 92 150 205 233 87 242 54 61 99 224 169 243 245 152 72 61 57 41 11 120 179 17 171 224 26 26 114 37 99 47 65 83 180 213 248 177 195 36 207 126 26 147 116 87 60 110 166 147 142 141 158 239 158 87 135 37 224 41 42 254 3 207 8 54 129 3 205 147 245 128 110 111 191 155 49 202 220 92 254 172 212 11 231 51 215 196 7 143 242 61 34 195 186 132 170 203 223 89 201 143 84 147 160 195 192 212 167 231 80 250 163 224 201 240 179 63 88 176 82 135 
78 237 14 140 34 183 39 128 34 4 205 63 52 106 89 58 129 100 66 33 209 78 196 101 215 255 37 75 31 241 86 137 226 255 57 0 94 73 81 145 118 14 211 173 162 203 19 34 17 84 57 175 134 190 179 58 89 70 223 83 106 227 140 25 156 97 10 127 222 98 86 41 198 51 78 229 14 66 150 197 7 154 57 214 143 51 151 47 8 139 222 111 219 255 10 198 121 128 142 140 140 188 76 128 117 219 211 215 165 154 82 169 162 214 189 134 225 223 212 236 154 22 104 244 82 54 9 92 
83 64 132 255 124 197 88 48 193 229 179 193 255 28 63 61 134 247 225 126 53 16 30 97 224 77 133 73 143 186 108 66 30 254 200 136 108 202 232 101 11 5 78 193 237 170 118 221 22 120 176 172 71 164 230 9 187 16 243 234 105 135 228 211 172 63 59 242 173 81 116 137 165 204 15 159 114 220 87 95 27 65 110 141 30 28 76 197 116 238 119 26 75 174 101 105 58 222 44 33 173 90 201 217 101 82 143 20 186 236 13 32 247 168 37 105 25 39 217 10 157 71 189 255 160 81 136 87 
248 250 82 227 243 87 213 12 168 216 141 34 46 3 216 104 246 55 179 254 69 184 151 77 6 121 118 20 70 7 71 244 189 15 27 60 195 215 163 147 238 84 71 241 156 150 204 86 196 151 255 11 158 210 58 75 252 192 253 30 175 159 180 253 35 229 239 155 153 235 227 133 9 80 222 82 50 68 220 226 19 184 132 123 53 252 115 82 207 117 179 139 164 228 220 47 119 85 105 2 236 65 242 71 253 110 112 225 93 246 23 29 176 81 220 172 185 15 215 193 76 234 188 204 196 58 165 242 
41 85 237 6 80 139 51 119 141 29 43 23 79 21 179 220 26 13 218 128 151 73 144 129 251 249 210 71 6 212 213 101 251 238 69 6 208 26 129 34 164 130 232 131 52 240 147 29 218 225 81 205 253 169 9 184 244 179 36 114 187 71 180 4 103 251 114 218 151 222 36 255 124 193 94 67 144 175 18 223 114 180 207 87 131 89 181 122 33 65 174 184 9 180 157 15 216 181 105 161 112 224 81 61 93 243 131 83 125 200 2 248 67 147 172 249 146 97 137 35 51 202 0 43 48 71 87 141 
15 70 52 132 157 50 11 56 176 5 171 153 159 104 222 87 156 180 215 38 236 187 4 132 38 215 32 194 146 163 254 90 123 229 252 133 26 128 119 86 129 80 93 10 225 168 211 18 10 44 180 157 242 251 116 219 176 221 235 156 11 253 142 109 43 6 43 60 165 73 46 58 73 120 61 133 58 67 56 14 229 255 116 200 70 88 186 59 197 18 209 220 223 68 122 248 58 6 143 32 81 238 202 127 157 112 216 97 216 131 253 64 167 98 221 137 148 192 186 78 70 120 156 160 88 174 130 126 
10 189 95 41 163 168 134 159 241 221 143 219 27 131 115 166 47 52 198 164 123 9 190 106 126 158 87 166 219 208 124 63 183 50 189 216 44 202 98 67 98 96 225 82 133 210 152 213 63 145 122 230 87 152 129 108 39 237 112 205 114 139 96 137 109 217 5 5 226 138 217 91 51 22 165 228 62 238 102 50 106 230 62 88 12 45 169 247 225 68 19 101 185 163 184 115 60 44 170 85 140 103 0 23 155 112 1 43 183 1 94 102 121 36 138 208 141 153 47 17 141 103 193 252 74 125 222 182 
38 157 119 106 204 201 122 68 224 236 57 12 189 221 10 69 88 187 43 210 44 193 46 66 157 183 63 152 94 104 243 81 151 146 4 27 181 204 19 59 200 75 231 177 186 81 94 210 93 118 114 248 181 99 13 51 196 66 25 150 255 34 244 28 178 235 128 178 237 3 90 110 179 99 106 219 229 56 67 30 247 71 153 108 27 30 81 161 36 100 83 178 235 164 55 166 147 83 182 64 213 117 210 38 157 58 51 150 236 65 250 3 78 54 139 168 179 27 76 154 191 112 16 47 17 254 2 201 
114 112 249 9 245 227 235 30 59 159 234 160 17 215 146 166 234 149 169 254 143 21 127 104 240 133 63 185 170 48 47 23 130 248 206 239 219 69 196 52 140 186 113 254 196 219 162 159 37 74 147 102 38 160 44 191 166 107 44 103 91 96 211 171 173 136 34 135 157 22 45 209 26 86 14 242 160 91 11 41 173 153 93 103 89 116 19 26 1 82 116 77 1 220 38 149 53 82 111 104 124 215 129 17 68 232 124 155 143 138 221 205 127 183 13 111 174 231 200 132 199 189 158 181 31 193 110 52 
116 94 151 231 153 197 219 155 224 61 79 144 1 99 33 44 179 24 170 13 17 58 240 231 248 106 8 251 143 241 8 146 173 133 63 208 99 220 122 100 87 90 58 75 96 26 76 112 172 255 99 188 143 10 156 169 196 76 23 61 116 117 213 146 81 215 153 188 160 207 99 65 244 252 192 141 134 71 210 162 16 7 20 179 133 85 89 254 201 98 191 102 13 92 246 163 77 155 235 132 112 135 216 126 30 9 126 123 55 7 94 109 54 116 70 44 81 16 158 105 124 34 233 161 89 241 229 38 
230 185 48 133 158 178 100 83 13 128 20 233 178 29 232 83 60 44 159 228 182 227 5 112 49 126 233 164 176 220 155 54 185 108 174 102 167 0 60 244 20 67 90 150 231 4 255 1 234 3 28 71 68 102 138 186 144 218 146 40 0 212 238 231 61 40 66 244 231 247 36 164 167 190 212 26 22 241 45 105 43 87 24 156 32 135 101 161 176 102 122 220 31 141 68 93 117 25 137 156 58 106 206 220 4 122 11 202 86 122 58 5 201 178 180 48 42 32 1 60 189 205 9 15 222 148 247 93 
97 173 119 196 110 154 253 128 244 115 86 155 148 62 214 91 251 147 31 14 111 167 214 254 229 176 66 90 157 130 60 21 196 131 252 217 82 134 137 34 169 183 228 71 190 50 122 135 243 20 149 222 155 247 24 25 220 187 135 98 165 51 100 111 7 140 154 110 127 214 219 17 156 84 26 78 169 156 140 209 180 35 206 143 142 77 117 22 31 88 200 24 122 62 89 72 39 217 29 124 135 94 184 19 61 22 243 85 161 172 113 235 13 9 20 159 156 135 36 9 169 135 89 236 77 21 56 184 
92 92 46 183 85 197 220 41 106 100 184 159 151 61 13 212 235 34 166 117 200 7 24 240 86 69 166 41 182 214 68 83 140 28 202 112 138 10 8 148 68 158 220 178 29 43 2 171 252 142 30 252 162 199 222 253 126 4 58 64 89 197 161 136 224 119 81 132 57 54 71 29 16 102 242 49 239 10 11 78 144 217 70 120 246 147 113 72 222 223 58 236 223 36 215 15 146 10 165 96 213 178 25 189 157 239 7 209 185 44 229 148 93 140 218 101 107 84 238 119 214 87 238 79 205 7 16 199 
20 49 243 14 49 100 11 246 183 184 32 0 184 137 243 117 137 136 154 108 217 101 53 20 0 41 211 60 55 149 140 223 166 126 117 148 202 221 168 247 145 69 40 193 177 13 238 55 251 107 31 241 167 101 72 47 39 220 30 83 188 13 39 180 208 182 56 114 125 129 15 90 1 150 215 90 32 37 56 201 36 186 197 18 96 14 174 133 240 127 160 33 65 64 238 230 176 132 2 7 32 214 199 136 241 189 56 56 132 203 216 182 80 44 210 53 7 174 31 237 6 109 77 77 141 207 145 143 
184 18 213 105 89 218 68 89 57 205 194 93 79 163 93 107 217 232 204 57 242 6 110 218 150 79 245 140 206 146 84 236 84 216 44 62 150 136 125 205 191 131 68 188 229 120 166 29 39 137 122 124 3 20 158 141 69 41 5 202 35 127 248 41 187 47 169 215 194 93 158 10 238 16 223 128 64 46 247 7 234 68 86 18 195 74 178 230 153 38 171 231 128 81 115 90 197 148 105 162 160 138 251 122 236 156 1 212 68 215 72 247 252 3 62 194 78 247 142 195 110 137 178 102 171 96 133 240 
192 1 183 246 170 132 76 0 205 157 48 252 31 162 127 154 67 16 8 76 241 122 47 225 101 93 6 187 223 211 114 128 200 248 254 51 18 208 245 173 208 54 182 177 50 191 237 169 101 195 204 161 139 18 21 233 63 96 61 150 153 29 213 100 81 108 111 199 103 204 21 151 108 139 226 145 215 217 77 82 126 32 137 42 213 89 30 215 246 87 12 74 93 254 116 33 168 163 26 238 235 143 158 99 74 190 179 170 156 175 146 240 169 145 37 208 184 111 42 137 25 23 4 53 57 163 160 208 
37 155 114 216 160 79 48 110 81 99 171 80 189 248 96 254 68 4 192 4 39 39 136 105 0 206 156 226 198 242 60 1 233 133 5 223 34 94 139 179 121 187 44 147 44 66 194 58 122 220 78 4 201 236 231 244 27 169 108 183 157 97 91 139 96 110 53 92 174 60 105 132 222 185 136 116 229 198 41 53 58 108 212 125 153 74 11 13 214 189 99 52 101 95 108 184 224 106 71 108 234 76 130 197 137 159 183 23 110 204 232 145 82 246 17 236 186 57 229 235 58 71 199 140 171 183 78 83 
114 115 129 60 244 20 250 213 215 164 223 34 99 198 137 174 246 78 153 131 71 30 194 119 61 187 71 134 94 197 118 147 50 163 228 22 198 69 155 123 41 140 236 107 53 30 109 20 242 55 55 75 196 77 82 141 150 68 90 55 206 121 150 194 101 181 117 225 70 93 104 134 99 170 13 241 189 151 176 17 210 19 31 219 226 162 2 254 236 44 109 140 103 119 245 250 179 19 49 126 246 20 201 47 103 228 182 164 126 51 30 112 116 80 254 213 6 7 153 80 158 133 175 76 90 214 236 6 
98 125 1 158 114 32 117 253 62 155 182 138 178 31 156 146 182 243 57 6 254 63 113 137 100 243 83 134 131 133 230 239 219 179 200 139 137 49 224 69 104 25 242 21 231 224 232 38 13 147 222 82 5 39 13 33 95 230 151 187 230 195 138 160 160 52 101 66 89 60 121 71 133 36 145 179 132 155 207 4 19 28 181 30 227 92 98 171 121 238 109 112 28 135 121 7 16 28 140 125 110 17 188 138 187 214 235 130 76 216 148 65 204 39 189 132 141 75 84 199 209 117 79 202 126 171 5 87 
116 226 94 207 255 18 62 68 243 195 231 163 156 146 167 4 130 69 63 180 129 239 39 32 86 168 63 126 126 50 24 182 127 55 207 228 77 21 95 142 248 222 204 160 130 174 249 127 248 206 249 174 245 201 39 172 226 237 250 10 204 37 13 31 58 68 174 83 37 129 164 70 41 9 224 162 80 220 244 155 185 237 48 200 58 24 105 140 93 35 87 6 241 218 144 209 249 65 18 11 212 100 199 177 59 20 29 199 203 96 128 73 120 19 76 223 106 174 99 177 253 61 21 247 205 104 81 191 
128 20 159 162 240 181 206 17 39 1 200 227 249 231 89 61 99 201 131 63 176 150 156 213 126 88 175 138 246 30 187 119 61 73 136 227 136 132 120 76 157 251 193 45 75 161 181 111 150 12 48 152 158 22 2 8 115 177 247 177 215 88 252 204 22 145 232 237 229 6 176 62 177 103 218 96 179 197 97 153 250 83 208 242 33 235 40 213 126 4 202 213 211 117 79 137 77 107 93 132 184 178 31 208 237 123 131 114 156 131 123 117 34 89 114 3 174 119 246 122 192 105 238 87 236 64 62 121 
60 7 31 102 192 50 41 7 221 126 87 138 120 75 159 171 100 82 166 227 137 54 224 205 248 234 118 202 83 181 16 132 237 7 92 227 37 18 111 94 148 122 99 241 177 131 79 166 140 140 181 94 35 143 245 31 208 232 250 68 232 221 95 226 80 51 131 230 228 34 151 108 162 166 219 26 218 17 90 56 207 246 209 200 9 30 133 154 138 25 162 167 20 161 58 75 13 42 189 107 203 164 214 224 227 69 201 98 233 9 76 31 244 200 129 50 132 147 77 37 178 170 252 249 115 120 83 78 
198 64 249 195 127 149 84 80 157 197 188 215 40 97 18 21 205 64 203 26 239 123 237 102 24 240 182 192 252 222 182 181 106 34 138 130 114 147 204 199 250 212 136 252 77 69 135 110 163 74 10 179 157 69 227 189 176 97 190 119 1 154 71 159 214 184 208 69 166 72 62 130 230 162 145 129 30 158 92 57 11 12 43 251 169 92 24 76 191 141 134 74 52 27 249 191 159 63 88 26 2 207 77 14 129 61 136 87 59 24 228 50 169 210 199 160 70 189 214 244 165 100 228 155 95 109 74 178 
219 113 156 170 116 241 188 97 245 194 226 189 166 40 177 92 123 170 62 131 60 132 196 149 169 33 207 95 221 76 222 127 145 114 238 47 174 85 127 48 203 218 117 110 206 250 235 222 187 107 175 239 7 17 31 213 237 70 203 106 106 15 196 47 84 236 8 129 126 8 160 183 217 237 129 9 8 244 16 130 108 33 238 158 232 249 82 150 114 145 72 88 190 67 173 164 175 37 246 95 34 189 151 201 191 141 24 100 21 141 9 244 202 227 221 202 36 93 174 114 254 50 225 106 34 169 18 157 
132 21 37 131 135 226 28 89 214 197 13 27 178 96 78 89 57 93 126 77 46 48 224 70 203 53 113 231 79 109 137 147 128 41 141 112 215 118 210 98 97 115 167 158 133 60 85 166 168 142 47 214 144 35 83 26 172 253 176 187 202 253 195 39 216 246 159 247 179 113 202 241 228 27 215 240 69 12 26 150 183 59 163 81 137 10 231 122 98 150 249 245 93 104 169 160 237 186 139 172 236 250 170 72 112 67 170 151 67 223 113 34 74 147 81 246 227 169 202 102 66 56 51 52 77 245 110 59 
230 115 52 83 230 255 255 47 21 231 56 126 88 213 215 53 62 180 242 59 50 102 34 177 228 178 47 153 133 126 254 8 94 188 92 84 119 127 67 64 47 119 50 87 216 29 63 50 100 163 147 121 130 72 122 110 155 89 122 133 162 255 40 141 213 234 236 26 108 56 224 156 67 9 91 220 173 46 206 167 170 47 18 233 36 68 239 185 213 161 73 104 141 5 208 85 109 136 199 53 248 209 53 165 3 19 242 91 1 26 137 140 51 74 164 135 34 171 91 197 55 144 184 222 209 220 118 174 
111 152 11 96 104 166 244 16 67 240 137 212 220 166 106 184 11 158 19 72 89 31 88 230 88 150 232 205 40 85 43 142 59 136 134 205 8 86 52 121 62 195 253 144 198 40 76 219 110 215 3 148 210 165 189 197 93 61 54 173 30 195 204 145 63 50 46 52 8 80 186 110 240 104 144 84 238 229 29 19 195 219 22 153 230 223 29 224 141 10 199 43 136 200 179 82 15 224 161 251 224 252 79 78 104 86 131 234 65 240 226 241 220 130 204 46 28 181 121 42 161 254 185 141 45 118 243 150 
70 89 54 68 83 16 186 61 29 85 2 192 100 183 174 128 1 98 96 153 136 108 2 170 123 203 179 136 65 198 157 66 3 183 43 179 99 88 167 243 131 124 235 235 12 46 7 20 191 198 125 138 174 54 136 56 39 26 55 163 24 175 188 115 216 101 252 5 220 106 121 211 139 25 239 144 91 225 128 231 51 236 104 114 182 45 64 131 53 180 15 26 193 139 203 193 135 36 96 89 244 176 110 48 246 10 210 179 7 42 34 206 188 227 210 204 193 79 230 242 241 64 56 253 160 39 62 148 
10 226 36 105 93 21 176 217 240 104 115 244 196 133 233 46 251 37 253 54 255 150 198 17 161 43 96 34 177 16 120 98 246 224 241 29 235 157 157 196 31 94 139 13 227 11 152 116 209 240 4 80 207 251 179 159 63 192 59 111 216 15 64 234 169 5 90 18 224 11 13 108 205 58 93 23 130 246 53 129 218 82 69 246 21 154 145 35 60 172 73 75 66 190 89 87 178 32 212 218 216 23 38 43 238 114 227 171 74 8 162 144 232 98 92 188 174 59 192 13 248 101 211 244 231 247 129 241 
182 161 139 210 177 190 134 124 54 160 48 88 254 14 163 100 84 242 33 212 228 244 206 58 73 59 155 58 214 74 33 124 67 226 106 83 228 6 252 145 144 39 73 170 100 120 158 103 100 145 54 131 136 39 31 67 44 156 133 23 30 207 251 87 205 125 4 205 2 145 25 83 235 100 48 11 34 223 141 37 5 6 49 200 182 13 180 228 110 217 219 73 144 3 155 140 167 59 241 107 113 143 149 179 6 75 101 143 128 237 172 119 169 98 69 75 253 198 193 211 29 147 232 64 178 202 38 211 
225 169 62 94 250 49 176 141 159 171 42 186 176 244 184 253 81 54 158 120 244 126 75 140 108 71 40 164 180 195 13 35 21 172 219 166 141 159 230 17 231 197 128 116 52 33 111 38 180 255 225 93 50 243 198 34 221 224 241 120 4 50 59 28 16 170 119 190 137 128 145 171 123 253 6 156 197 15 248 75 154 123 248 156 86 251 194 134 244 16 53 4 125 224 189 254 77 254 101 227 131 237 78 166 32 143 85 32 3 81 56 218 20 54 16 182 72 39 100 87 11 211 57 236 28 194 255 175 
142 143 81 205 100 128 48 116 219 232 166 30 166 222 99 189 132 183 71 147 139 137 223 103 210 121 137 90 126 220 228 182 204 233 193 150 47 55 33 197 173 143 228 104 98 210 123 233 140 165 227 51 89 173 242 8 149 135 248 46 127 147 227 202 191 232 31 22 188 162 70 222 210 184 113 224 99 89 95 206 169 4 129 129 116 27 79 6 26 116 191 157 234 56 180 170 234 1 232 58 68 206 109 215 247 77 7 158 250 52 119 191 76 53 151 248 214 90 131 0 71 39 103 195 212 31 188 45 
166 82 190 10 141 13 138 101 30 105 23 58 129 118 35 83 218 254 73 18 252 79 83 14 251 105 125 215 28 32 36 228 225 141 242 1 100 26 6 171 149 62 91 64 208 100 49 118 193 96 63 62 239 73 242 110 170 183 238 211 129 240 32 54 237 10 22 101 159 126 110 150 57 168 32 237 197 211 48 242 68 213 85 139 40 186 184 247 190 207 249 176 17 91 136 37 82 243 178 83 80 159 0 89 27 219 5 75 255 214 103 249 53 148 92 221 96 90 218 7 190 185 186 136 38 114 110 112 
204 148 22 169 247 121 146 104 12 151 222 163 128 121 241 229 4 65 206 88 215 97 199 205 78 104 126 99 182 131 142 192 250 254 207 251 244 249 17 79 104 28 105 68 244 241 235 211 156 240 212 189 153 37 92 32 72 105 237 153 26 93 226 127 43 188 24 70 171 140 32 77 153 143 172 52 241 78 216 174 187 137 59 243 79 249 13 51 95 240 192 31 158 223 12 225 17 118 14 33 208 91 124 39 17 105 69 6 116 95 82 72 116 141 117 75 72 129 104 154 171 142 80 101 169 201 152 82 
95 116 102 80 219 60 168 218 241 180 196 28 126 56 208 156 78 134 246 194 16 93 202 72 28 248 26 62 90 203 243 23 120 229 69 214 184 123 158 157 66 50 201 199 63 217 101 1 149 122 113 41 57 34 152 172 241 36 136 109 53 39 92 87 253 129 88 21 106 223 17 236 29 210 246 234 84 8 204 135 14 159 36 160 43 229 42 114 132 25 22 163 131 161 246 39 210 159 29 149 182 133 196 109 76 107 248 212 229 144 149 42 146 199 255 51 251 146 112 60 215 145 206 56 2 107 103 85 
39 212 182 71 237 13 30 182 31 104 20 243 48 133 57 132 106 39 10 78 24 89 146 161 37 196 215 48 221 191 169 247 140 239 5 17 11 158 160 116 113 227 139 89 47 148 242 161 23 199 248 190 94 79 148 145 181 24 60 211 109 244 238 213 191 57 9 141 152 58 20 79 169 21 178 40 145 197 40 156 149 203 184 57 135 112 154 131 93 57 74 177 2 198 18 70 141 67 180 242 50 223 207 15 185 213 134 246 25 147 230 138 171 163 146 168 180 98 247 63 177 69 196 2 170 47 183 169 
134 211 68 32 105 69 99 151 235 247 99 174 212 46 49 162 142 90 61 163 68 19 251 239 220 64 52 28 137 94 8 14 228 208 183 206 60 69 164 64 56 31 194 87 173 123 131 236 13 231 112 121 196 219 88 222 2 253 156 242 70 46 100 227 175 45 137 157 192 124 66 228 34 91 17 218 4 113 165 255 104 213 187 155 182 244 114 16 48 76 22 51 65 174 243 147 2 78 54 94 86 160 19 195 130 223 158 37 227 147 163 67 106 210 85 25 4 244 196 66 158 227 101 0 75 109 82 21 
181 96 232 3 55 222 20 202 158 197 254 48 150 138 35 120 7 171 114 67 228 51 84 13 91 211 48 108 75 231 218 93 120 192 42 127 220 159 204 147 51 15 92 47 103 41 208 11 144 166 154 116 194 212 19 213 117 146 140 126 6 219 190 108 57 80 181 218 148 200 145 52 23 170 112 81 108 60 42 59 127 220 167 17 77 73 213 193 125 65 221 134 187 224 136 51 180 140 131 137 84 16 160 26 165 158 82 235 229 113 17 93 45 183 164 40 179 197 212 115 216 230 78 77 151 5 122 75 
79 56 40 225 36 37 249 171 44 240 67 34 75 202 7 192 146 235 192 9 2 78 141 182 208 219 81 215 89 24 101 15 112 145 230 35 29 207 245 226 220 68 151 121 100 135 249 193 114 253 13 237 204 76 57 117 175 235 130 202 20 240 89 32 150 179 116 65 179 62 143 242 208 189 125 84 129 125 184 213 255 253 65 51 183 20 95 19 36 2 236 161 63 253 236 45 56 255 3 236 211 225 179 14 239 229 19 104 27 79 1 17 69 207 77 84 85 102 148 76 33 209 83 241 152 34 49 162 
116 221 248 211 181 94 196 67 160 197 182 233 197 176 120 190 66 235 111 16 146 249 101 119 124 183 6 72 230 161 82 88 42 111 200 62 205 144 95 247 189 116 42 152 91 254 252 24 245 110 246 136 114 155 68 45 185 109 67 146 92 71 247 41 67 162 225 39 155 223 194 244 43 11 24 164 171 97 5 128 187 243 77 199 132 222 82 197 65 114 95 106 172 113 119 75 41 184 35 230 235 18 31 37 135 71 81 117 216 31 130 91 135 127 126 232 116 214 183 164 91 82 213 156 232 129 164 230 
253 232 100 224 203 196 56 129 99 195 88 46 142 7 186 6 49 239 156 58 250 35 139 13 34 80 240 81 128 21 105 251 8 111 194 73 5 234 194 85 221 16 42 36 233 147 186 152 74 13 218 151 27 179 163 35 113 211 49 4 17 171 136 176 231 241 202 195 106 125 170 254 201 125 27 118 8 123 190 49 58 162 188 75 11 94 170 177 249 222 235 112 163 247 110 221 156 117 68 71 211 114 98 75 64 162 228 139 113 83 2 24 38 69 92 4 183 209 2 28 17 14 153 99 234 34 107 185 
247 59 87 92 226 236 86 130 103 114 5 127 193 91 44 108 144 233 2 137 209 11 254 235 48 25 180 133 51 82 41 166 45 113 176 57 167 30 31 131 153 3 210 106 146 207 4 146 134 78 159 236 127 115 250 68 199 103 229 166 236 121 30 198 79 151 78 10 126 134 253 163 18 191 213 128 197 158 17 54 30 211 239 249 101 72 202 2 4 115 169 90 95 222 196 196 133 203 31 190 99 226 208 116 242 79 20 43 192 211 86 134 27 53 194 90 24 37 57 111 154 105 29 16 102 57 207 60 
196 206 129 231 205 130 251 68 102 117 179 154 9 161 33 133 27 50 27 211 11 26 225 83 68 9 63 165 227 88 226 91 200 21 160 26 213 6 10 252 105 205 167 33 42 245 81 143 48 34 26 101 66 198 234 201 15 72 121 162 36 148 119 238 91 25 164 139 212 217 213 212 114 220 251 24 28 194 144 179 147 56 232 199 81 180 189 121 67 217 96 195 50 165 116 124 198 215 243 3 158 221 237 179 104 58 161 35 20 182 147 182 170 85 32 186 140 134 235 124 147 193 211 77 95 224 151 19 
212 154 90 158 77 210 97 38 25 7 31 132 165 199 120 222 229 235 181 154 209 233 143 186 56 145 229 231 224 19 189 154 255 165 0 251 43 173 45 219 52 130 55 199 158 221 99 36 205 234 240 183 227 18 45 117 189 244 26 127 120 219 177 159 56 55 79 59 14 51 172 122 191 196 201 220 246 198 132 11 108 158 2 130 250 138 104 86 217 125 169 239 82 69 213 27 243 158 75 198 222 35 92 12 39 90 86 235 216 0 226 176 128 20 63 61 9 190 199 143 16 238 135 160 106 78 102 42 
7 37 250 61 151 158 40 61 158 2 244 175 232 31 96 173 44 130 86 250 191 177 74 55 235 227 198 2 30 81 90 167 35 246 214 103 13 4 114 145 207 26 133 90 41 149 63 126 39 234 185 149 37 89 242 160 175 169 73 130 84 140 248 53 163 132 61 165 123 179 174 124 131 115 93 17 199 87 122 157 94 202 34 68 185 75 23 245 133 19 42 253 194 27 146 189 42 142 196 203 56 42 8 97 123 83 248 78 25 63 81 177 90 191 141 114 82 44 196 104 140 131 139 198 48 37 187 145 
178 110 89 69 170 220 206 234 104 65 184 184 58 62 250 105 105 146 36 15 247 61 193 223 36 232 172 204 91 225 62 247 133 74 87 137 169 39 130 49 86 73 140 172 131 153 91 109 112 110 77 86 153 7 218 76 11 185 107 217 108 239 88 205 220 36 56 189 30 220 82 248 75 43 53 9 95 108 32 45 54 206 70 220 47 6 221 163 226 230 162 204 37 97 125 163 113 239 108 223 199 190 81 141 98 109 40 20 241 155 143 248 151 26 223 182 240 19 100 196 81 56 87 208 64 255 32 194 
167 140 192 13 234 209 44 115 226 190 112 213 236 106 239 220 158 168 17 83 12 162 19 76 90 226 136 178 244 4 160 223 130 131 163 147 231 35 203 27 177 40 120 129 17 118 234 5 241 90 40 95 255 237 242 38 16 28 212 87 226 216 64 93 63 143 39 104 222 171 156 17 46 252 46 244 204 8 59 36 163 188 86 143 244 157 122 175 231 218 34 250 153 29 119 134 173 171 184 88 99 249 120 202 223 182 140 114 65 243 202 85 73 27 27 77 210 228 3 254 147 241 208 24 75 107 29 241 
172 39 56 249 143 249 128 219 33 137 46 250 23 89 4 111 105 161 253 162 163 113 243 159 168 85 188 29 14 214 209 241 230 176 112 111 150 177 120 224 99 154 80 204 209 149 194 171 149 105 54 3 133 1 75 140 101 11 65 206 3 57 242 249 18 26 129 160 119 130 246 227 93 105 74 219 201 30 129 9 69 43 140 94 159 155 151 91 211 100 168 244 190 42 197 136 195 50 43 117 75 245 10 4 4 167 164 39 179 177 238 116 154 45 8 52 85 240 138 44 115 92 214 184 115 249 183 13 
125 38 249 96 88 136 61 159 18 13 139 49 151 104 73 169 22 238 8 146 102 139 191 238 196 159 243 78 141 33 169 170 114 19 42 57 32 133 52 227 149 122 13 107 111 176 127 250 69 65 139 3 11 22 165 133 28 50 88 227 21 242 63 155 208 63 134 139 184 99 29 67 193 18 107 20 98 213 84 9 49 248 24 158 110 134 42 156 42 66 96 30 129 114 46 45 52 177 74 195 36 222 43 115 123 73 218 130 103 198 251 73 30 1 87 56 199 247 48 219 127 203 25 76 200 236 67 163 
92 98 77 130 96 210 172 96 117 243 198 143 232 225 198 111 206 160 64 82 92 219 11 106 245 116 23 236 122 110 144 247 25 82 97 49 151 0 53 179 164 43 224 96 98 51 253 168 14 216 246 132 244 27 124 76 190 181 174 138 245 158 114 160 57 56 145 148 248 216 236 113 234 171 171 69 209 45 215 63 24 21 238 72 174 239 52 179 8 238 236 7 63 50 92 198 139 72 9 89 3 221 222 127 39 116 193 181 205 75 1 82 178 7 197 59 38 239 54 130 36 142 83 74 120 175 221 239 
123 53 210 25 95 206 57 48 153 205 206 7 184 78 166 129 54 190 166 255 16 204 42 122 33 26 103 122 216 118 117 253 134 107 76 200 82 28 181 147 181 84 215 8 142 209 161 43 18 55 124 32 4 179 196 97 32 43 155 125 139 217 136 142 200 194 188 219 235 131 235 16 196 164 251 81 114 37 141 114 126 105 105 36 3 48 241 67 151 181 44 32 190 89 126 239 189 35 97 148 78 152 82 7 87 85 51 90 47 251 109 161 139 150 54 8 12 224 134 132 207 204 213 3 131 42 125 234 
