225 128 62 81 99 120 110 75 61 110 214 35 62 1 234 191 47 58 228 80 181 184 17 147 198 102 215 219 102 172 231 36 71 217 72 62 98 117 10 74 88 251 130 176 17 109 238 197 177 45 241 20 2 215 190 231 221 61 226 202 111 232 244 120 92 211 61 225 218 169 107 25 214 161 170 59 57 183 5 199 208 17 249 36 245 234 61 143 180 167 6 226 76 185 243 210 75 102 183 217 145 154 57 20 26 34 182 140 227 63 114 69 95 46 12 205 115 166 246 51 186 10 96 153 18 74 28 89 
159 238 111 140 176 216 217 62 176 188 121 189 65 83 18 168 172 70 124 86 81 211 185 72 34 243 190 26 136 116 72 151 117 144 136 51 64 110 176 68 86 29 186 67 117 238 77 223 106 79 251 3 182 56 100 148 246 78 134 76 64 121 22 31 96 195 191 186 165 203 19 141 216 36 152 164 222 181 27 9 188 160 41 151 69 99 15 217 131 124 164 141 82 22 55 200 95 139 194 206 234 19 61 68 32 100 37 79 241 39 194 74 115 150 65 173 83 169 75 147 146 24 41 232 48 2 98 96 
119 169 101 182 129 120 3 2 194 180 224 27 29 253 210 30 51 92 133 133 71 85 213 249 223 153 4 147 174 229 107 32 76 87 221 15 92 174 128 88 126 48 25 7 54 122 156 136 168 231 146 3 97 178 203 11 88 1 138 20 49 108 184 164 33 96 208 169 39 142 55 158 189 50 56 49 128 26 4 100 203 20 190 254 160 75 119 243 154 172 247 174 174 178 49 120 162 25 149 141 169 114 48 36 124 156 191 96 202 30 105 8 33 16 23 63 159 204 70 151 117 198 243 1 190 71 248 240 
255 104 148 146 230 208 211 201 201 65 243 200 15 243 58 218 62 219 101 142 164 169 217 182 242 10 163 14 37 195 24 221 214 41 244 143 223 206 51 25 152 58 15 171 212 73 60 218 165 220 188 201 225 238 67 15 0 157 181 143 19 111 96 120 25 81 11 4 201 246 11 62 97 131 188 44 148 132 167 13 219 5 26 245 60 245 81 189 159 220 196 95 157 169 50 116 255 186 117 63 86 86 55 170 196 90 152 67 225 22 181 169 145 174 108 150 10 179 66 248 33 156 154 80 240 196 118 198 
177 210 111 136 159 250 233 240 147 32 113 85 101 158 201 185 170 56 251 190 14 220 48 110 222 79 225 7 146 2 249 171 216 37 215 91 254 235 137 43 232 144 91 17 14 135 208 18 15 51 131 99 9 243 178 209 215 55 23 140 240 116 66 231 26 0 180 93 190 80 145 199 159 157 243 123 244 181 87 8 170 207 94 112 149 32 8 205 252 96 21 0 49 173 57 147 26 201 191 118 98 222 224 47 205 139 174 12 214 163 237 48 153 31 140 171 46 119 7 116 215 220 75 60 31 43 196 80 
163 230 149 200 107 223 156 115 16 45 83 167 18 232 251 186 197 89 82 30 250 251 170 160 21 142 238 189 234 114 59 36 189 202 32 25 117 20 145 210 74 180 66 217 6 62 106 99 108 165 164 31 227 10 77 212 231 212 113 16 115 205 177 214 144 174 125 230 51 234 174 66 43 225 169 100 65 48 130 65 216 18 226 130 245 139 3 14 53 188 125 161 130 65 23 38 72 28 39 70 192 201 7 32 145 244 96 203 185 104 130 145 35 62 149 221 137 56 110 0 230 21 92 94 198 167 38 143 
53 73 46 15 2 97 78 95 146 67 240 43 13 59 222 211 71 236 139 52 137 193 33 240 76 3 122 237 75 223 58 65 195 165 14 168 9 50 207 146 205 51 208 23 16 107 173 164 152 217 16 253 20 90 159 27 236 145 93 38 59 173 217 192 240 124 70 234 43 221 132 109 80 113 133 130 113 5 131 34 162 41 129 177 26 234 107 191 42 170 94 253 138 0 179 99 78 41 182 232 49 109 190 15 3 29 112 166 30 164 0 172 186 136 245 193 197 229 219 251 9 4 25 62 105 146 215 214 
222 124 143 2 34 7 146 252 194 163 178 2 43 2 77 107 212 140 44 13 172 101 165 198 173 120 56 21 142 143 55 173 113 88 235 128 247 252 70 175 191 252 246 150 56 110 154 104 156 109 77 114 97 46 94 233 113 166 190 216 178 182 195 102 229 144 78 146 6 203 104 156 213 6 170 182 226 218 176 22 157 75 91 161 23 120 188 148 52 216 175 140 96 254 124 51 14 248 110 72 174 207 59 23 47 3 149 137 71 72 113 239 24 46 159 170 209 153 39 138 251 53 139 244 119 113 193 23 
81 51 6 82 179 8 222 222 111 255 20 48 145 239 20 250 246 21 32 239 59 190 182 57 72 15 79 113 223 22 71 93 161 171 126 180 50 3 180 147 39 39 154 24 116 155 18 19 214 19 116 91 1 232 125 47 20 216 231 69 199 70 3 117 21 255 55 165 27 8 226 50 64 78 179 155 161 147 101 206 174 71 61 13 168 120 188 112 96 88 237 196 92 22 7 237 125 30 41 125 174 66 223 175 105 57 99 58 174 62 105 5 148 25 133 136 79 247 231 68 240 166 100 137 70 237 95 75 
154 63 82 102 210 178 227 225 181 123 159 11 121 123 133 76 34 23 143 226 25 132 64 23 25 34 85 212 29 187 200 131 25 38 5 79 125 181 62 63 126 250 13 5 197 130 60 126 185 85 0 74 95 38 34 169 11 88 59 108 214 128 127 84 125 0 187 204 118 212 244 156 234 248 58 222 32 223 189 58 76 204 118 116 198 218 109 139 183 223 106 238 31 215 254 189 22 60 249 204 28 55 114 55 150 7 123 65 216 217 32 236 244 217 126 202 117 64 133 208 125 131 221 182 41 102 88 70 
168 196 189 82 251 77 148 46 15 123 213 28 117 5 116 206 239 139 102 221 62 240 60 47 62 137 215 234 11 245 193 212 7 227 109 232 94 166 254 241 99 252 210 78 177 74 102 73 25 41 169 127 245 106 82 182 211 248 34 37 224 1 123 37 238 254 200 214 120 107 249 176 45 58 133 159 140 244 174 213 50 217 94 99 117 104 76 128 226 105 52 180 254 100 61 36 81 250 211 25 8 29 105 76 112 29 232 115 233 146 85 181 212 58 81 178 215 46 69 226 181 179 168 151 252 251 193 123 
94 196 134 252 49 243 20 198 138 98 197 22 14 114 73 64 66 29 245 18 98 93 18 20 252 37 102 27 234 126 12 157 124 153 0 174 141 202 173 7 61 143 196 26 19 217 134 22 242 13 214 86 53 132 101 37 217 148 1 23 39 177 56 182 29 216 33 194 130 76 162 162 193 99 215 103 214 88 2 222 69 4 250 166 62 76 185 70 232 198 180 11 116 158 197 41 113 196 216 211 194 246 36 148 172 182 255 251 120 187 136 87 109 253 240 15 160 137 202 254 253 103 96 199 166 136 181 8 
87 149 47 27 54 100 79 207 83 58 69 2 43 207 48 3 226 146 254 33 36 45 90 28 206 187 85 201 12 11 116 99 18 170 219 155 169 25 191 239 76 66 198 218 37 204 76 80 103 206 219 208 232 27 6 131 220 43 14 108 221 4 233 89 225 91 153 22 16 234 63 91 1 190 234 175 30 199 114 18 88 55 237 120 112 35 102 77 194 37 146 178 118 17 96 220 122 107 56 170 179 191 127 176 83 159 237 30 155 192 167 72 52 55 190 226 52 161 54 0 140 225 253 128 116 141 230 214 
59 51 247 111 4 231 194 35 215 214 54 57 254 119 101 38 217 169 99 124 116 220 113 22 171 5 169 224 210 250 100 56 244 215 37 154 181 151 123 54 43 37 197 238 250 55 7 64 118 14 61 143 142 120 216 161 70 112 200 186 224 165 205 179 228 197 205 139 33 248 114 22 153 98 209 168 212 149 20 203 80 181 80 190 153 143 42 50 6 2 157 44 201 86 189 224 216 96 81 150 241 87 190 135 20 38 96 215 138 188 60 238 254 129 10 81 224 109 36 209 139 38 65 89 216 72 216 115 
154 127 58 170 195 184 197 162 115 152 151 119 58 119 87 205 157 71 58 158 219 163 210 219 143 244 161 201 114 203 125 89 86 118 10 203 76 189 56 98 50 243 193 176 209 17 41 43 199 17 142 186 167 118 240 4 78 243 248 82 36 53 13 242 97 115 241 32 208 138 170 69 130 17 21 179 41 212 9 163 124 16 252 226 88 233 83 215 172 246 203 111 55 38 208 164 41 204 113 231 70 3 128 123 58 178 99 76 233 153 202 175 96 121 123 237 68 229 144 155 115 109 60 71 172 151 22 9 
13 215 91 29 216 216 180 12 242 143 228 197 167 250 195 55 128 217 123 233 54 147 136 84 237 116 14 37 209 232 175 9 219 162 230 44 17 234 254 129 164 6 99 169 77 53 12 205 114 98 153 187 10 32 117 58 5 185 211 38 159 10 77 120 38 147 175 117 105 73 108 19 18 158 9 71 41 44 80 63 81 229 66 235 250 204 238 219 109 131 20 244 204 250 75 114 194 233 116 4 145 141 157 241 197 7 143 240 124 50 188 56 179 113 8 95 12 166 58 11 85 56 174 239 81 74 156 116 
117 242 167 208 195 139 19 231 107 125 175 25 8 184 19 211 128 240 29 44 69 28 20 197 42 51 252 21 161 12 168 222 100 29 201 46 2 207 95 216 64 193 232 143 123 213 145 75 90 93 23 75 247 41 205 68 75 25 215 67 139 60 86 54 124 182 186 46 33 106 33 7 233 249 134 57 196 157 41 209 195 228 46 98 62 175 5 254 248 46 45 65 228 0 55 9 77 137 221 58 34 32 22 39 149 23 181 100 47 223 144 104 118 101 18 212 199 236 224 118 113 68 46 93 100 31 143 193 
80 29 216 89 230 28 5 147 234 188 112 151 79 3 219 162 231 174 48 83 198 119 217 228 53 251 91 122 67 161 251 26 11 208 178 225 177 161 82 188 51 193 137 23 76 198 101 102 41 214 236 195 194 180 15 26 194 49 160 113 174 158 173 226 44 150 190 121 165 224 185 184 240 170 153 154 14 93 204 141 177 9 174 7 254 194 24 151 121 175 24 189 203 202 185 178 182 216 185 155 52 15 10 187 14 203 255 88 62 176 214 175 13 167 167 103 139 60 229 102 189 63 54 5 37 137 75 63 
31 65 130 198 161 69 116 235 201 173 20 138 106 49 214 142 156 6 125 115 121 94 243 45 163 53 141 39 117 202 195 123 194 12 62 172 7 94 13 213 150 249 171 228 153 92 243 154 150 199 121 192 208 117 254 239 61 231 223 249 236 193 60 2 132 153 45 228 235 48 11 44 246 232 167 211 114 92 62 217 234 82 74 29 109 138 128 10 15 34 189 67 60 183 50 61 152 182 67 95 3 221 70 15 89 211 73 216 132 124 141 119 203 7 76 0 65 75 102 33 217 59 238 87 117 155 79 249 
7 40 18 171 82 75 46 217 96 106 17 12 80 166 95 51 232 150 117 149 51 140 182 51 169 89 123 42 74 207 173 20 50 195 218 150 249 200 235 65 102 141 101 6 247 198 158 192 54 149 156 162 211 137 130 34 244 30 111 101 33 251 28 89 197 153 155 230 83 166 59 74 22 218 242 217 92 170 69 163 225 60 50 232 84 51 31 86 171 166 144 255 198 162 207 82 139 210 219 253 221 27 132 149 246 117 133 167 148 86 97 22 94 154 173 99 211 7 16 235 249 124 231 219 189 67 237 168 
206 102 251 60 200 236 24 167 186 187 245 163 56 120 73 22 133 103 0 127 195 61 73 164 130 55 180 86 170 36 207 132 225 239 220 38 211 203 123 66 203 166 86 78 224 10 67 218 218 248 123 68 211 246 216 77 15 180 159 240 217 185 21 51 155 229 232 32 173 1 124 2 169 109 254 166 124 81 30 108 101 14 189 242 156 25 171 128 126 147 172 35 22 109 116 153 157 86 110 108 101 107 199 37 125 22 99 164 73 117 79 145 177 207 55 56 12 13 54 132 142 135 118 156 159 199 248 40 
146 190 13 35 130 120 103 233 72 221 131 30 185 131 105 187 191 211 172 190 92 148 140 95 91 235 218 112 143 201 109 237 89 12 112 141 67 171 94 4 21 129 31 36 41 0 92 103 149 251 118 96 42 213 138 252 17 176 231 248 190 87 213 87 148 157 49 150 138 187 34 142 154 15 32 153 20 45 231 202 226 166 67 240 186 95 237 159 239 244 198 150 74 106 132 112 71 107 24 136 185 205 127 11 63 224 168 123 199 93 115 0 22 246 178 90 168 97 7 25 15 179 212 117 160 165 107 148 
207 66 110 120 193 43 165 162 66 170 152 147 149 79 189 14 168 122 168 238 148 8 91 184 171 71 113 195 106 79 220 212 5 53 117 211 172 68 66 249 252 45 3 232 22 142 240 22 30 91 103 210 176 1 173 176 218 41 248 75 87 157 248 49 228 183 216 84 67 249 39 216 38 141 248 172 160 166 207 170 97 155 25 230 249 82 220 46 73 18 29 186 62 180 225 26 33 88 148 190 218 122 39 160 4 157 180 221 148 25 57 57 175 253 213 85 125 119 223 188 74 96 91 231 43 58 232 214 
163 228 2 106 154 217 22 140 198 249 76 64 108 21 194 111 107 188 226 178 113 53 67 112 1 74 164 249 10 73 205 138 55 145 71 92 229 246 243 103 19 0 31 68 60 5 202 88 186 72 176 229 56 99 15 171 242 248 77 235 8 154 249 22 195 180 170 12 228 207 142 78 176 207 70 186 47 30 167 23 135 88 133 82 127 49 1 159 100 116 69 80 134 163 101 123 85 78 89 62 175 249 23 234 43 142 167 95 155 241 184 177 47 133 91 146 52 63 129 239 254 69 90 229 145 84 12 64 
39 190 192 71 171 71 132 194 115 163 14 105 19 209 90 152 11 225 101 57 57 0 215 144 130 191 175 243 240 179 190 153 10 175 213 106 103 102 200 72 166 110 196 51 52 142 171 10 44 229 74 136 132 33 171 24 77 199 98 47 236 1 38 154 201 206 99 72 189 137 126 104 172 79 248 182 199 202 101 191 38 212 233 67 83 38 128 249 178 82 175 102 153 247 16 128 233 64 80 226 2 177 233 194 120 45 253 85 37 200 161 197 105 123 203 118 69 217 244 1 68 174 45 11 113 207 159 213 
72 32 99 70 178 218 134 159 243 124 44 158 21 169 72 6 202 228 251 47 25 23 55 140 199 94 64 66 151 47 227 247 152 160 159 196 175 252 38 19 30 109 1 96 3 215 132 155 173 182 131 87 102 154 188 195 131 46 209 117 6 97 86 127 15 186 241 175 29 60 181 48 217 50 77 189 109 159 51 206 28 255 64 201 113 65 138 108 113 8 185 193 128 160 72 139 45 128 48 86 169 236 200 46 188 200 217 133 160 59 225 77 189 192 88 145 207 231 49 207 107 210 238 126 71 196 231 161 
37 180 41 179 32 88 70 38 214 110 113 38 76 142 157 222 74 230 149 180 1 122 109 249 194 176 172 185 174 8 204 24 127 17 196 181 88 174 22 38 119 84 41 185 241 122 170 89 50 239 161 228 220 213 19 186 101 41 97 211 123 108 29 74 68 243 229 111 21 50 52 231 188 118 94 83 75 88 229 202 91 105 254 117 38 224 230 220 180 219 72 126 142 120 184 143 91 148 57 15 0 220 147 195 5 108 220 206 18 229 178 172 97 240 228 78 170 113 18 202 220 35 237 65 25 229 178 194 
20 53 187 251 34 130 0 13 176 207 27 109 97 140 117 87 0 154 239 151 175 135 213 121 141 132 162 10 180 77 135 143 145 245 36 194 50 131 120 156 5 199 89 245 26 7 90 207 151 129 64 166 118 34 75 72 100 211 48 157 91 72 99 99 236 246 123 131 85 144 167 212 200 248 21 191 160 253 110 0 177 150 49 65 111 227 185 3 192 196 147 71 124 191 84 109 44 176 43 105 196 87 115 201 224 217 145 235 211 237 129 14 34 133 10 251 41 156 68 195 202 155 63 98 101 186 141 157 
69 90 160 61 196 185 46 102 6 13 9 251 246 97 137 105 11 185 220 68 220 79 73 146 62 243 160 104 183 188 130 235 68 54 85 240 210 231 68 224 35 140 47 151 16 61 135 70 221 249 225 213 106 80 1 112 250 131 247 231 49 192 145 146 208 4 36 106 102 53 205 214 109 30 11 222 233 172 126 248 116 0 116 233 17 43 0 190 34 118 74 105 206 170 231 23 155 188 92 170 143 205 142 220 185 233 181 125 33 137 18 249 137 129 38 149 0 29 62 119 135 95 36 170 227 53 243 149 
74 225 192 39 214 210 130 177 146 114 188 37 46 129 133 223 96 109 63 185 62 166 121 203 196 71 71 71 89 145 35 123 139 63 63 230 12 183 225 37 246 98 35 68 85 217 86 134 227 123 48 174 34 92 211 92 68 94 59 31 125 252 5 142 175 204 22 69 118 4 162 33 56 43 132 203 90 104 148 224 62 193 111 28 18 107 231 104 97 51 178 17 213 46 127 83 170 19 141 26 251 15 221 241 195 21 233 74 138 10 107 248 237 68 20 97 164 114 232 227 86 92 20 179 104 119 16 111 
110 210 105 246 165 37 196 206 119 29 232 106 22 189 230 244 144 229 46 97 117 38 88 127 229 0 110 233 216 134 255 139 80 27 197 103 14 208 85 56 240 99 63 229 61 179 154 81 158 57 54 251 248 89 59 195 137 91 195 85 203 42 13 142 176 42 88 57 131 185 171 126 49 81 214 91 18 136 8 15 91 209 43 44 155 20 225 183 73 144 218 32 253 181 206 245 38 72 158 6 110 190 121 47 164 198 255 94 193 251 146 116 172 216 146 251 59 97 228 148 173 168 32 45 225 130 13 138 
84 37 153 106 67 113 164 105 62 153 150 210 127 70 141 252 52 93 155 210 90 243 70 28 184 22 140 117 116 125 6 127 152 112 241 164 139 67 49 237 199 229 8 195 153 30 172 215 123 139 96 162 155 49 221 218 115 190 19 79 223 7 102 112 91 75 25 70 209 16 13 1 27 220 179 44 205 95 22 141 108 248 147 154 16 56 185 119 201 250 179 51 210 175 119 77 190 85 169 50 4 123 13 34 169 255 72 125 156 32 140 180 83 232 194 119 186 132 94 240 2 254 57 162 66 181 81 155 
192 67 216 44 50 206 143 218 19 234 129 42 7 121 89 103 48 240 166 153 74 68 220 67 20 69 167 134 99 185 83 70 193 69 120 199 243 24 35 130 188 107 64 148 17 203 192 225 252 192 16 40 7 235 212 168 3 83 3 86 104 62 254 218 95 72 253 126 228 101 56 223 10 239 187 227 26 36 38 228 192 64 192 254 97 221 123 59 146 33 128 254 30 63 167 205 115 223 32 109 38 225 97 94 130 36 66 106 46 78 139 243 102 107 113 211 115 49 41 112 226 157 158 56 11 254 223 23 
143 41 132 107 111 81 67 110 47 65 92 153 11 116 234 55 125 173 23 39 99 21 150 253 204 174 73 128 134 34 184 17 224 163 192 176 124 16 46 87 202 131 12 142 74 159 209 125 245 183 58 98 170 129 190 232 51 58 64 247 132 118 66 186 215 234 116 127 135 171 94 247 48 123 46 249 25 95 102 64 187 148 103 111 171 232 74 104 14 235 240 225 187 22 99 158 83 114 32 224 211 203 25 82 174 112 15 15 254 164 111 90 88 8 56 141 248 138 248 139 67 188 53 240 65 114 36 69 
241 18 199 216 124 137 216 88 38 221 18 159 93 65 158 112 150 187 75 169 81 229 184 57 57 153 4 228 37 95 221 211 34 100 62 121 1 77 59 136 87 245 139 6 148 171 216 53 220 76 208 244 187 16 235 147 54 79 45 60 78 53 18 87 177 26 179 109 148 223 108 213 73 143 235 132 106 37 78 55 144 181 75 150 85 25 206 3 166 171 142 108 253 230 5 58 94 79 103 107 224 105 221 126 66 104 241 214 89 160 183 228 219 10 147 135 111 169 206 3 202 63 176 87 25 239 73 222 
157 103 150 189 157 198 122 174 58 176 53 77 93 36 109 112 36 51 169 22 201 217 61 158 57 0 69 154 7 153 67 193 87 173 17 226 99 9 121 247 140 119 211 199 6 38 23 46 126 241 224 4 255 187 46 175 153 167 1 188 138 128 145 149 211 107 162 220 156 164 37 119 196 237 200 233 237 78 229 141 126 210 31 141 53 83 199 199 208 100 231 13 249 141 6 31 85 10 231 104 50 89 239 116 40 104 85 194 96 167 42 45 110 195 71 172 135 118 61 47 212 40 31 33 98 100 2 227 
12 89 237 61 30 72 148 197 161 100 144 106 190 118 179 173 157 186 35 14 87 93 255 102 37 228 111 109 42 212 56 32 53 103 166 6 200 69 232 45 52 161 162 22 84 10 123 98 134 20 22 86 95 68 219 47 205 24 81 197 160 33 114 90 53 197 142 251 31 166 125 65 11 115 185 35 244 246 146 96 203 214 176 96 240 96 170 116 132 236 110 166 204 170 25 231 24 75 5 37 0 20 173 104 19 31 143 188 129 222 150 149 130 84 149 47 163 152 249 98 4 91 193 163 157 113 70 133 
187 154 45 81 210 127 123 59 182 0 207 183 104 61 254 138 117 236 113 196 238 133 103 105 153 184 61 128 80 84 192 245 192 41 156 242 81 244 224 237 182 123 73 180 44 38 210 4 135 127 33 10 46 146 133 42 71 148 150 125 25 132 215 241 127 139 65 28 155 109 0 248 246 155 238 102 202 189 207 174 86 156 5 58 176 40 64 200 150 8 24 210 56 207 140 194 65 194 152 6 56 240 251 34 79 163 104 209 188 10 206 105 185 111 43 121 225 128 153 192 59 126 49 172 207 163 17 253 
104 61 219 232 91 94 117 60 236 104 134 245 222 184 119 148 189 137 151 208 83 254 8 70 7 20 108 148 168 14 231 94 76 229 167 176 170 232 187 37 79 145 244 184 207 81 195 182 146 149 83 115 128 159 36 69 144 229 114 16 205 126 194 231 76 111 240 130 65 57 176 153 224 180 209 38 124 154 40 30 154 115 6 43 171 154 142 178 123 196 111 23 38 34 59 87 112 86 128 61 57 217 121 209 187 237 138 245 84 30 224 47 167 19 166 33 105 45 156 48 119 92 227 109 80 131 152 28 
232 7 74 127 54 191 220 39 64 95 26 189 200 144 58 149 0 121 178 165 108 171 36 70 80 197 44 190 141 218 64 132 77 207 49 90 253 31 77 8 139 130 112 219 237 143 41 99 0 167 121 179 85 144 58 47 131 212 68 239 201 231 65 78 45 58 185 183 146 251 157 138 90 165 77 215 189 159 17 172 130 229 122 192 148 23 182 199 85 230 62 31 0 95 137 197 74 94 210 254 74 59 171 30 66 143 205 197 46 14 74 74 33 86 88 33 30 109 75 192 155 85 228 123 184 193 131 142 
245 131 2 146 136 250 107 147 201 131 218 205 180 30 45 133 61 84 19 144 118 220 255 106 208 215 80 237 217 90 129 60 243 179 199 254 123 184 93 40 110 114 158 92 98 66 33 149 166 241 19 191 63 224 238 18 177 104 67 210 167 229 115 67 34 235 13 59 225 255 172 197 76 122 8 187 118 11 6 213 227 101 53 118 45 15 166 132 159 169 28 98 116 49 73 71 228 193 241 253 118 198 145 9 30 180 5 233 232 248 255 188 237 175 53 223 218 188 126 13 10 103 240 192 18 2 107 158 
152 44 231 121 18 39 66 208 179 112 221 252 53 22 174 199 189 218 11 159 156 201 141 17 0 139 155 156 168 84 206 231 58 236 146 230 177 255 251 142 234 195 139 61 30 238 142 26 119 229 106 81 70 154 169 71 242 175 202 210 107 106 168 207 75 177 123 119 187 168 29 238 252 188 221 240 19 200 13 179 77 35 132 151 199 18 133 81 46 184 0 151 252 50 201 157 161 235 102 145 222 68 188 148 23 69 152 44 55 65 44 119 23 241 96 182 236 167 5 53 60 127 42 142 54 163 180 148 
90 48 166 93 230 185 189 211 61 242 45 216 133 149 120 191 77 15 36 247 250 100 39 45 157 55 89 190 80 235 11 191 249 101 134 247 126 30 247 132 164 167 37 58 40 177 250 227 30 129 213 101 96 94 6 207 187 72 24 18 207 9 4 239 40 131 252 153 45 34 231 183 184 125 180 26 238 234 244 103 208 149 31 140 235 149 175 32 36 18 65 33 240 158 221 184 44 108 42 64 124 34 130 62 52 51 207 152 64 24 38 208 116 164 189 104 177 225 250 129 213 137 222 221 173 191 139 251 
106 198 238 87 216 126 209 225 220 85 46 155 116 14 105 51 155 22 112 245 181 180 60 228 95 195 220 199 160 100 205 68 105 95 21 68 184 198 41 75 64 92 54 53 233 164 238 80 211 99 41 2 95 70 94 240 79 214 67 54 119 52 89 177 155 223 156 179 26 55 226 121 112 109 99 243 47 91 245 7 125 16 34 92 96 74 105 64 240 202 215 221 85 243 241 38 21 49 148 34 129 41 69 214 3 69 169 21 216 40 138 228 253 217 219 21 176 100 153 59 109 6 163 222 157 23 228 28 
171 249 44 228 31 237 234 247 115 216 124 14 74 179 189 122 40 131 72 18 6 42 210 226 80 38 79 68 146 54 16 62 222 119 51 201 163 42 134 3 253 29 225 40 185 189 128 93 226 103 204 89 206 188 182 117 156 128 210 164 17 130 73 14 180 86 46 116 47 234 173 51 168 244 108 109 250 120 16 45 12 110 192 156 18 198 181 202 201 43 186 53 79 26 229 29 108 30 46 14 57 236 189 240 24 22 119 253 190 205 73 125 24 176 202 207 92 138 85 14 49 83 188 50 164 179 91 59 
21 155 103 45 71 210 124 177 161 106 244 74 95 47 184 49 80 70 231 214 41 142 246 158 240 23 7 238 138 71 60 198 190 220 236 80 39 221 199 116 186 39 102 191 8 178 18 134 48 220 99 172 147 185 21 126 116 52 140 246 117 250 44 129 123 190 80 57 254 145 152 48 58 183 51 184 102 161 221 109 137 32 101 186 5 83 164 201 239 166 249 165 74 126 250 233 224 89 4 113 97 209 57 223 81 187 177 185 46 135 232 196 152 46 142 232 162 12 71 138 53 114 220 189 229 77 218 241 
111 213 133 59 70 121 51 110 103 42 191 53 218 15 117 237 80 243 145 247 70 98 87 148 64 187 11 118 214 248 227 244 131 210 78 5 21 68 215 70 238 206 105 134 154 41 76 134 51 194 174 186 158 233 238 169 124 193 199 253 114 100 100 118 35 95 122 233 67 66 87 69 77 143 21 43 239 113 68 111 119 23 254 221 195 208 94 172 87 250 211 86 176 128 143 209 208 134 253 47 142 220 87 37 240 29 30 21 51 188 54 89 63 46 225 85 41 2 255 37 144 206 116 243 216 11 115 66 
225 88 135 219 27 49 231 142 1 81 108 237 82 180 118 228 76 115 193 55 185 127 164 2 47 52 50 31 223 242 140 96 236 10 179 197 253 219 172 73 206 245 194 236 171 254 104 87 116 53 106 253 118 27 86 238 136 16 62 81 13 117 185 51 169 255 12 79 192 63 56 196 83 77 52 115 207 248 215 144 213 244 115 90 132 225 54 18 240 224 92 194 192 129 250 81 94 213 124 89 16 185 101 76 67 91 7 186 42 162 108 241 197 104 231 164 21 252 227 215 84 27 225 47 246 202 138 174 
6 116 117 38 24 0 58 98 196 77 234 100 103 68 151 30 247 176 137 89 147 56 0 246 197 19 90 53 209 88 54 83 205 248 237 71 45 73 27 77 75 111 181 210 152 228 191 81 47 171 213 229 237 92 40 125 11 42 87 80 90 30 162 151 237 164 8 17 136 157 52 53 34 205 3 5 242 68 187 103 136 242 190 4 254 233 201 115 160 189 101 255 204 65 130 217 83 148 51 134 93 127 215 71 163 228 40 77 245 40 47 122 50 157 201 192 67 73 65 41 43 197 116 40 214 208 7 127 
251 111 1 59 63 64 159 185 48 121 193 84 224 208 14 72 63 80 46 135 112 124 205 238 1 170 198 110 169 60 14 42 153 202 94 78 237 199 250 146 138 59 3 79 192 193 137 21 27 59 97 161 103 212 216 3 121 76 151 217 202 71 237 240 56 80 233 82 72 2 44 80 152 42 55 200 167 40 81 27 152 83 246 1 225 118 102 12 89 58 184 93 157 97 121 20 193 66 206 223 235 243 28 48 224 238 182 55 84 54 141 38 38 104 5 175 158 166 68 43 119 223 232 43 33 67 186 127 
253 90 203 99 119 243 5 255 94 151 126 245 143 138 191 72 36 191 139 35 198 245 149 150 34 152 44 144 128 23 221 119 3 235 76 20 164 115 193 0 151 162 163 68 29 192 41 34 193 229 138 245 189 165 70 105 100 133 56 35 51 83 36 68 64 179 251 169 140 210 38 244 146 86 76 28 134 219 239 93 18 172 1 202 106 206 5 74 139 200 42 204 46 40 237 37 112 33 144 176 215 16 213 114 184 101 202 86 115 96 52 118 130 113 9 108 115 59 161 102 163 247 172 49 126 206 119 84 
159 241 120 26 92 147 58 242 60 254 202 57 251 84 14 1 88 31 28 130 176 139 77 85 209 7 95 77 153 192 127 89 134 92 41 220 248 158 26 20 194 205 178 59 78 81 207 95 95 211 47 75 59 236 120 154 44 77 121 133 138 215 187 2 227 147 96 82 25 87 232 205 179 73 150 224 240 51 176 39 205 48 198 161 204 75 16 92 169 30 44 100 72 165 56 177 172 44 10 68 168 86 166 230 174 228 162 221 226 237 101 93 77 112 54 196 78 4 174 163 86 200 76 17 182 183 104 52 
27 148 224 113 139 52 46 61 234 173 219 142 171 142 141 91 234 102 157 127 229 187 0 228 164 245 85 99 112 107 55 50 2 41 42 189 73 59 116 172 43 173 167 48 20 74 69 17 45 124 244 189 106 216 129 116 73 21 125 218 52 29 80 144 167 54 85 193 145 201 195 242 146 205 208 88 15 184 250 75 206 110 251 208 136 110 218 168 99 74 84 197 194 191 22 129 197 213 181 104 205 190 161 148 3 202 201 33 48 75 104 79 90 56 209 215 32 124 145 104 193 198 73 10 142 228 233 222 
36 64 111 185 217 211 234 166 14 165 93 74 83 119 149 30 73 233 107 223 245 243 76 70 115 30 220 242 14 236 33 31 227 242 192 227 163 216 155 11 56 157 224 55 151 145 162 6 12 181 59 29 193 103 100 50 67 74 239 7 205 249 238 248 238 61 71 29 197 161 53 60 130 243 65 63 107 221 31 102 132 150 6 32 251 69 205 70 35 141 90 141 176 84 200 198 27 45 51 172 237 248 104 103 180 217 99 172 60 64 86 144 149 2 142 139 28 242 219 175 11 187 121 252 145 235 242 216 
63 79 53 126 13 148 219 140 172 231 224 43 227 113 166 7 58 197 107 149 54 7 52 162 129 118 69 148 107 54 30 25 199 98 80 45 232 114 98 184 252 153 13 137 255 48 221 56 113 242 247 240 44 140 244 137 35 253 227 54 94 118 84 96 231 222 94 246 177 230 112 63 125 198 26 26 25 113 84 166 55 212 191 125 93 55 128 176 203 101 154 239 235 51 238 228 29 29 61 104 117 2 139 247 188 168 105 238 138 98 90 140 228 25 233 204 145 193 166 244 8 171 121 109 156 106 126 225 
106 122 66 254 81 246 15 9 147 114 32 23 32 198 53 25 15 230 130 105 109 243 208 160 136 0 170 33 159 51 190 177 54 34 52 233 155 115 50 3 233 173 82 138 100 210 49 173 240 29 183 45 240 230 142 167 162 51 255 55 125 152 85 85 52 234 112 152 238 116 23 28 45 226 119 158 189 92 249 30 35 186 115 117 35 226 215 2 146 175 97 98 123 41 41 66 146 100 120 68 189 244 131 222 146 108 252 92 107 93 39 203 180 37 195 116 89 64 22 162 202 39 200 152 35 242 4 182 
242 255 113 183 163 106 78 122 210 189 255 181 22 176 247 243 146 71 201 132 103 1 172 124 109 241 175 86 91 0 236 2 203 3 68 107 129 47 206 12 170 246 181 196 103 152 138 183 201 207 120 241 120 73 15 126 180 55 93 57 169 92 42 27 170 134 115 72 72 120 19 37 25 64 188 40 202 72 231 151 106 165 101 146 60 190 178 238 18 209 91 119 109 9 239 160 212 61 70 255 29 47 158 33 254 66 110 221 68 159 175 191 168 74 44 8 245 131 16 88 154 195 145 153 143 152 188 134 
213 254 170 72 47 105 47 42 235 219 131 183 233 188 208 218 62 133 190 204 108 179 5 130 75 118 204 89 227 125 43 67 14 179 206 221 242 58 247 166 180 16 109 188 52 15 78 176 151 95 142 13 46 252 240 169 95 190 215 115 228 27 235 175 169 235 187 244 18 209 138 118 97 102 212 135 43 147 247 218 83 7 203 32 214 192 6 14 168 232 52 229 34 144 63 22 115 131 72 92 169 48 32 100 253 16 32 61 223 3 207 231 197 166 38 211 10 79 255 216 3 229 61 16 73 52 16 28 
168 105 197 194 24 255 57 117 162 75 188 115 179 212 126 224 72 213 51 183 51 176 116 2 62 81 163 65 172 157 211 52 86 38 204 235 75 207 235 71 107 134 152 31 98 58 102 56 114 199 124 107 108 89 112 172 9 56 25 46 146 30 96 108 223 119 69 198 89 77 32 145 55 157 114 44 195 151 208 252 210 15 161 50 5 102 32 151 221 216 175 198 96 13 255 35 195 96 51 124 226 186 54 217 52 235 18 161 125 248 148 201 186 199 130 170 157 185 204 47 102 103 130 179 3 135 14 220 
7 32 114 62 69 51 124 227 168 202 111 249 193 47 240 176 195 135 23 189 14 250 129 210 70 241 222 33 30 58 100 242 216 28 182 185 222 4 119 177 223 128 157 135 31 246 12 29 35 164 254 21 87 75 202 239 1 155 52 30 153 143 219 233 142 134 47 147 213 98 84 98 203 188 128 206 79 247 200 213 76 126 139 68 56 96 251 196 29 139 84 177 205 124 56 45 173 31 27 207 100 86 182 134 157 182 249 220 57 145 33 0 224 64 195 99 136 154 70 9 154 155 161 131 175 6 9 21 
32 136 83 167 27 134 153 162 128 129 17 254 199 213 156 191 238 239 69 80 220 169 9 74 212 248 45 44 191 132 174 172 0 203 202 95 193 18 201 45 244 231 78 108 216 141 31 53 219 35 165 145 205 168 6 56 84 107 155 189 33 125 16 183 197 224 220 99 210 234 106 146 136 5 145 162 248 121 78 220 193 212 195 156 233 251 24 56 38 42 212 49 214 24 111 95 149 219 164 159 74 243 215 85 217 86 207 166 136 147 171 5 213 158 165 103 33 230 76 184 217 230 218 23 160 166 53 29 
245 174 67 53 54 229 195 19 20 24 35 124 13 182 39 127 133 236 89 113 183 95 192 217 47 247 34 198 81 136 33 56 70 98 49 108 80 227 117 248 232 222 136 114 21 84 127 254 192 6 30 135 210 23 43 67 36 59 43 176 73 11 233 165 81 1 50 51 101 17 61 173 169 27 132 78 209 135 221 36 148 187 243 81 15 36 166 100 110 204 192 201 175 197 252 76 214 81 154 41 49 187 175 150 61 248 251 20 150 62 64 207 201 130 198 14 31 112 155 213 193 242 153 123 134 190 13 17 
26 21 216 207 0 20 38 191 198 17 131 46 164 47 37 8 189 219 237 27 144 74 65 156 28 151 179 87 19 229 201 238 58 75 47 194 7 91 170 57 48 48 23 231 108 87 135 241 222 52 163 47 82 212 144 181 3 135 95 242 176 25 103 156 87 52 69 171 87 240 182 238 49 127 38 16 215 82 228 146 10 221 199 81 31 112 103 71 91 57 65 79 102 104 220 25 222 30 192 169 46 112 176 115 4 154 101 247 155 120 48 148 26 161 168 155 143 120 177 42 34 153 148 111 54 172 21 146 
154 87 56 163 229 72 191 70 199 76 22 70 12 243 27 107 9 214 169 33 64 47 203 94 223 153 57 49 186 49 206 193 229 132 156 13 117 68 6 152 179 97 62 5 238 27 53 10 133 184 47 234 186 238 84 240 102 174 224 253 93 101 64 17 99 11 74 78 239 161 206 86 122 189 210 179 60 170 234 68 238 222 22 180 186 197 214 204 77 248 118 108 117 171 106 182 213 66 148 48 21 154 141 213 119 248 99 183 8 248 160 242 159 77 230 143 213 11 146 15 16 1 114 22 106 67 23 210 
184 37 97 98 38 31 30 38 91 114 3 193 68 112 95 193 251 177 147 228 98 171 15 87 16 74 150 58 74 49 89 247 220 215 152 211 50 224 104 127 145 243 152 130 126 184 138 191 178 30 88 70 131 190 221 22 115 139 89 78 249 249 216 44 95 90 158 186 204 156 59 148 229 27 29 135 70 16 184 143 49 36 158 100 26 121 230 188 110 36 195 153 15 179 70 164 183 211 116 130 60 109 214 149 204 39 141 120 53 111 225 126 57 95 128 31 44 217 184 135 112 191 32 30 180 96 108 243 
221 33 36 48 180 159 196 229 172 137 242 62 85 144 189 149 16 199 145 124 85 68 69 173 33 121 192 223 46 97 224 191 18 122 0 133 31 71 92 174 219 201 43 3 30 141 231 171 162 164 24 131 153 231 62 191 172 107 162 221 187 144 169 4 142 6 130 197 141 209 123 81 85 228 54 22 35 209 237 212 41 26 92 217 42 88 129 103 10 83 223 186 24 154 36 184 148 58 44 143 8 130 117 106 102 152 64 203 162 92 150 157 209 235 75 35 20 51 25 43 28 84 88 71 48 33 5 53 
126 100 32 141 10 71 8 151 164 20 253 153 7 238 123 47 179 58 218 181 16 245 28 6 218 103 183 94 225 89 96 183 18 120 148 244 227 232 104 45 9 30 92 69 116 154 16 131 91 142 228 3 137 152 108 250 147 34 13 142 71 99 168 200 48 14 117 173 45 3 141 253 227 122 123 185 190 27 176 116 66 2 206 86 228 46 18 203 242 138 185 56 70 56 196 30 150 18 5 229 107 67 59 11 212 244 90 194 49 196 77 210 76 113 54 12 56 179 55 218 41 207 172 129 90 154 97 205 
234 171 168 94 103 152 153 78 170 87 212 31 65 153 51 159 53 190 133 173 244 230 110 99 16 106 175 187 220 32 2 144 177 175 107 229 50 158 244 200 226 110 137 227 246 154 50 20 113 128 136 174 178 53 23 42 48 78 26 240 1 184 126 186 184 218 52 253 31 252 0 12 20 146 118 177 182 142 12 188 138 180 249 236 179 12 153 43 42 33 57 223 110 129 1 81 205 166 17 233 135 72 186 96 165 55 163 127 157 207 168 206 206 70 107 247 64 255 109 20 208 38 221 95 76 107 79 62 
53 5 214 254 129 20 102 190 52 21 151 125 82 181 246 240 141 5 185 137 179 201 127 214 227 153 112 252 46 25 68 215 86 17 159 38 94 162 184 16 190 138 225 63 163 109 253 54 0 54 201 25 126 101 211 237 196 178 82 206 11 86 108 69 206 16 220 166 220 193 128 181 3 164 147 220 97 160 120 114 60 214 248 111 92 226 204 140 234 158 137 125 72 85 113 225 138 14 118 235 131 136 229 228 208 167 204 240 156 73 22 232 225 201 83 188 114 82 38 84 56 91 110 85 96 128 141 184 
46 50 166 28 249 196 108 101 182 6 77 231 196 111 32 22 149 168 6 63 168 208 214 131 109 154 134 49 1 27 16 91 109 250 235 111 195 0 150 92 228 14 141 60 167 16 250 132 224 154 23 246 50 178 132 144 208 56 7 38 131 61 65 35 197 179 99 117 152 36 85 9 3 172 53 208 94 30 212 245 34 121 5 84 176 191 31 176 195 223 59 46 128 131 20 251 30 0 236 35 176 113 184 228 24 24 193 91 195 17 100 67 66 123 117 155 81 25 98 180 48 238 4 18 248 140 1 105 
112 228 162 93 32 113 30 20 64 144 177 97 138 144 84 200 211 128 234 128 136 233 66 223 195 29 120 213 177 29 78 234 46 126 203 232 71 233 43 5 129 14 154 198 229 45 253 33 231 92 135 165 0 251 6 90 195 44 109 30 57 43 82 8 143 124 9 6 232 243 216 18 133 59 253 229 130 239 62 115 83 113 92 172 111 239 250 126 90 121 192 245 181 62 130 83 129 88 230 207 75 53 180 141 147 151 175 136 186 58 70 15 119 105 105 85 49 50 139 92 179 237 223 234 196 89 64 24 
0 64 86 45 240 207 76 4 30 237 147 134 181 139 6 224 157 117 204 216 117 170 174 87 163 139 120 219 158 118 33 49 222 125 170 52 192 149 190 32 155 195 177 81 77 22 220 77 93 220 18 108 27 84 200 129 94 252 138 73 13 7 228 33 181 117 241 213 151 241 157 110 126 133 183 242 87 2 210 51 140 151 251 88 81 112 13 8 28 32 237 189 198 3 131 244 203 3 247 23 132 168 42 227 173 253 131 164 248 223 2 48 143 214 111 187 20 234 86 82 178 234 21 66 135 134 154 142 
253 230 213 231 136 130 79 206 9 205 194 179 213 235 223 243 59 230 121 29 39 95 73 5 219 29 66 230 241 171 229 105 122 134 91 155 243 97 220 41 194 7 90 8 248 30 238 160 132 197 160 181 194 90 122 25 82 154 18 170 212 232 48 13 148 231 44 178 224 7 223 217 163 40 49 69 88 5 223 106 134 208 181 23 214 195 224 109 87 158 107 212 1 36 58 163 92 206 130 170 135 250 107 24 52 71 239 231 168 104 191 177 130 98 30 142 212 125 99 68 137 144 150 224 220 43 110 164 
75 124 204 158 239 160 49 13 193 235 94 26 113 92 112 134 49 230 12 101 62 81 126 143 74 90 225 224 209 234 98 43 254 131 196 207 38 173 13 105 107 107 8 3 110 234 76 153 102 103 217 42 96 180 89 65 84 96 104 34 207 36 248 246 5 224 141 193 151 102 17 120 187 235 84 134 30 230 149 178 114 23 23 125 195 14 254 32 241 145 196 155 101 37 44 233 255 86 174 215 21 29 194 132 214 127 159 235 195 48 148 73 117 179 206 155 8 11 148 225 128 183 241 20 208 203 24 93 
167 214 173 155 161 195 21 212 234 101 156 41 92 75 64 207 142 65 232 73 221 196 1 242 75 133 178 240 170 65 148 249 14 243 38 105 125 154 19 140 211 73 216 114 88 112 187 58 85 101 127 1 85 35 15 175 17 1 197 50 120 58 94 248 56 243 177 78 195 12 62 37 226 137 137 91 247 121 137 177 92 237 159 139 76 33 183 198 62 153 252 165 63 51 14 123 23 128 211 188 190 173 170 132 250 38 76 133 172 86 160 119 205 178 50 170 0 141 27 227 249 213 217 192 50 243 125 146 
236 53 143 207 231 184 118 150 19 95 225 198 1 97 4 42 111 238 131 127 93 65 240 163 231 23 131 251 233 137 157 192 206 132 112 26 103 192 96 170 101 206 78 87 66 49 50 207 152 56 50 3 239 150 136 59 209 191 229 153 228 80 169 74 145 159 115 15 248 124 21 224 194 4 148 177 127 243 239 100 165 39 102 174 36 34 239 162 230 115 114 72 83 82 213 121 15 48 250 203 9 230 240 235 175 90 59 233 101 78 124 37 42 42 24 241 255 73 246 90 206 144 160 251 177 73 248 141 
153 41 102 46 158 77 80 217 19 251 212 80 249 132 157 254 101 114 180 28 128 100 95 174 82 231 59 220 205 147 21 18 208 126 68 243 194 157 25 131 48 62 243 32 19 176 191 87 72 188 54 174 188 143 11 19 74 155 62 122 62 50 158 121 6 251 144 7 30 1 82 38 188 193 35 191 113 32 203 83 216 54 210 242 171 211 249 225 115 181 176 241 180 158 192 39 100 239 247 14 220 32 83 128 89 19 1 176 20 105 224 80 175 125 166 172 33 85 130 204 165 182 47 42 202 215 205 195 
41 92 182 123 226 57 63 71 9 121 209 207 66 209 188 110 93 188 27 242 255 142 28 46 36 180 156 13 133 157 173 30 133 42 186 108 67 127 42 238 204 75 174 250 75 87 84 158 23 48 42 186 142 75 44 231 126 141 134 91 38 56 91 192 244 4 0 124 166 51 72 46 178 129 250 163 7 49 44 153 153 255 171 149 246 212 238 179 60 226 226 95 84 253 251 235 106 75 85 252 14 24 237 156 137 155 126 240 181 109 182 28 82 234 32 201 119 10 101 85 22 236 80 170 23 44 37 229 
45 189 128 166 97 209 158 142 24 250 77 53 85 154 54 34 100 146 174 132 77 237 109 86 72 128 177 246 109 84 255 166 37 34 106 98 11 71 76 22 160 49 156 152 4 210 95 182 141 116 40 108 87 74 85 48 73 65 203 157 35 69 211 210 15 240 69 228 214 27 243 245 29 231 237 98 95 200 51 96 139 7 243 138 223 37 33 37 218 0 91 144 159 86 5 191 39 81 74 202 7 103 129 69 16 78 109 198 244 149 37 244 32 240 193 126 117 46 74 18 240 54 25 157 82 174 92 23 
231 196 121 82 117 124 127 139 31 184 245 58 40 33 89 0 113 239 189 62 178 144 146 133 158 106 3 106 168 87 200 225 240 88 146 254 70 118 12 57 205 240 29 137 182 144 101 104 141 142 81 76 12 22 88 125 86 145 103 30 138 227 86 33 86 239 70 109 200 19 42 88 71 1 74 123 60 21 173 140 31 79 72 150 50 172 134 12 103 222 246 202 145 181 4 131 3 28 59 109 21 117 139 24 177 158 221 144 136 188 235 174 253 56 49 192 190 132 124 110 28 136 138 161 108 169 173 233 
213 207 190 105 119 92 255 26 125 162 49 102 192 28 243 244 86 95 238 34 177 93 45 178 110 16 149 137 176 244 88 215 129 180 237 115 45 47 15 64 248 4 235 95 169 244 253 243 33 208 244 87 150 205 33 245 234 229 83 40 250 145 56 60 45 0 76 207 234 29 78 223 137 235 160 26 242 108 67 114 245 233 52 213 246 52 20 217 143 90 173 12 131 139 185 1 14 190 32 214 111 232 47 113 144 175 32 189 161 63 141 227 142 128 245 105 97 199 14 136 104 239 148 15 182 182 242 108 
115 231 199 153 129 89 221 157 147 86 211 215 141 82 218 205 91 29 21 239 208 2 215 163 208 74 11 231 26 93 41 26 130 194 117 15 60 2 155 30 47 72 122 39 104 242 163 194 89 230 198 240 176 64 152 39 230 116 56 84 162 4 232 10 39 28 200 211 1 2 31 33 89 38 250 157 153 8 249 62 243 187 141 33 124 173 148 233 44 163 208 107 48 126 252 200 189 117 145 16 212 31 180 124 183 12 46 206 191 31 203 113 44 202 239 179 158 239 237 161 148 140 72 60 74 160 138 131 
238 250 203 250 211 211 50 176 52 144 234 150 177 12 203 71 208 77 213 27 100 118 1 19 178 32 182 27 41 103 161 231 144 58 160 173 36 251 30 145 215 6 10 207 4 17 1 75 119 140 222 51 72 33 243 8 156 223 238 189 157 235 224 167 242 0 91 30 12 57 235 22 19 180 78 53 127 176 93 20 92 189 6 61 216 52 49 198 36 27 254 146 238 219 116 26 118 140 89 114 235 44 168 165 163 19 199 88 84 41 128 196 197 119 142 178 114 53 3 114 200 201 6 44 175 135 166 138 
85 234 96 222 120 36 243 36 100 126 5 51 95 5 92 117 102 221 143 24 179 87 126 189 215 188 53 73 159 10 96 177 226 162 50 61 207 203 12 103 209 16 45 190 12 73 184 200 110 187 45 109 172 254 29 169 190 247 208 21 126 21 59 148 4 241 126 68 190 4 186 201 222 108 117 7 35 108 33 222 70 38 111 110 185 23 60 145 34 105 209 214 252 180 115 79 16 75 173 159 172 215 222 221 131 38 61 28 162 69 91 92 226 63 11 52 29 149 113 152 155 3 65 136 23 88 6 43 
164 196 14 89 205 143 232 109 38 128 42 88 50 246 177 243 63 237 129 104 45 106 53 36 226 191 99 97 132 220 124 15 28 43 73 237 36 125 211 159 38 245 155 238 186 111 106 52 151 7 134 97 51 129 139 180 228 23 196 188 34 19 156 144 50 145 178 184 75 130 20 212 130 203 157 24 147 17 42 120 179 158 76 5 225 32 100 25 94 13 105 65 163 60 135 155 238 76 236 152 251 145 182 79 55 216 225 56 59 12 87 65 244 239 194 151 3 156 24 165 19 230 118 100 24 148 10 119 
67 229 174 132 123 233 83 125 213 40 61 48 232 112 1 160 189 147 149 24 230 118 216 64 230 153 21 20 87 190 166 162 246 185 91 143 114 188 168 120 143 118 85 180 201 176 114 191 83 132 235 184 120 119 179 48 96 143 143 40 56 248 194 1 71 45 51 107 217 147 227 49 116 27 184 249 174 101 119 119 104 169 220 225 18 115 235 219 224 232 206 250 143 120 234 140 158 165 6 62 67 247 23 147 71 244 8 212 135 89 182 44 167 54 158 250 200 122 157 249 217 42 152 252 129 208 19 181 
47 121 235 246 13 72 144 158 231 72 232 247 49 169 35 224 174 82 128 164 217 0 12 20 24 30 229 162 87 117 66 131 255 57 148 185 113 95 129 153 163 7 9 83 40 157 128 107 108 45 200 97 205 83 202 179 110 40 36 146 232 167 12 130 252 23 132 223 68 140 223 191 19 128 159 188 234 239 174 30 182 93 16 15 128 66 32 159 254 21 144 205 219 69 44 149 159 70 79 236 181 241 235 195 186 159 31 131 180 136 4 201 168 31 66 140 169 202 131 233 89 158 75 45 119 241 11 90 
194 158 211 30 42 114 103 64 130 52 93 214 146 213 172 198 108 231 115 129 124 17 113 21 188 158 207 170 8 208 137 44 206 207 197 153 28 181 238 163 105 57 253 37 0 112 25 200 130 181 241 118 100 231 55 159 64 184 74 78 178 176 124 51 254 136 235 45 218 201 161 190 204 199 105 99 178 219 75 41 140 37 28 33 59 233 79 7 243 51 219 71 248 140 160 144 26 219 204 204 254 175 246 184 63 98 6 71 1 11 13 209 65 164 12 243 148 12 75 2 148 210 24 2 195 27 75 17 
195 122 92 1 45 208 128 19 173 59 225 55 188 17 229 132 38 167 236 231 158 24 43 226 51 142 238 125 64 81 40 228 173 50 66 64 140 191 27 108 203 234 4 240 173 132 114 197 59 81 20 100 45 70 138 17 244 194 25 246 4 128 129 155 18 250 112 23 246 95 164 139 228 38 54 159 177 100 250 16 8 105 89 9 151 187 161 24 8 195 65 64 214 220 36 59 53 118 225 21 126 180 183 70 111 135 117 53 147 150 182 82 0 229 62 172 118 218 250 240 240 248 229 174 176 85 207 68 
117 16 208 173 102 128 182 27 223 154 235 249 105 99 16 167 206 148 194 143 16 178 104 248 241 158 67 233 115 112 81 66 132 175 14 12 232 111 14 133 37 50 243 235 121 98 132 22 82 185 188 132 198 235 97 28 53 121 231 0 45 122 87 178 189 91 96 105 210 141 122 143 63 39 66 150 100 120 250 170 137 200 68 231 135 191 30 185 58 226 132 3 79 203 131 9 55 188 110 24 231 56 77 245 49 7 173 78 64 230 64 239 225 49 156 182 78 213 152 20 241 46 210 250 163 63 198 251 
228 116 187 194 182 207 158 57 119 164 157 131 135 239 245 135 156 12 189 165 60 52 88 231 180 78 207 221 46 203 24 224 249 161 99 140 43 198 190 157 101 41 234 55 14 78 136 207 235 164 149 125 61 82 253 181 195 18 202 96 46 134 217 45 12 16 121 25 9 207 55 68 133 171 77 243 124 51 98 128 156 221 199 63 146 77 115 31 252 99 81 161 221 117 162 11 51 3 65 93 209 154 215 14 147 128 143 72 28 87 205 75 66 36 218 213 16 62 33 235 51 75 52 39 25 148 159 105 
27 194 38 101 34 65 36 101 243 118 116 229 185 19 115 249 37 83 224 53 20 249 24 18 187 99 196 82 119 112 143 23 11 39 182 127 143 226 38 248 25 221 158 143 89 184 208 73 143 87 198 227 183 1 153 195 93 200 51 121 142 186 251 66 205 75 102 203 242 87 157 195 67 194 1 189 88 124 167 21 178 134 211 69 181 95 37 43 66 141 91 86 15 17 203 249 138 194 141 9 64 133 151 250 133 170 116 85 91 193 58 109 130 209 3 184 164 22 246 237 218 133 106 184 178 0 57 126 
249 164 127 197 119 156 220 41 234 143 222 197 206 87 127 122 25 16 128 186 195 59 18 149 174 157 120 218 115 230 163 97 31 54 40 135 170 204 200 195 240 11 27 229 134 192 78 60 80 245 238 171 208 158 246 112 84 37 175 138 157 51 199 114 162 160 168 218 13 214 7 168 87 224 159 254 232 192 254 81 131 52 8 21 40 150 26 109 60 30 233 116 40 143 1 144 100 102 0 21 20 214 209 196 156 76 8 201 182 69 60 33 245 254 97 217 219 107 68 249 197 121 205 25 174 91 46 195 
46 94 171 226 39 32 88 145 161 150 34 166 18 178 178 97 27 151 229 186 215 12 62 210 80 33 247 65 128 58 170 95 246 163 119 104 230 157 136 37 100 20 152 20 232 211 126 93 105 9 220 25 245 144 178 166 157 233 132 228 105 216 182 41 39 132 143 209 175 7 7 238 146 153 213 207 243 86 153 161 246 217 169 171 45 97 168 218 67 39 197 152 19 215 69 142 101 187 213 114 26 132 75 136 208 199 166 190 3 75 180 188 199 43 51 46 153 53 93 155 4 18 145 3 167 31 193 134 
173 251 72 119 197 93 160 195 207 92 54 93 1 206 249 56 244 173 226 244 86 1 239 71 152 15 166 40 27 88 12 198 223 61 150 6 58 142 98 197 113 203 81 102 105 62 10 156 66 20 143 70 197 64 127 94 140 207 100 235 114 78 203 109 166 234 113 187 32 28 117 212 132 231 87 152 109 112 137 252 37 213 57 28 31 37 164 58 237 54 156 130 178 219 33 3 27 160 181 51 246 51 51 245 140 27 190 152 100 148 169 31 65 78 211 168 161 59 65 52 95 99 172 73 171 44 199 210 
126 114 255 149 101 17 136 41 240 22 218 163 8 96 128 184 4 98 75 214 119 178 51 2 13 59 246 144 180 254 129 240 12 143 224 112 188 121 91 75 98 55 95 78 241 240 11 240 16 94 190 127 66 7 184 230 206 236 208 81 218 0 48 156 220 133 221 97 218 101 94 168 64 205 61 255 48 224 238 34 47 230 102 248 141 163 113 194 17 81 213 0 58 99 226 16 231 60 28 69 173 26 82 36 238 248 53 244 147 146 124 57 215 180 146 23 115 242 91 57 109 252 4 109 53 50 191 88 
104 89 68 70 137 92 203 157 157 89 195 254 111 221 254 165 190 94 161 34 101 66 17 6 223 153 198 69 166 8 61 44 144 97 75 163 196 125 193 245 246 7 61 255 76 161 207 206 8 231 177 163 128 172 54 91 77 15 9 193 58 152 107 12 61 248 188 21 243 167 192 63 252 212 152 97 45 36 244 89 113 230 152 124 163 176 181 165 235 215 215 1 31 154 167 165 232 25 64 237 62 148 175 167 67 172 33 158 17 189 190 13 19 250 121 182 169 153 74 228 31 205 64 204 214 250 152 154 
50 175 102 165 152 218 253 103 100 69 41 142 124 152 174 75 24 113 69 99 195 35 150 179 233 104 91 130 86 181 22 216 144 80 78 71 7 240 6 19 167 249 252 90 195 11 164 73 234 45 86 207 182 133 165 226 92 72 24 227 176 84 225 60 170 58 228 184 67 190 160 121 223 224 161 139 148 140 196 195 237 223 3 80 130 178 29 13 21 182 182 142 189 38 193 248 98 84 240 96 87 174 158 240 208 137 32 6 111 148 8 5 100 201 31 197 234 187 250 172 101 194 205 1 239 157 158 204 
142 210 156 234 157 229 113 254 214 243 201 151 138 146 152 95 55 52 81 5 173 84 173 240 32 248 227 86 155 240 153 98 50 138 181 93 208 210 157 18 252 4 125 188 103 18 35 164 200 221 173 101 56 59 118 144 240 45 108 177 54 126 231 234 56 12 139 154 233 97 112 82 107 122 222 170 176 156 124 250 55 171 133 162 157 208 214 209 5 35 231 164 171 148 249 9 184 123 239 208 94 8 245 214 241 210 209 65 121 58 137 76 178 163 6 123 166 195 74 177 127 3 59 51 245 40 131 33 
248 36 207 202 254 96 211 74 51 220 94 20 196 13 254 22 180 61 189 187 144 110 200 62 51 163 230 56 19 64 145 197 136 145 158 112 159 127 145 152 18 195 202 2 63 224 137 222 115 92 191 4 130 23 65 122 39 52 169 96 26 153 144 121 142 144 147 161 57 210 74 27 111 234 15 93 203 222 152 89 181 12 59 50 242 249 98 44 53 66 120 210 62 85 156 149 176 54 166 250 43 252 206 74 159 86 165 58 129 117 67 219 196 105 146 162 15 51 166 159 255 227 176 189 166 30 29 97 
3 92 134 113 210 127 161 125 126 217 77 50 22 230 178 159 112 124 118 48 195 117 144 241 66 19 123 127 157 145 159 29 64 177 31 37 156 33 191 217 120 168 206 171 112 103 4 191 18 72 177 134 66 155 216 221 90 197 170 71 147 85 210 119 91 166 163 66 46 43 154 147 141 17 184 108 213 208 130 11 90 206 55 77 165 99 49 7 206 203 101 80 46 63 174 62 186 173 56 12 133 145 201 81 108 128 143 124 237 197 161 85 63 110 115 242 66 84 253 111 91 78 122 125 129 185 29 111 
74 26 151 201 76 197 65 70 95 28 205 111 10 193 211 157 50 162 143 111 123 147 242 101 233 64 44 174 213 66 134 222 224 247 140 5 22 68 41 169 148 163 158 19 45 199 217 72 225 78 153 79 50 124 115 11 118 76 243 198 61 227 44 131 38 208 175 107 14 106 11 180 6 40 120 112 24 255 147 251 211 155 139 124 235 197 103 16 233 71 141 247 11 91 240 132 219 221 101 108 161 174 138 101 98 79 107 116 9 201 106 79 108 107 205 98 145 54 184 75 97 253 51 93 169 182 148 7 
156 15 244 238 202 140 172 116 92 157 82 152 200 63 54 218 193 11 186 60 223 5 105 136 198 218 27 81 116 219 142 219 73 129 211 49 230 185 179 145 21 48 32 72 150 77 154 74 123 215 244 119 130 166 123 7 15 131 77 193 179 245 202 249 239 141 16 199 47 84 62 129 25 202 135 111 183 81 104 5 94 21 89 188 89 178 149 110 248 119 112 170 157 109 115 93 47 201 244 191 61 6 148 155 94 155 150 202 27 115 194 249 205 157 122 241 147 157 29 8 103 242 97 124 152 86 31 89 
253 37 132 230 145 7 4 205 185 145 136 94 151 51 6 85 100 115 248 208 72 137 239 14 50 139 166 96 49 110 209 140 149 207 244 246 188 107 81 86 176 211 186 134 80 50 214 105 237 31 220 129 124 221 143 100 231 251 194 125 231 181 188 221 4 61 215 158 180 132 33 134 191 85 179 125 77 141 144 116 161 83 206 224 242 231 177 106 121 33 15 46 204 8 187 160 178 249 192 200 229 236 104 128 77 133 241 174 40 112 191 53 168 33 96 8 38 125 65 100 194 104 0 125 200 29 181 142 
248 227 131 4 231 174 136 74 209 250 207 150 150 172 250 51 202 90 35 42 73 42 35 212 212 116 80 34 222 209 10 217 178 156 52 249 80 216 75 215 149 18 147 26 148 176 158 48 229 253 156 166 154 231 182 67 151 48 16 123 155 34 96 109 87 139 151 36 161 59 1 117 131 146 46 128 93 167 123 165 184 123 77 36 76 106 89 227 155 22 174 117 129 111 65 85 171 46 85 6 75 224 240 204 31 95 150 43 235 247 149 222 237 183 194 42 195 30 132 74 247 212 10 52 42 85 180 12 
83 31 191 1 202 22 151 155 178 0 236 253 196 52 215 213 252 235 62 83 254 119 241 62 178 250 205 96 121 17 245 255 153 144 213 126 79 55 102 78 228 27 143 11 199 199 229 124 251 27 55 165 144 176 243 233 213 107 22 100 208 1 113 253 202 142 187 105 11 168 240 44 235 107 240 146 234 186 78 246 189 176 178 55 11 92 231 57 187 157 17 15 70 161 236 38 192 17 234 220 60 170 193 111 224 75 197 54 154 33 112 56 9 229 98 142 7 127 195 169 86 141 160 16 232 33 71 152 
233 179 144 75 110 35 71 202 112 234 25 110 87 212 93 174 45 225 141 201 115 168 187 161 114 171 66 138 105 120 113 82 172 19 118 193 170 12 128 230 25 72 191 156 169 64 204 67 64 106 170 201 175 4 65 26 12 113 218 208 67 185 220 31 78 107 124 122 192 26 212 150 179 156 113 152 169 141 112 95 168 117 233 106 158 55 177 188 96 168 127 18 3 8 170 16 37 222 199 18 119 231 53 140 54 4 128 207 254 19 31 63 72 149 218 68 47 157 208 21 174 227 183 7 156 8 202 220 
96 121 125 27 14 2 161 174 141 17 86 153 251 89 207 172 171 97 19 164 16 62 240 18 124 79 179 123 227 170 143 129 129 167 36 46 47 252 146 192 203 82 204 26 139 141 213 10 107 248 219 118 174 154 152 51 150 90 194 225 196 13 200 144 31 224 94 174 252 30 128 217 103 95 58 2 9 73 207 38 20 5 4 1 103 54 132 140 101 191 131 14 205 244 116 241 152 59 14 209 184 1 237 88 142 89 147 86 252 92 75 189 94 127 3 50 188 34 41 154 91 154 206 195 36 166 41 169 
89 215 9 208 111 18 205 155 92 39 233 199 192 220 100 254 82 224 70 74 152 37 193 51 212 208 151 193 9 79 172 140 57 21 213 23 20 232 208 154 16 214 215 129 178 251 177 152 113 104 130 21 218 89 221 10 38 170 40 249 202 160 13 67 219 192 76 190 3 33 235 34 18 72 108 194 146 250 180 16 107 207 86 89 11 181 21 234 106 58 108 252 96 179 155 69 3 120 73 207 24 46 216 140 174 196 186 251 78 14 174 218 146 27 63 177 211 186 207 34 178 67 7 237 37 79 37 247 
184 108 61 196 152 33 221 221 58 183 37 96 249 56 81 189 190 57 46 156 107 177 63 238 104 67 61 56 59 162 157 131 48 45 223 115 146 75 76 230 9 38 138 24 97 224 7 47 87 150 56 142 203 42 91 47 94 17 220 173 125 103 173 169 104 177 252 64 32 226 185 81 19 230 24 132 76 204 198 145 0 229 13 191 60 219 70 186 64 64 254 95 112 32 219 217 151 44 234 252 196 145 227 71 71 74 182 226 202 94 251 99 239 70 81 219 60 57 54 66 250 18 190 27 213 165 243 150 
86 153 120 253 68 170 99 123 159 171 179 226 117 227 43 212 64 230 104 0 86 39 4 169 222 242 0 34 236 87 39 163 66 134 146 219 165 42 96 98 91 78 82 60 12 104 111 41 64 125 90 111 5 127 72 72 63 177 9 73 168 3 73 217 88 178 188 34 1 92 174 55 0 68 187 190 48 170 255 223 252 9 251 68 160 14 69 165 3 194 28 151 254 10 182 192 4 228 152 110 112 103 183 27 38 107 219 130 0 15 158 216 11 1 222 93 103 210 58 75 246 104 175 114 212 203 177 248 
216 179 152 57 189 135 143 1 104 66 222 199 149 42 54 233 116 188 206 212 74 207 162 136 58 228 190 180 102 42 225 16 221 251 90 34 247 164 228 117 155 48 103 22 91 213 88 81 120 2 103 13 181 70 163 62 62 108 158 162 102 97 88 142 171 87 13 232 100 171 3 95 81 124 98 133 56 220 132 81 59 0 188 167 41 122 95 220 20 3 19 55 235 233 73 166 110 30 182 156 45 204 160 73 138 216 19 175 220 69 220 10 138 13 70 69 168 236 43 44 92 180 167 172 133 229 80 129 
0 118 230 148 5 201 212 208 131 41 40 174 139 64 11 68 103 180 139 65 104 171 12 239 210 155 23 38 188 51 208 146 225 127 147 249 169 113 32 46 190 166 26 39 84 114 20 146 167 82 53 145 116 181 133 57 82 52 243 7 228 48 156 16 161 194 90 130 15 168 33 139 245 254 53 15 192 7 215 228 63 118 1 2 98 222 143 23 78 45 104 13 146 94 21 85 85 38 11 131 94 102 118 170 164 93 200 65 164 198 33 165 4 160 93 170 42 119 10 81 88 212 196 109 212 207 89 8 
126 224 134 230 235 5 203 189 147 3 80 63 63 128 195 236 189 223 36 48 208 170 226 230 142 22 115 124 37 127 166 206 86 137 182 147 79 114 116 246 87 74 39 77 226 23 141 251 161 19 43 140 165 128 194 163 180 8 76 173 200 208 79 249 202 231 251 133 86 239 254 179 203 249 99 242 146 117 49 104 255 138 214 91 51 185 89 204 106 157 223 123 220 117 20 175 44 112 141 131 129 106 123 226 177 141 248 218 43 112 163 200 223 50 46 52 168 219 178 57 53 138 238 225 161 37 18 54 
148 133 78 236 114 115 139 172 111 232 97 15 35 227 81 45 250 66 104 92 23 214 206 3 250 141 241 208 45 70 191 106 213 22 224 210 186 50 229 17 133 57 124 244 121 175 86 155 0 73 50 223 119 237 139 215 234 89 61 140 28 183 59 21 16 100 102 0 53 84 153 126 81 254 223 226 151 139 75 126 134 179 24 110 172 53 77 136 123 68 13 141 219 253 206 233 215 11 245 254 160 120 75 89 116 28 172 183 192 195 155 182 123 99 171 18 20 19 84 146 147 204 250 95 89 181 222 158 
194 241 53 158 182 175 146 227 142 38 95 74 8 11 60 204 134 45 70 56 52 106 118 254 170 199 58 112 29 243 176 244 69 54 125 249 88 200 9 218 165 78 223 18 130 219 205 88 94 79 204 249 243 225 188 221 118 203 174 107 224 108 98 122 55 104 203 40 103 216 130 176 17 157 187 151 140 74 222 126 184 150 237 44 49 62 215 191 49 63 48 217 39 158 198 35 232 21 144 202 63 114 66 130 183 121 51 65 178 77 104 127 9 46 28 167 201 177 41 176 188 8 37 116 95 188 250 161 
128 146 113 134 100 48 141 56 165 79 55 134 100 60 114 99 187 97 131 191 24 35 84 173 235 236 249 172 181 77 150 117 68 47 34 63 77 37 84 202 42 133 69 98 1 248 219 202 96 183 37 73 218 108 135 26 253 203 178 52 54 140 46 112 54 160 136 192 32 165 211 208 72 33 91 67 157 74 67 230 43 231 117 39 47 142 99 132 130 55 136 168 47 175 113 244 64 96 151 66 105 105 43 158 78 206 154 16 6 77 226 216 118 87 192 111 133 86 253 81 56 12 29 149 247 184 71 1 
159 205 102 238 146 202 144 70 95 140 57 68 198 247 33 175 86 91 48 41 190 60 112 191 130 190 99 81 160 170 193 228 13 209 203 16 227 150 13 65 130 70 133 206 137 121 135 164 171 122 162 114 162 168 145 179 2 174 160 24 119 156 102 193 37 18 90 237 105 232 190 236 167 32 210 138 48 60 188 246 26 77 19 108 78 120 34 118 73 161 246 126 213 163 229 32 119 71 158 85 243 18 113 150 229 14 161 51 0 244 86 155 83 5 55 39 18 184 187 153 20 149 186 8 115 32 25 215 
118 28 52 15 73 182 142 40 181 181 14 86 37 130 123 237 140 22 202 160 2 231 166 33 28 99 46 60 3 36 70 2 191 211 131 88 117 38 241 14 140 183 80 233 132 159 123 236 184 129 135 206 90 207 205 25 9 233 179 166 82 58 34 86 48 81 29 251 52 191 247 214 215 25 81 231 251 79 170 18 213 67 118 94 191 141 79 43 18 206 254 88 26 196 99 211 61 216 104 153 29 143 151 148 145 157 100 93 86 189 146 184 99 1 64 25 88 85 253 241 179 110 80 251 7 11 45 220 
72 1 179 61 151 85 154 39 237 147 177 29 128 250 80 5 131 130 204 24 183 61 135 131 128 198 132 230 45 170 116 197 237 251 130 62 142 158 11 79 96 55 210 62 177 211 25 226 2 187 248 96 3 58 50 182 83 70 74 133 63 113 89 23 44 197 55 134 40 24 180 158 168 132 122 19 56 215 157 18 126 5 122 7 214 11 242 85 95 237 177 91 1 49 38 230 162 155 247 239 140 124 240 118 34 102 245 231 162 86 54 18 101 246 252 80 131 161 69 90 241 161 205 199 26 95 89 203 
109 145 202 38 242 217 122 142 29 97 53 1 112 217 186 49 70 30 229 150 21 210 235 133 83 154 74 222 87 145 85 94 248 162 126 183 78 137 220 205 55 30 195 112 145 207 120 157 154 70 216 30 139 6 25 150 254 50 82 5 91 238 28 152 80 66 69 202 210 78 79 16 169 148 84 228 8 17 97 163 123 51 22 151 220 136 179 117 188 30 97 234 137 227 100 30 111 189 0 47 205 218 73 202 216 16 135 104 216 247 171 207 40 112 197 175 182 173 209 222 85 27 83 72 101 4 27 79 
147 132 20 251 164 103 18 126 118 245 113 224 164 94 169 164 47 199 162 193 20 181 15 135 234 118 8 65 179 135 216 32 50 24 131 227 80 119 247 53 153 252 193 85 7 228 250 98 251 228 209 196 207 111 178 249 197 177 95 208 221 175 58 226 192 235 86 177 178 43 100 225 198 146 30 152 150 105 214 212 219 141 61 156 27 110 63 30 96 190 50 55 132 132 190 143 239 231 250 145 210 213 231 113 105 20 16 33 125 84 201 103 183 76 36 44 160 178 68 36 169 250 214 154 141 132 224 171 
208 5 29 142 80 252 139 202 197 216 128 221 132 70 126 184 8 163 120 215 114 1 46 119 107 78 104 32 137 10 73 34 149 30 219 45 155 250 70 137 251 128 91 46 88 111 83 135 0 204 58 5 91 217 213 162 30 33 49 226 111 219 160 42 70 95 67 18 144 83 255 97 68 23 49 171 224 155 41 232 14 9 76 46 116 53 86 111 2 74 240 119 14 106 229 95 36 222 130 135 182 158 117 229 49 81 93 132 44 8 161 152 74 196 126 29 24 179 112 200 147 16 169 123 61 106 130 199 
216 73 215 19 249 85 56 181 132 64 58 109 165 156 36 47 254 25 144 64 221 19 181 213 149 129 255 51 72 40 178 202 27 251 94 139 155 41 213 234 132 43 27 174 154 171 138 197 204 150 145 236 53 251 192 212 232 230 76 156 68 183 31 154 2 98 167 91 236 42 134 185 239 202 186 39 45 27 227 17 187 141 132 8 42 231 23 223 86 239 107 28 10 83 182 222 254 151 82 6 227 191 122 139 12 6 252 53 221 130 21 112 164 47 46 72 110 99 43 13 79 133 19 21 117 8 173 65 
94 223 75 193 71 12 71 220 21 230 130 28 66 202 54 79 80 80 162 196 206 64 23 17 66 67 111 241 199 237 221 220 242 133 142 46 146 100 151 67 255 172 86 163 199 90 25 29 135 230 207 116 53 76 175 188 254 213 178 158 140 223 48 136 230 187 81 196 249 54 73 165 17 199 126 102 183 40 214 51 141 62 211 216 181 37 194 231 72 157 45 127 72 193 29 17 184 60 197 109 53 54 168 139 45 148 154 218 205 108 245 228 211 98 246 177 173 100 217 84 25 235 180 104 166 47 201 254 
173 254 121 209 194 87 218 85 164 64 238 30 237 197 150 95 208 137 148 88 86 15 121 100 131 120 254 238 199 177 39 198 243 47 32 149 252 1 189 214 162 154 151 226 244 150 170 144 114 101 95 33 93 111 81 196 164 124 58 242 126 163 159 27 219 42 52 31 68 58 216 216 46 154 120 254 26 33 92 94 181 243 233 181 220 244 149 159 173 177 9 38 95 6 148 31 112 195 135 219 9 243 182 28 212 135 130 101 85 171 69 156 233 47 242 204 208 132 116 155 78 90 206 246 87 158 21 18 
59 56 81 185 95 14 90 254 62 241 59 210 46 150 126 66 197 126 96 103 56 255 33 139 87 72 6 18 144 84 73 139 213 77 164 192 244 69 30 26 10 229 165 157 213 61 20 255 221 18 253 41 146 251 59 83 192 233 118 8 233 37 122 247 33 175 81 202 117 83 224 219 16 78 219 203 34 24 83 64 25 238 218 113 129 76 174 90 78 134 39 132 220 206 26 33 128 180 151 235 58 105 192 21 61 127 209 119 129 183 189 115 1 79 104 64 20 46 254 11 215 166 103 248 103 99 48 252 
225 48 29 74 143 162 198 77 30 55 201 246 15 48 230 151 79 255 64 218 56 157 110 52 82 90 114 181 78 107 105 27 212 94 119 41 88 157 25 163 192 229 43 215 242 28 126 199 223 120 30 131 198 249 42 206 143 129 211 65 216 215 137 152 57 201 152 19 129 69 134 190 105 90 161 86 139 58 150 253 48 107 251 174 6 98 40 20 7 203 1 119 89 218 187 44 166 138 206 194 154 29 227 26 89 40 254 229 141 253 112 14 115 240 19 112 93 251 45 169 50 244 65 77 190 27 175 176 
