84 11 137 92 165 190 221 239 241 178 190 164 20 99 122 28 43 56 78 55 128 135 213 34 223 154 38 101 8 182 243 225 66 28 229 226 167 84 114 189 22 250 136 243 173 47 161 248 220 221 58 48 81 192 43 50 18 28 235 226 42 87 138 166 31 146 225 250 226 69 148 140 166 174 195 193 99 177 132 240 70 179 21 179 43 95 114 45 60 124 64 163 85 89 57 43 85 71 75 45 22 216 23 55 168 3 137 190 21 120 47 73 173 140 108 246 11 140 87 189 148 77 31 161 157 113 54 176 
53 62 199 115 11 47 112 56 51 85 211 107 142 122 27 141 55 213 132 11 60 232 114 207 206 231 239 223 197 146 19 151 250 19 127 47 136 107 67 201 91 98 219 142 32 101 151 152 217 166 35 107 178 156 44 206 220 152 14 158 146 30 179 218 200 38 50 86 97 18 159 203 87 228 132 83 49 24 158 205 210 32 156 9 154 163 120 240 122 120 85 209 200 168 147 125 46 6 129 213 127 191 120 197 184 58 227 111 51 194 188 159 237 153 241 186 211 124 120 131 175 136 59 85 209 155 204 205 
119 138 246 75 195 131 83 82 34 53 89 99 20 127 55 156 7 27 46 202 120 149 94 92 11 65 9 32 107 183 222 96 224 2 238 154 102 192 72 245 160 196 20 202 230 182 61 245 214 149 54 237 132 216 135 54 239 63 94 77 130 69 215 236 176 74 140 149 203 172 224 164 83 106 208 156 147 108 29 64 36 241 9 92 162 104 213 66 64 23 7 83 81 245 190 106 25 92 77 180 2 67 251 146 130 57 12 248 161 181 86 174 106 201 217 6 166 95 95 63 153 21 161 54 87 147 129 243 
147 11 170 40 170 39 129 216 252 238 115 79 142 53 159 206 40 181 54 214 175 210 159 176 86 232 227 27 112 237 66 66 99 7 15 86 149 68 123 237 108 42 132 187 221 254 154 236 250 39 44 167 113 227 110 171 150 176 74 34 189 101 67 153 6 30 174 176 202 166 162 142 163 239 53 176 244 49 74 100 218 231 12 115 79 149 74 56 75 123 248 169 180 96 151 203 3 57 185 3 47 155 214 187 60 106 176 35 175 241 86 176 18 127 82 85 16 142 105 223 67 116 170 3 36 206 129 12 
68 147 40 157 233 139 48 233 60 27 152 227 197 19 155 240 5 229 22 7 154 227 248 64 188 19 165 255 59 62 56 156 21 74 30 105 149 249 201 113 66 124 40 94 125 190 235 171 41 192 141 243 153 46 151 221 245 93 56 120 150 81 29 191 255 53 58 114 58 143 2 68 20 8 29 88 68 196 100 171 224 135 157 123 208 91 111 122 125 255 33 133 107 170 213 17 82 216 101 71 87 82 227 59 139 152 166 75 218 49 117 201 222 56 241 12 44 123 212 63 148 253 169 193 110 225 47 179 
151 156 122 150 105 136 142 134 169 238 146 144 252 88 128 47 119 127 234 85 77 40 34 38 99 215 39 2 84 252 237 194 56 31 227 86 77 230 17 121 77 15 233 80 110 82 192 201 187 235 16 5 75 77 192 175 6 37 105 76 101 219 206 33 120 203 179 47 173 168 62 115 131 233 74 242 162 55 129 219 4 252 80 245 143 150 114 215 123 183 97 178 74 110 237 111 105 101 239 89 244 26 133 113 108 92 11 57 161 94 119 119 3 1 78 7 23 42 1 105 190 6 85 219 165 229 87 49 
255 94 16 0 59 72 226 53 64 152 77 202 244 110 189 166 97 70 237 236 174 103 222 174 5 157 227 173 103 11 181 107 25 29 133 169 1 145 186 203 238 71 244 160 238 191 145 4 207 229 80 118 127 177 182 169 115 159 127 146 44 126 35 14 69 149 204 139 148 201 61 68 50 166 89 213 214 30 72 194 167 11 61 248 190 20 218 0 54 68 243 215 82 86 252 234 247 164 5 146 143 72 60 126 130 70 120 210 238 201 188 11 90 216 12 153 49 232 101 56 120 48 208 215 187 106 177 68 
4 233 245 125 166 71 62 227 218 101 83 214 38 33 143 89 227 69 87 87 253 66 12 156 219 216 137 236 139 63 249 214 103 240 98 186 56 154 212 107 23 157 159 218 36 250 39 211 78 234 155 175 20 194 79 217 99 59 191 158 26 240 25 209 173 130 197 9 244 50 205 238 8 201 225 82 233 83 241 70 34 107 149 164 224 185 196 207 130 172 84 189 21 3 67 5 117 240 196 245 239 192 89 201 179 26 191 114 243 229 171 26 119 99 125 215 59 244 186 165 229 102 8 248 94 156 173 40 
133 131 249 131 171 206 68 160 199 23 84 45 244 181 154 149 159 157 81 98 25 126 185 90 86 219 199 48 227 6 171 202 200 193 113 92 60 28 66 178 159 38 65 181 95 172 15 179 249 213 241 80 113 101 143 119 7 26 229 206 227 245 21 80 136 155 226 183 197 216 43 105 96 38 58 133 168 220 91 41 172 205 41 111 91 89 124 44 237 126 77 106 153 117 207 213 252 158 211 114 64 94 223 166 239 234 102 38 109 182 216 230 150 106 19 77 123 109 135 171 35 149 136 80 94 159 116 217 
1 156 73 71 244 32 21 25 207 137 118 248 162 84 253 78 74 134 191 171 34 148 130 26 51 110 85 136 253 72 40 53 72 39 254 83 54 226 124 191 33 111 201 243 26 241 148 184 61 94 156 137 42 61 239 14 60 37 66 11 47 64 176 53 215 10 17 184 140 39 35 189 250 63 104 93 179 38 127 78 211 236 226 125 104 38 22 173 174 211 222 56 95 222 37 189 79 137 221 250 71 149 239 191 42 149 82 247 135 170 244 52 237 105 175 39 44 207 197 208 134 6 88 99 61 2 241 36 
88 83 122 215 118 167 27 150 209 124 47 67 75 15 184 213 68 234 148 117 37 161 171 226 235 148 160 43 250 83 86 64 6 157 144 15 189 183 174 181 250 187 116 234 211 80 213 37 125 161 133 185 24 236 140 254 54 128 133 133 38 121 188 234 63 165 7 75 21 192 93 123 92 184 157 169 95 229 27 242 73 45 202 255 52 245 212 242 81 43 88 213 88 94 107 253 21 162 185 194 167 94 46 252 95 44 63 126 219 111 238 207 4 38 246 150 102 230 105 183 11 100 214 134 153 87 129 81 
29 162 153 75 72 114 9 203 101 254 219 21 153 60 75 141 182 124 77 233 96 87 28 240 228 154 149 217 236 52 95 170 90 102 203 199 153 83 130 4 190 123 92 110 40 185 77 136 84 39 179 146 178 68 18 179 64 205 88 78 209 178 118 238 176 201 106 165 221 62 198 207 9 15 150 35 30 181 123 20 7 111 85 114 102 182 24 181 70 255 83 148 160 101 83 132 88 210 105 168 253 91 168 66 229 247 123 169 149 53 128 248 157 61 82 26 193 163 100 232 77 98 98 120 135 156 24 87 
20 144 120 120 126 99 239 17 46 230 230 9 99 91 147 48 234 183 254 12 79 203 202 147 59 68 96 206 156 247 114 225 228 185 77 10 164 122 187 14 108 67 184 215 211 237 229 26 192 54 243 152 129 236 14 174 157 116 182 166 244 70 51 226 154 98 243 226 124 147 203 133 101 98 195 165 8 182 128 88 240 81 94 31 238 242 195 77 216 61 0 170 140 103 62 67 16 170 25 196 181 113 137 174 162 62 203 205 178 20 238 157 227 254 213 86 98 59 170 74 219 23 174 153 32 172 133 143 
193 150 222 56 81 78 138 226 251 95 202 181 24 23 199 16 34 93 21 2 253 184 12 73 26 184 91 240 199 250 141 28 70 81 23 172 26 228 151 212 133 203 139 247 148 187 58 221 212 67 245 97 56 211 150 9 59 87 45 92 189 62 52 191 162 18 176 195 30 165 91 116 248 105 34 207 193 200 147 6 174 57 217 67 255 202 237 169 251 144 177 105 196 36 94 91 184 174 35 225 53 82 152 40 42 60 156 160 94 145 112 119 233 215 79 7 47 82 128 238 98 142 16 196 206 161 250 107 
244 159 48 67 148 245 205 53 196 91 42 148 233 201 117 195 150 51 230 106 170 23 34 14 207 7 159 41 169 75 222 227 50 6 64 104 66 119 119 169 239 57 201 95 232 107 8 28 202 237 170 32 135 0 149 245 240 139 242 39 141 242 121 44 110 254 210 4 33 57 153 248 120 131 199 159 89 107 236 152 161 218 192 23 140 164 206 58 180 51 101 50 85 68 207 5 61 224 61 252 173 115 109 243 128 140 25 119 115 103 153 194 16 207 121 39 102 45 137 144 184 52 211 32 205 37 90 134 
68 18 119 131 26 80 87 136 144 210 64 1 94 100 102 138 142 180 48 95 137 122 182 248 163 39 223 75 219 170 72 224 49 40 231 146 30 117 236 156 103 80 154 114 1 153 184 89 86 24 223 209 59 26 250 230 162 94 201 105 211 250 55 140 6 246 219 168 119 63 157 138 140 202 63 121 78 151 67 80 150 118 11 142 179 238 164 225 58 99 77 206 141 22 106 1 5 53 203 63 177 245 135 19 1 52 239 114 47 164 240 152 236 22 150 43 138 175 43 243 63 174 211 63 118 97 92 228 
128 252 225 97 145 163 15 74 226 222 125 220 12 68 187 161 204 101 229 231 83 181 253 221 201 60 202 87 217 125 20 82 110 247 156 158 107 174 58 223 193 48 77 229 35 150 27 168 70 188 247 71 93 214 29 179 237 32 102 55 203 112 78 212 47 248 61 232 227 124 160 4 220 31 215 157 75 194 83 188 85 28 30 16 203 251 133 164 251 85 6 75 117 70 208 102 112 104 73 171 133 194 130 106 154 112 242 251 168 124 115 160 176 0 189 123 113 18 59 97 30 157 73 182 132 238 135 227 
194 203 41 126 122 189 24 122 182 188 62 19 110 72 80 206 41 172 144 167 38 105 174 45 155 251 33 182 162 110 101 19 37 155 103 226 84 175 228 43 147 206 65 134 61 54 29 136 191 236 104 33 196 66 2 35 20 209 101 42 11 171 61 59 90 53 58 204 253 116 37 217 244 161 58 142 250 247 9 249 111 218 149 31 12 183 29 16 151 225 3 87 105 40 255 213 140 128 227 144 225 57 159 224 52 97 41 69 1 174 224 239 86 71 118 16 150 97 196 57 138 190 186 187 207 35 199 77 
88 254 18 71 111 73 63 159 173 13 7 11 7 151 221 43 114 57 204 179 158 239 221 27 241 153 91 176 255 10 152 218 208 252 62 64 177 78 160 164 242 76 182 17 99 135 180 21 246 21 97 75 34 3 56 198 153 164 111 93 60 92 123 65 27 16 6 76 10 38 177 150 31 28 219 96 74 31 179 188 109 89 138 15 170 168 190 204 186 97 39 29 88 247 236 180 93 250 139 66 51 108 117 165 235 8 94 146 74 246 79 125 217 78 40 181 200 180 53 37 220 201 213 81 164 57 45 159 
207 188 241 5 38 234 15 123 238 118 235 90 203 158 87 222 157 130 96 191 238 150 126 238 4 130 141 224 58 87 44 79 185 34 9 4 22 93 222 194 59 33 33 107 200 55 251 141 71 236 76 49 156 255 124 8 30 151 250 34 111 251 29 241 92 197 84 150 195 39 115 109 34 222 114 170 227 186 38 172 125 128 89 63 24 26 43 135 66 9 253 6 147 131 85 217 206 61 96 72 124 73 67 255 28 234 225 48 246 225 217 109 6 243 180 243 208 36 50 48 24 201 153 202 255 162 111 252 
150 248 42 111 147 240 64 253 176 82 20 82 153 151 37 47 199 8 14 85 75 67 53 7 144 124 53 164 52 125 18 128 80 199 18 45 229 76 109 101 251 213 126 85 64 116 3 77 216 159 31 103 122 80 240 121 50 209 34 84 44 82 131 83 216 244 27 130 12 173 214 66 239 241 239 30 106 102 119 1 35 249 251 109 217 87 250 253 245 151 49 223 147 36 223 113 198 84 101 25 128 252 111 102 254 143 48 231 32 104 243 38 208 110 114 125 96 7 212 226 87 148 55 232 0 35 219 184 
26 212 3 160 164 183 191 26 153 152 61 59 169 214 175 179 118 155 162 213 203 97 125 3 5 7 115 102 163 33 37 251 87 245 250 153 132 157 224 28 24 225 207 57 211 149 57 118 163 69 32 106 204 27 181 122 126 151 29 166 173 86 117 225 54 1 50 135 42 2 136 174 86 43 102 8 226 61 35 162 193 234 208 210 149 25 181 226 234 113 229 218 102 40 167 182 22 239 86 224 64 98 53 120 174 114 134 72 127 232 31 235 72 118 244 91 39 41 23 57 210 95 29 96 248 39 202 1 
35 61 40 124 81 193 82 70 85 115 194 172 55 246 178 222 19 246 242 90 181 250 74 206 211 176 202 161 14 26 49 58 165 253 235 244 144 121 19 146 192 51 147 67 107 71 233 125 232 2 154 42 129 114 197 89 145 47 108 58 47 8 162 161 133 149 193 68 119 82 45 93 49 119 80 50 90 203 104 221 189 55 129 61 108 168 187 31 25 180 200 41 247 223 251 22 118 114 70 101 96 7 106 92 148 74 55 201 157 161 120 30 11 26 239 145 95 161 68 255 187 233 146 66 80 37 246 162 
223 86 226 169 108 109 53 201 115 133 26 56 185 134 211 14 227 77 196 125 190 227 176 1 55 42 165 181 55 99 115 18 249 32 141 111 43 178 135 7 94 216 82 58 123 160 108 243 193 224 212 202 6 99 196 232 219 150 90 201 45 207 236 75 164 87 223 91 62 212 88 214 183 47 115 226 30 226 182 118 156 127 11 71 208 68 121 149 221 99 133 174 160 48 215 200 248 249 83 2 30 139 165 48 123 128 238 213 228 42 213 40 172 151 6 124 36 29 224 252 55 191 138 164 88 198 193 245 
61 6 187 170 60 232 180 204 62 60 198 24 237 159 193 44 141 198 107 80 148 165 202 71 233 144 106 101 224 2 11 209 181 51 239 134 37 212 128 237 39 107 115 90 241 4 31 2 172 43 97 27 139 134 228 123 201 89 172 83 97 98 52 101 175 131 214 133 116 47 220 162 246 242 111 51 105 253 199 18 246 15 148 215 132 153 132 98 145 53 61 79 168 94 22 161 112 246 144 223 141 120 177 250 207 37 114 180 71 94 197 136 128 184 250 132 219 243 146 184 106 72 76 203 208 199 35 6 
91 105 74 133 99 160 190 3 231 40 142 78 16 59 44 32 142 210 115 45 94 31 9 200 218 242 128 106 180 21 29 132 4 29 5 75 239 181 254 85 196 38 195 85 140 77 128 114 173 192 132 118 110 157 81 124 174 24 140 118 51 29 236 36 188 245 229 95 135 108 65 119 84 207 248 197 115 108 143 204 170 55 204 51 30 64 157 219 42 16 120 169 208 124 18 33 248 98 97 105 70 36 39 10 153 94 153 23 132 204 139 36 115 255 82 105 43 41 152 62 1 171 216 35 184 145 80 129 
236 229 163 241 105 79 30 146 84 149 88 162 241 230 15 204 23 108 235 190 61 155 170 49 187 191 246 42 216 204 222 73 110 95 117 240 108 125 71 99 36 210 6 18 144 140 65 248 106 108 2 146 151 2 54 174 205 2 78 69 223 93 133 45 54 147 182 66 89 139 116 102 166 131 252 213 43 253 134 135 123 89 230 132 205 199 38 53 190 232 172 173 45 64 23 69 37 59 157 128 136 194 198 210 183 0 148 53 27 163 111 146 112 151 156 254 115 37 24 132 169 190 5 41 245 141 11 116 
133 194 76 221 179 144 125 229 142 219 245 116 151 242 183 143 40 123 101 121 221 207 9 156 108 67 157 150 97 175 30 222 221 147 197 38 123 212 243 175 42 78 141 154 163 86 135 112 118 113 189 251 183 168 94 182 252 212 149 70 193 243 132 6 107 97 151 212 168 156 230 70 18 205 59 196 156 176 202 186 104 214 186 206 106 48 72 251 192 142 100 231 103 174 128 22 74 231 71 178 163 201 86 99 135 114 123 28 190 163 161 211 87 121 154 67 41 74 178 175 246 159 223 41 103 15 243 15 
138 144 177 61 135 197 97 216 137 177 156 128 7 2 241 51 191 158 185 207 95 250 77 205 102 183 159 121 233 26 241 65 187 241 5 34 201 136 6 100 9 126 124 133 53 168 16 6 132 82 126 225 51 162 255 10 195 213 175 126 18 9 157 217 189 149 66 8 22 210 224 46 120 96 20 203 208 203 194 11 70 137 126 49 35 69 94 181 43 236 253 145 21 3 141 147 51 188 206 162 200 213 92 86 178 216 154 143 43 137 219 176 220 9 171 2 33 235 143 195 251 45 195 88 146 167 6 100 
158 121 63 100 119 144 154 187 179 254 25 102 91 225 251 141 107 255 22 84 127 191 149 42 251 236 165 156 222 154 163 233 69 255 88 210 73 58 128 156 165 13 155 175 81 117 59 180 87 56 151 232 194 191 63 247 5 83 96 98 138 191 45 51 38 138 116 255 138 205 51 124 180 239 75 180 67 214 148 250 206 64 83 102 80 238 149 238 43 245 209 231 68 140 41 190 11 151 161 244 236 26 19 37 108 147 67 49 157 136 154 46 29 137 54 133 128 170 209 105 175 152 35 225 58 52 240 61 
136 190 109 58 53 104 170 243 13 135 87 18 170 80 35 176 191 245 146 119 81 182 211 101 89 7 154 31 33 135 108 67 138 91 113 120 104 195 20 166 99 145 142 218 221 251 161 97 105 44 118 116 162 203 123 172 16 236 5 61 186 241 13 249 205 105 73 240 249 206 35 176 114 178 150 39 231 67 218 29 57 233 223 244 20 74 11 59 32 80 181 15 189 21 81 157 71 185 62 241 231 154 64 62 214 54 227 102 143 197 112 153 53 187 218 62 26 29 118 233 238 119 220 196 154 199 38 175 
13 4 97 225 15 77 216 248 74 113 55 75 22 59 107 216 208 11 164 115 210 80 137 153 73 100 15 112 3 4 253 61 237 166 219 181 150 37 215 121 12 119 11 78 50 206 182 208 180 16 93 235 132 82 100 239 225 137 94 13 92 43 203 37 214 1 128 182 154 72 190 133 73 171 227 253 185 164 100 103 4 113 61 147 85 171 152 141 96 214 173 172 64 181 136 32 232 175 87 178 70 219 63 104 161 87 60 231 6 193 142 199 161 48 140 93 81 96 232 28 79 246 122 120 20 251 41 236 
201 165 48 194 172 90 250 215 114 128 82 241 152 106 239 141 207 144 155 137 181 207 73 131 225 205 78 16 119 196 57 37 191 91 180 208 7 180 145 60 109 186 176 84 104 21 84 49 11 72 35 214 90 75 58 227 37 192 184 170 111 71 33 83 176 229 205 38 115 155 184 125 103 113 210 79 5 232 162 13 89 79 99 46 62 174 199 112 25 4 141 233 6 187 220 101 26 154 26 14 52 207 77 212 213 251 128 189 11 22 24 127 42 10 76 73 201 230 60 218 95 8 104 7 124 171 176 9 
134 238 243 125 22 194 154 139 72 166 13 11 243 137 68 66 245 24 82 189 119 20 137 213 165 87 59 211 159 126 96 39 126 247 233 107 127 85 47 59 206 238 173 199 24 27 39 178 212 114 203 19 182 212 232 227 110 147 93 80 111 186 215 186 234 57 27 1 214 47 219 134 183 58 197 133 16 249 1 20 217 5 79 112 38 114 59 15 211 48 145 238 217 193 188 185 155 22 249 121 219 129 242 28 133 94 58 221 132 1 95 93 225 171 68 34 239 108 114 57 216 106 142 198 94 131 7 2 
221 227 247 158 153 70 23 7 249 224 151 241 30 191 252 30 13 110 33 167 5 226 103 50 214 182 175 64 125 206 115 169 0 4 168 154 249 230 28 191 210 86 82 76 48 118 199 110 250 108 183 21 147 183 154 214 135 141 141 245 216 174 93 71 6 105 246 34 204 60 237 151 227 100 220 40 56 33 155 122 107 126 30 255 138 88 32 80 179 92 10 50 81 8 131 129 44 29 217 224 165 230 37 65 178 43 85 31 106 240 13 206 176 138 61 26 243 113 149 102 130 237 171 159 127 214 187 200 
185 178 33 2 85 178 188 204 211 88 19 76 5 232 164 100 225 151 130 245 216 57 132 13 236 9 80 209 91 189 203 65 231 5 159 113 156 72 229 27 141 26 158 141 25 228 53 135 191 92 73 16 100 186 56 228 27 233 181 75 65 139 183 38 171 92 83 96 96 199 226 46 175 122 195 211 181 55 230 108 94 183 150 194 185 103 211 65 35 69 48 111 49 56 153 20 90 204 117 117 74 223 241 221 4 15 166 217 242 151 16 134 123 161 117 31 52 224 124 233 219 235 141 182 235 61 85 98 
183 31 54 204 148 140 150 41 62 104 102 229 69 88 147 82 240 156 72 146 73 206 55 156 157 63 28 71 197 127 75 141 60 195 94 189 16 141 22 153 235 107 178 61 235 116 120 90 207 148 101 125 88 42 220 135 156 82 238 75 254 163 69 55 175 7 218 179 130 2 67 209 71 119 150 10 152 164 54 153 74 31 147 166 218 190 119 162 99 235 85 156 6 174 125 144 227 212 173 145 62 115 155 54 5 171 115 182 92 66 189 59 241 128 69 233 255 194 79 159 247 246 223 137 105 206 234 13 
235 5 126 163 82 208 230 103 231 238 28 214 227 125 208 217 195 103 190 195 54 237 238 16 246 247 7 81 129 106 233 58 193 136 220 113 37 16 47 186 111 140 161 89 249 148 169 145 249 96 76 21 11 128 172 87 24 63 92 38 167 240 57 159 189 29 92 161 121 210 4 102 76 188 17 210 8 208 61 158 3 8 71 239 158 160 116 108 220 15 169 186 194 214 50 153 145 131 98 43 247 91 172 5 58 213 43 141 118 86 170 122 192 205 111 15 23 123 172 226 253 51 103 46 72 126 4 83 
114 146 37 27 27 6 7 86 104 228 189 82 81 168 244 172 249 12 240 192 12 39 203 227 212 39 201 182 100 25 211 108 170 146 162 220 119 44 236 154 141 64 217 209 156 77 158 66 30 51 169 153 159 28 76 28 183 119 247 132 36 62 145 34 1 155 56 67 133 105 10 254 253 233 186 131 100 154 63 22 95 115 174 21 100 78 112 45 168 252 161 144 163 139 224 136 42 35 15 244 178 52 69 123 223 112 114 248 10 151 144 182 170 197 205 144 37 94 195 134 141 35 196 86 89 88 144 19 
115 136 18 24 254 219 120 249 196 226 132 24 65 54 204 90 114 205 123 159 166 89 184 245 104 4 213 91 43 112 50 43 70 254 26 83 30 217 36 26 2 104 26 174 77 246 81 226 4 191 52 172 17 193 245 149 27 115 245 27 124 122 79 233 244 22 59 58 202 163 210 209 140 163 192 185 179 229 131 207 195 164 219 15 103 47 83 3 129 31 135 238 24 11 111 219 8 2 21 60 139 199 215 132 228 90 224 204 119 157 119 211 118 70 52 87 244 122 20 62 127 147 249 210 94 251 237 153 
1 189 82 64 107 141 224 126 247 62 124 238 120 117 191 91 89 80 167 126 38 219 118 220 69 116 86 227 152 205 16 127 74 164 204 246 138 43 192 187 95 56 94 35 91 44 213 168 226 228 12 77 217 145 34 72 159 109 121 114 115 30 39 1 67 160 205 23 1 233 73 164 139 100 20 149 239 99 207 76 128 232 101 217 224 151 224 241 37 113 76 106 243 33 229 2 238 27 228 254 128 43 155 103 130 242 228 220 172 119 90 79 66 215 205 80 72 212 60 25 251 72 6 57 40 196 208 111 
175 16 27 208 143 39 243 61 121 229 44 44 157 26 64 177 220 175 140 185 18 18 90 8 216 188 63 37 127 32 228 137 58 204 63 231 117 34 18 174 60 101 227 52 17 96 54 243 145 212 222 199 69 109 128 110 112 57 139 249 16 133 44 181 26 192 248 217 172 232 250 181 47 108 169 105 139 27 35 191 117 4 11 114 69 244 189 207 47 43 16 24 157 145 67 119 126 112 9 16 72 240 189 64 43 222 110 30 203 169 65 212 209 211 126 208 95 143 188 123 67 82 232 58 36 190 126 137 
78 180 137 88 49 231 218 182 220 9 6 237 251 111 141 113 5 11 55 138 112 30 168 5 185 243 114 69 145 112 13 1 161 11 48 100 15 28 19 113 31 12 242 18 103 53 120 115 254 36 101 28 151 132 164 197 153 142 125 205 249 206 48 244 42 191 210 220 73 240 25 72 44 192 227 244 73 66 27 111 50 26 194 21 63 72 108 128 103 170 5 200 39 177 83 212 123 117 224 158 227 65 108 49 50 29 97 17 202 185 101 63 121 42 140 150 222 98 172 160 95 246 111 15 197 228 58 226 
143 170 17 246 29 195 0 213 145 145 6 174 220 233 12 28 128 4 172 82 248 220 203 127 7 168 201 215 183 201 49 187 86 48 101 116 192 83 69 64 103 110 250 134 6 91 163 198 174 9 58 20 85 222 83 57 227 40 160 17 27 103 13 196 132 210 71 245 220 39 146 204 133 96 119 241 86 137 181 142 155 217 132 81 198 137 153 181 108 142 162 23 130 224 106 49 89 112 61 186 93 233 105 253 90 83 248 140 117 148 244 171 159 46 245 7 81 220 166 32 121 34 230 238 26 150 71 132 
165 231 140 184 201 219 100 73 66 145 123 128 249 3 190 107 158 122 84 187 102 164 45 249 35 36 233 134 238 17 0 101 3 190 255 99 221 183 110 110 91 117 114 231 37 119 136 208 161 192 70 136 64 24 134 109 171 173 209 103 252 242 108 136 122 192 220 0 86 105 90 62 76 140 46 155 116 162 255 1 138 10 59 250 215 108 49 28 238 249 28 77 14 75 68 194 169 250 119 18 93 18 208 11 164 235 48 58 10 198 118 168 61 68 36 161 85 115 39 188 33 18 130 114 168 87 140 149 
244 35 200 119 92 125 251 12 199 141 191 220 18 66 71 239 23 230 60 7 254 195 182 103 156 102 192 120 209 122 128 120 73 196 64 183 204 7 159 17 87 61 234 228 64 249 232 98 224 16 184 194 251 160 143 100 64 84 56 127 133 212 144 18 106 135 37 75 3 209 40 64 2 128 122 87 48 96 170 176 163 156 203 72 130 22 9 133 246 213 154 56 158 202 32 234 141 167 205 96 36 67 252 129 63 141 210 161 255 223 246 41 24 71 7 30 122 232 144 56 1 148 175 56 166 101 173 68 
41 46 45 195 75 12 199 198 49 205 97 89 77 241 98 100 60 43 87 197 136 218 81 141 149 240 23 184 205 125 58 235 44 100 47 219 236 122 220 206 147 98 56 235 212 243 29 123 41 13 151 37 214 48 108 152 193 79 237 129 73 156 26 237 127 1 105 187 139 6 200 91 71 116 78 167 56 42 219 154 55 188 185 170 13 45 231 1 221 85 138 122 11 1 242 73 192 86 147 223 159 249 30 4 143 4 35 191 88 131 45 80 39 178 18 10 189 81 178 140 80 60 73 236 197 159 100 197 
188 69 131 79 57 110 181 3 96 114 121 209 237 113 125 180 93 14 94 151 163 99 192 181 44 195 210 53 157 1 49 84 218 28 132 180 236 124 114 254 181 102 253 197 128 72 196 29 199 159 48 10 27 3 29 228 72 114 195 81 11 208 119 39 158 217 168 37 16 169 198 134 83 37 13 0 122 75 84 25 245 33 1 186 116 29 155 19 184 16 96 137 88 141 120 232 80 49 45 127 166 92 26 198 83 116 161 39 38 155 55 103 79 22 254 34 33 7 239 40 127 52 134 196 246 137 181 171 
64 253 142 249 9 119 173 223 53 122 26 179 62 159 120 56 82 168 53 111 103 191 217 221 150 255 19 86 35 66 163 219 50 191 82 84 128 24 135 182 136 114 74 10 1 185 224 124 157 210 162 252 247 176 200 126 44 248 66 175 43 231 86 175 86 34 8 247 71 190 23 115 166 66 82 255 105 216 181 4 65 167 125 97 206 7 138 51 56 210 229 175 183 71 135 74 195 61 51 236 149 8 26 22 188 136 0 55 148 132 244 172 204 9 23 223 106 86 101 86 183 187 9 179 122 254 237 254 
91 239 113 176 106 53 240 138 199 78 96 7 234 209 55 165 138 195 244 71 129 81 121 193 6 48 134 202 90 243 96 122 248 60 142 58 41 124 81 90 112 13 118 84 223 180 9 37 116 92 212 214 195 143 245 55 0 119 131 41 209 243 162 135 45 87 224 48 205 136 179 88 121 69 18 174 154 186 198 241 239 244 244 110 39 91 198 253 114 65 192 223 137 111 66 138 246 207 117 182 24 183 65 47 135 62 134 165 159 218 124 182 159 69 91 227 105 85 26 141 174 145 246 43 100 202 155 152 
88 148 135 64 242 113 113 91 97 57 7 122 130 37 7 174 215 159 78 151 179 92 165 97 68 149 109 3 169 10 190 43 52 216 179 111 104 237 253 171 66 34 101 68 203 196 218 104 93 220 243 82 141 179 255 174 237 145 13 79 91 193 129 52 77 117 90 148 175 205 87 178 7 93 128 190 17 167 0 42 70 225 173 248 233 206 136 241 236 126 28 182 174 57 166 125 30 219 157 119 65 151 204 94 34 41 83 182 127 158 18 59 192 189 35 42 253 169 97 128 105 198 226 106 189 163 7 65 
105 148 177 197 51 236 122 24 113 97 231 60 197 164 99 105 94 222 248 255 1 248 130 82 76 209 25 219 160 30 173 41 208 54 255 218 24 119 187 72 28 43 33 212 104 61 248 65 160 29 84 221 40 172 199 10 21 220 29 99 220 200 201 68 198 73 216 106 65 212 207 29 52 158 233 147 156 98 186 121 76 160 223 234 159 233 176 187 11 237 93 244 46 218 139 28 13 177 122 203 143 179 21 216 176 39 148 98 33 129 90 114 173 26 227 39 39 209 37 172 182 28 84 189 16 10 247 108 
10 176 205 22 10 94 62 74 86 186 142 175 97 75 17 8 116 184 210 138 161 246 240 14 74 106 79 126 111 160 242 122 65 110 42 249 108 72 146 81 235 207 131 156 13 247 191 207 110 195 142 29 189 239 223 94 47 105 77 59 13 29 224 75 116 81 222 81 155 38 119 26 200 69 238 89 26 170 62 3 254 17 255 118 251 232 221 26 58 240 245 231 125 82 47 145 27 19 11 50 144 254 202 144 154 17 73 35 97 45 211 109 118 105 10 224 8 212 199 247 145 68 76 120 234 14 67 148 
244 113 182 50 206 79 72 113 181 203 17 178 34 200 243 103 92 89 198 82 203 101 148 178 151 146 67 1 149 220 125 91 18 111 19 17 137 18 205 156 121 60 157 25 46 85 46 128 50 204 17 249 30 177 249 12 6 3 120 119 245 149 222 126 111 147 157 101 112 212 154 10 96 130 198 73 100 153 137 34 153 176 25 140 167 167 137 117 189 188 36 198 220 43 211 177 206 70 59 165 186 249 234 117 143 129 106 45 228 77 18 147 41 134 28 184 18 45 52 170 32 133 164 57 178 199 114 120 
112 35 108 188 237 101 27 72 172 115 85 236 7 96 199 17 15 189 47 40 246 27 23 122 239 162 59 34 83 214 7 155 4 192 122 236 39 71 106 17 241 18 229 87 190 3 172 65 91 179 84 61 34 182 221 183 92 235 13 134 124 207 152 202 169 145 36 155 31 242 207 251 167 25 171 30 254 251 16 62 239 185 21 169 168 218 38 47 113 17 237 194 69 59 4 136 254 106 131 200 177 253 14 151 209 131 18 76 8 199 88 250 51 41 58 59 169 248 227 231 176 159 123 193 22 136 102 63 
38 247 183 175 111 237 64 183 40 214 236 233 74 217 36 239 9 156 138 61 206 110 174 4 41 173 74 104 252 134 43 187 117 59 3 142 73 145 220 151 184 120 204 138 59 163 93 199 93 48 155 183 243 126 12 6 196 164 206 187 95 50 215 133 153 78 118 24 100 210 182 47 222 191 184 64 173 251 219 85 42 21 158 84 249 216 121 47 119 61 73 82 16 215 96 154 74 200 219 0 156 39 162 69 43 149 117 147 104 98 181 87 165 201 191 101 161 70 111 51 199 140 185 38 204 72 220 80 
70 219 250 241 177 246 55 187 250 33 250 135 17 128 120 236 59 100 98 226 106 95 231 222 224 78 12 215 17 33 143 132 221 95 113 157 118 192 64 75 155 60 125 208 248 3 214 213 164 228 246 10 19 102 10 208 52 234 7 118 254 153 0 215 253 43 97 45 95 229 11 154 43 201 57 161 188 195 79 153 79 17 166 122 36 220 233 232 117 177 96 228 132 88 212 223 113 141 192 99 225 251 103 240 140 57 86 176 131 62 67 11 182 223 205 37 126 21 0 131 37 7 86 106 61 169 63 193 
167 167 113 155 101 142 172 184 10 20 46 33 224 84 65 68 116 116 65 112 215 252 226 62 168 236 75 162 100 97 234 73 143 47 227 9 96 181 238 221 143 246 1 139 178 125 129 69 142 30 111 197 154 205 1 199 108 156 26 7 189 181 239 69 71 132 113 110 153 249 74 251 234 111 51 85 42 86 186 9 116 125 33 124 121 223 220 181 91 27 66 17 82 231 0 156 13 79 153 58 12 247 180 38 82 58 240 187 133 237 149 166 52 227 133 136 121 11 195 210 31 205 233 164 90 88 125 190 
57 39 125 167 67 209 238 193 61 220 243 23 123 141 32 89 24 180 254 210 62 64 4 169 56 39 225 13 114 252 5 46 251 166 182 89 97 121 174 157 215 140 57 199 230 114 240 163 100 229 181 132 250 4 160 252 60 43 210 204 93 160 64 98 253 218 184 156 9 65 118 18 213 234 49 119 233 110 194 128 209 204 33 23 14 33 128 123 37 134 16 190 68 212 203 32 228 28 181 20 67 195 169 210 248 229 198 72 167 200 61 71 210 221 63 187 86 26 201 121 185 76 9 105 5 236 112 255 
63 33 67 74 37 136 21 251 153 187 221 156 23 173 101 137 52 143 190 56 65 68 37 55 203 160 44 219 228 63 254 175 60 136 237 225 139 53 187 83 79 16 181 147 182 62 168 211 242 33 82 255 135 50 56 192 119 105 4 54 147 123 120 135 30 139 205 90 111 255 32 3 87 230 141 222 230 163 5 114 35 188 2 44 250 13 101 194 95 22 50 151 83 89 162 23 198 107 251 183 118 77 112 160 103 84 165 230 191 150 216 242 145 213 51 59 75 149 178 3 65 101 241 233 224 62 146 76 
135 143 26 153 108 14 246 232 252 68 151 239 175 71 35 111 148 23 131 108 242 48 130 201 227 188 18 157 179 190 94 7 152 105 51 165 226 3 119 128 244 156 172 19 252 192 22 5 192 63 27 7 186 63 4 33 83 239 153 205 39 46 129 87 107 84 118 171 202 115 197 131 96 118 172 131 149 107 180 222 101 164 225 95 94 231 214 75 254 246 141 125 85 171 192 59 93 135 93 161 82 10 142 201 38 128 252 164 41 175 204 84 184 132 22 82 243 31 141 42 187 148 2 35 216 179 82 255 
145 198 125 82 231 189 143 133 56 28 248 243 164 57 118 224 120 87 96 209 152 112 95 25 24 109 51 6 242 116 119 138 114 140 148 156 9 227 224 161 106 41 166 41 35 58 58 74 167 15 204 104 85 237 105 116 127 251 76 237 88 31 40 120 34 118 29 165 135 89 4 3 176 244 138 110 65 51 9 17 116 229 9 28 49 21 70 76 151 1 176 151 19 7 49 6 193 113 49 64 181 34 6 63 167 53 166 89 51 68 24 44 123 84 195 109 35 244 192 68 31 62 110 233 27 3 233 69 
152 167 102 100 148 77 114 125 105 213 34 131 114 57 63 221 115 42 254 15 222 242 217 253 140 178 11 219 182 86 82 151 237 230 245 59 211 230 89 181 247 164 36 86 24 127 157 69 94 232 56 114 93 59 189 133 57 208 105 251 35 216 132 124 222 229 56 203 59 139 228 141 127 1 193 111 164 228 212 75 7 251 1 54 185 182 218 174 227 150 71 100 152 95 117 212 104 172 172 187 78 72 78 184 115 57 17 43 38 111 29 113 195 247 50 76 46 243 104 192 24 139 244 138 7 212 255 80 
247 51 198 143 86 218 221 0 93 11 187 188 49 154 118 12 71 117 222 160 55 97 91 255 7 150 171 50 88 135 87 122 134 106 29 249 245 149 225 38 143 20 178 235 76 137 86 92 25 184 254 95 125 149 19 92 79 21 127 6 183 110 165 106 217 207 55 77 252 82 45 253 180 87 8 38 22 78 249 157 115 200 176 86 215 94 244 105 248 92 198 21 119 199 116 211 207 217 245 166 183 166 48 94 228 150 102 11 75 73 238 216 110 73 77 184 240 246 205 246 66 2 136 11 3 61 9 239 
229 206 248 59 21 9 134 135 124 253 43 153 45 91 249 108 211 66 162 35 184 64 118 236 116 21 194 241 237 167 14 182 236 152 85 76 181 237 125 129 158 135 21 26 44 166 63 9 102 19 185 40 248 18 198 30 44 77 57 75 189 73 116 76 253 184 175 4 171 20 105 46 253 68 91 174 229 216 35 136 90 181 68 167 227 194 215 110 160 221 1 94 247 192 35 129 83 149 252 163 50 32 116 90 150 67 98 149 181 89 76 239 161 129 164 129 185 86 26 103 44 91 166 209 234 198 66 226 
11 70 5 148 226 7 163 129 118 117 150 206 20 197 193 168 247 178 110 115 184 237 95 136 137 64 66 93 82 150 176 49 79 99 178 57 110 22 213 111 66 141 103 188 109 47 204 61 194 102 119 131 165 206 91 84 145 216 23 155 135 124 69 99 223 83 156 19 10 41 120 152 227 210 238 116 83 245 182 246 175 243 170 225 156 149 7 128 60 214 19 150 28 46 71 22 5 54 233 217 124 252 237 232 131 230 119 120 202 110 65 93 235 36 164 215 42 99 207 25 101 81 207 99 239 118 60 42 
107 120 233 137 155 29 179 171 177 132 90 231 193 186 190 10 15 155 104 125 174 234 246 232 238 81 12 16 122 20 177 3 227 209 136 112 171 57 117 222 244 8 216 234 74 25 221 102 63 190 19 115 219 255 148 166 132 12 52 75 34 141 139 177 169 19 78 42 248 38 146 178 27 244 6 164 48 221 81 173 49 176 98 111 24 224 188 64 4 75 242 34 26 180 2 252 140 190 210 243 104 136 181 171 47 253 60 214 35 65 119 158 39 26 33 86 197 191 236 30 3 68 45 251 203 236 86 101 
234 72 75 98 190 106 113 220 220 135 148 3 84 181 216 241 87 28 93 84 222 153 79 255 149 224 69 139 148 11 223 164 133 34 25 119 183 110 224 50 194 26 243 56 193 134 14 187 195 125 111 91 178 22 120 52 90 118 18 90 26 157 20 214 36 193 70 105 49 118 36 58 138 192 63 222 240 79 64 201 248 3 177 215 167 45 189 222 26 254 81 155 97 51 57 122 205 233 2 166 196 225 168 6 71 128 104 195 134 106 197 137 246 250 229 245 235 106 145 165 250 36 66 42 215 107 54 1 
130 231 219 138 164 131 141 231 248 145 165 254 109 56 21 239 154 105 141 80 125 234 66 151 137 188 29 18 226 106 72 214 125 245 48 81 120 95 185 41 245 167 89 123 74 215 164 64 103 185 73 44 155 16 55 128 76 29 205 56 201 226 94 249 142 222 158 66 203 93 175 250 75 221 24 232 252 235 149 100 119 30 36 18 217 104 229 192 87 231 169 40 61 154 31 119 129 52 243 115 155 141 134 89 121 194 147 82 164 219 47 90 102 74 75 135 236 191 253 108 123 132 192 6 173 166 158 217 
224 50 117 56 159 64 88 170 128 238 122 88 86 17 46 178 34 247 130 150 111 14 16 54 162 81 78 64 76 233 106 111 118 166 54 36 209 248 222 248 62 101 81 1 196 193 117 119 199 212 33 187 84 29 117 227 111 79 92 97 174 212 40 119 115 159 77 119 212 24 172 168 238 16 89 2 15 91 135 9 109 19 244 120 210 157 224 60 2 50 121 32 54 25 188 93 111 196 175 77 1 0 106 144 220 141 37 136 109 91 54 185 123 110 152 213 207 201 207 202 242 181 45 254 236 217 209 146 
78 91 245 1 245 206 175 219 238 120 251 173 102 165 93 7 80 230 15 80 157 25 110 82 164 242 210 223 79 20 195 54 90 198 117 73 229 80 165 63 85 219 43 225 165 147 42 149 154 163 202 59 163 233 53 9 169 31 57 69 166 11 2 130 42 226 78 0 20 203 175 59 37 109 234 242 157 110 64 175 38 235 206 193 226 26 97 133 80 109 82 111 35 117 253 46 126 213 251 208 25 218 31 255 32 186 174 114 36 96 6 13 157 100 86 248 177 234 27 231 79 147 112 135 52 160 21 55 
239 110 111 48 117 125 121 15 73 143 56 196 38 7 223 3 14 11 22 94 254 61 71 49 167 111 55 32 72 162 2 168 115 57 111 71 136 102 155 224 252 129 72 234 204 164 31 129 37 98 28 241 235 103 54 159 3 216 209 213 122 253 178 231 4 233 54 31 159 151 114 7 115 32 43 191 17 8 218 204 94 200 250 242 190 58 51 41 241 138 132 13 159 216 3 26 1 193 183 70 8 52 77 255 255 62 58 78 210 104 79 128 136 182 32 226 26 9 102 86 222 73 134 121 214 142 177 41 
160 85 168 195 94 164 59 243 220 37 174 133 43 222 101 169 68 136 80 30 70 43 39 47 113 70 219 114 138 219 135 137 164 68 228 56 74 243 232 73 251 0 16 3 0 173 99 175 87 121 131 227 233 250 71 181 59 29 151 70 83 195 38 159 198 144 229 17 141 185 104 40 93 115 48 233 65 94 179 189 25 220 44 81 21 5 216 228 14 225 251 199 200 251 1 19 129 56 188 220 73 214 74 53 20 149 226 100 165 39 169 73 155 205 92 226 118 113 127 205 243 191 24 157 0 53 225 254 
25 208 138 253 71 206 64 100 227 84 47 246 192 67 57 201 188 53 128 61 164 129 250 111 204 253 124 206 128 177 125 26 150 174 234 240 222 68 134 36 243 182 253 4 209 186 29 31 114 246 72 209 80 51 251 83 174 11 49 202 7 166 212 49 150 230 137 114 62 47 54 24 216 193 44 105 28 46 105 238 254 46 135 2 10 197 235 174 4 14 29 82 7 73 166 199 110 124 72 81 109 115 69 13 33 19 127 161 72 73 237 246 166 58 36 244 175 60 156 52 150 101 213 5 150 17 223 177 
159 105 161 127 13 246 172 24 188 29 114 122 250 91 39 120 16 135 89 201 184 6 96 176 247 186 174 155 154 163 2 196 50 205 5 234 190 87 238 127 66 120 192 230 189 36 17 138 221 16 118 19 70 20 128 173 68 32 139 79 118 110 12 55 154 224 240 232 100 78 166 45 66 52 104 154 113 67 168 179 58 86 228 12 11 171 2 18 165 121 201 1 209 155 6 91 41 9 168 36 184 25 23 58 78 170 32 143 253 40 126 47 53 98 114 248 30 220 212 19 24 149 12 179 93 48 79 12 
98 87 23 172 158 229 186 165 216 22 44 217 233 228 229 162 252 161 143 94 26 164 26 210 242 26 180 221 184 4 7 162 39 68 66 74 36 242 76 147 27 69 199 86 101 141 126 199 158 82 144 236 182 115 44 228 165 244 150 179 231 192 8 140 19 238 92 102 102 163 80 32 85 110 54 67 212 249 86 219 113 0 112 205 44 206 190 160 137 213 250 148 198 183 236 26 13 121 157 1 180 28 108 246 180 70 89 103 73 103 56 40 31 113 90 153 44 237 168 189 104 201 246 195 62 248 219 172 
121 254 182 38 192 8 188 116 151 173 132 87 53 41 92 126 131 215 12 11 31 9 233 84 250 162 218 0 101 39 50 242 2 125 21 201 103 45 23 213 54 28 115 109 113 250 72 12 133 58 89 234 244 29 49 128 77 163 34 129 111 16 103 69 74 10 196 249 107 230 89 44 8 2 232 131 189 174 99 189 219 83 243 2 249 59 62 72 74 103 39 55 209 39 215 205 46 31 80 108 88 83 58 13 40 187 235 57 154 87 247 105 59 185 250 138 248 219 186 174 82 174 162 148 244 107 249 252 
164 193 198 170 253 89 6 184 250 241 142 33 225 50 12 191 75 42 162 240 217 26 244 63 248 70 184 150 209 36 141 154 67 176 70 84 131 165 93 172 119 147 122 10 112 151 0 141 175 158 51 83 57 95 133 236 94 111 143 238 175 243 240 237 22 86 147 113 138 104 122 126 22 41 255 225 124 246 18 11 95 43 107 103 110 49 167 203 211 216 98 95 104 207 35 73 7 189 220 193 189 30 5 109 226 58 203 38 73 105 62 238 118 202 101 250 148 30 193 37 22 226 37 247 220 8 22 31 
12 66 169 36 156 242 79 35 8 12 1 192 74 214 7 118 26 7 191 250 187 217 101 13 40 238 201 157 235 40 121 58 110 91 27 107 61 52 212 78 101 221 5 103 188 21 106 210 128 41 153 174 7 209 115 173 226 95 1 30 235 42 29 220 36 168 68 8 218 123 159 211 99 61 36 87 163 139 182 20 129 165 117 126 140 32 124 128 82 32 65 92 224 48 34 102 250 223 197 192 192 133 64 95 38 128 18 72 31 171 174 179 43 178 43 68 145 205 230 145 155 1 167 216 243 168 25 140 
28 53 190 208 150 92 104 104 40 144 181 8 89 26 91 150 195 130 60 167 0 140 94 165 237 32 165 59 146 147 69 88 10 63 223 130 47 99 126 40 60 44 252 21 20 247 151 215 210 159 5 63 203 84 230 229 164 50 109 109 82 97 234 203 197 22 139 121 208 110 47 175 239 79 127 191 76 110 174 25 249 81 138 35 191 213 104 116 83 232 170 105 95 167 36 182 160 30 26 95 207 239 209 195 232 207 72 54 51 54 57 159 182 115 30 128 47 183 223 68 148 94 201 32 8 211 84 175 
44 201 55 170 110 241 111 23 42 198 73 189 178 226 227 117 220 216 132 30 175 5 251 180 155 51 89 7 96 54 14 238 174 63 199 152 15 3 212 192 165 59 86 22 50 121 193 218 91 193 229 120 54 182 54 92 6 245 133 154 151 26 23 1 153 144 187 153 161 98 183 192 211 66 202 64 23 19 245 57 87 245 159 209 56 135 122 184 128 81 78 29 172 145 152 12 123 182 157 240 144 234 255 176 165 46 215 87 94 29 62 140 212 32 114 240 62 249 209 226 14 47 102 55 55 163 81 233 
133 164 95 69 126 86 59 242 222 129 154 72 83 25 229 28 194 62 112 21 193 129 164 130 67 97 162 89 36 117 93 108 123 205 218 82 170 190 9 96 97 100 101 104 17 210 72 121 152 250 34 230 210 157 112 177 157 45 82 223 250 68 206 121 68 103 110 136 23 1 65 78 202 94 14 91 104 83 151 6 36 171 4 106 152 113 159 85 217 230 168 143 218 231 82 248 136 252 206 10 219 55 101 238 151 164 195 191 19 133 119 142 240 18 86 93 247 64 197 152 222 81 210 62 21 45 40 120 
134 0 122 19 199 67 118 47 159 54 37 138 53 176 188 117 62 238 64 112 31 51 159 164 195 177 146 103 127 207 16 37 240 136 60 222 91 38 28 164 91 98 159 224 192 64 200 206 54 186 28 106 177 68 23 184 44 25 190 19 81 245 221 205 16 202 200 85 111 113 231 41 102 16 145 187 15 237 197 80 13 85 235 254 77 195 238 8 97 58 213 178 229 145 195 180 213 109 138 6 15 214 16 134 107 85 68 219 166 103 253 156 211 109 76 231 199 195 172 243 180 77 59 0 0 90 158 124 
232 63 170 203 165 219 209 164 202 205 142 42 57 120 162 81 104 101 236 65 165 1 241 137 54 59 13 36 21 143 151 102 4 129 83 205 24 73 132 152 240 30 133 61 168 207 248 248 18 92 193 250 9 161 23 201 81 194 15 104 170 29 182 85 204 191 253 143 115 207 38 70 178 88 126 37 62 208 35 115 20 194 2 2 88 202 79 241 51 65 204 49 148 63 181 112 172 99 54 99 90 193 248 61 36 103 107 166 170 118 181 170 129 92 57 7 218 42 183 22 73 220 138 153 79 161 79 149 
122 48 201 139 146 186 160 166 0 5 155 73 112 215 15 179 71 10 43 248 65 249 176 100 15 1 247 40 126 82 233 228 27 219 194 252 74 108 129 157 95 39 8 248 151 253 25 226 92 247 120 241 66 140 228 250 242 213 5 17 121 132 103 208 39 40 142 182 232 159 6 202 193 11 114 173 51 161 52 172 122 145 210 192 65 153 237 194 17 4 154 83 109 153 118 143 219 49 182 143 41 124 202 183 199 94 140 3 71 28 86 198 74 223 98 225 210 156 233 252 159 132 55 130 124 150 148 111 
197 7 255 10 14 149 172 225 45 96 147 195 11 126 19 137 172 118 49 116 175 15 112 74 127 0 141 8 131 227 19 194 90 163 194 123 157 147 123 17 115 28 245 231 134 182 133 151 88 58 230 126 203 75 129 192 113 198 116 93 50 116 60 213 218 26 206 115 154 95 177 177 228 58 38 34 94 198 164 143 170 106 189 59 247 133 100 251 100 87 92 181 213 181 104 157 168 198 41 42 8 2 203 94 212 14 165 13 234 172 153 4 83 188 182 17 143 225 142 226 19 240 68 63 127 244 86 63 
21 139 74 153 105 14 111 224 209 67 180 114 19 218 109 139 66 136 136 70 37 203 186 149 173 93 172 244 6 50 66 7 73 217 243 52 1 123 30 87 126 171 22 30 87 77 111 40 8 6 220 6 75 151 5 69 200 209 194 32 248 49 164 140 10 154 64 133 20 238 74 66 36 181 211 125 139 220 136 185 92 105 116 91 20 69 126 150 143 190 37 63 6 207 64 117 130 133 232 0 22 232 7 60 247 157 203 60 172 60 80 114 84 101 54 120 76 243 130 250 231 140 108 165 224 191 89 41 
154 7 191 110 38 200 100 73 169 237 21 173 65 0 212 159 24 87 35 74 127 19 6 105 33 108 215 186 100 246 221 58 7 188 84 184 174 196 152 164 103 144 124 69 166 148 235 97 137 246 92 31 53 27 121 99 186 157 139 61 60 47 245 80 50 81 111 209 215 106 220 23 58 45 188 32 87 225 227 140 88 76 175 153 216 77 124 188 13 168 236 220 62 231 108 34 152 147 108 186 78 229 134 169 13 63 198 239 84 68 26 233 143 144 27 115 211 220 43 31 170 191 55 221 234 168 11 227 
110 0 125 185 9 82 159 34 171 15 50 37 190 147 232 92 151 237 68 188 227 204 199 104 140 115 21 109 104 151 177 48 186 55 110 144 100 240 51 253 2 174 89 11 230 86 61 53 148 246 94 86 202 115 34 235 17 145 99 40 252 77 130 221 180 47 119 118 33 14 22 53 112 201 116 46 189 31 195 182 49 102 167 51 108 188 72 155 47 12 0 249 221 46 86 237 34 139 212 37 234 202 71 16 234 181 188 147 136 28 81 116 244 227 237 165 23 130 148 223 151 125 149 75 83 122 128 46 
19 143 40 12 133 72 134 41 20 150 166 44 231 61 252 128 200 29 123 172 147 129 255 49 242 175 244 126 41 165 73 126 134 105 13 87 81 110 129 139 244 78 30 121 48 145 104 193 55 171 136 121 44 36 147 66 211 204 53 67 156 168 96 1 157 244 247 5 36 150 1 112 55 191 84 30 217 58 84 57 145 178 65 151 149 201 240 224 26 58 143 185 238 202 177 105 30 135 73 59 202 76 10 239 41 53 123 185 83 205 155 52 223 212 210 9 99 194 151 198 115 155 100 52 70 4 102 55 
44 91 161 234 82 113 21 149 116 13 40 136 142 134 174 49 105 144 117 147 87 153 215 244 83 83 245 12 157 254 26 176 9 68 82 87 186 89 230 167 210 211 230 200 231 239 30 104 205 123 159 150 150 69 112 97 99 246 173 63 206 157 21 135 178 191 182 40 95 230 225 56 184 125 24 213 180 111 5 204 194 255 215 215 207 255 95 246 239 56 19 16 190 180 196 175 181 5 138 149 243 73 232 43 129 168 192 147 186 161 249 201 69 73 8 150 60 167 96 47 75 27 229 203 147 119 46 7 
237 232 4 136 122 35 236 24 117 84 121 95 28 36 94 5 98 36 255 51 34 209 152 58 236 211 67 165 244 18 45 211 61 178 122 118 44 129 254 35 204 67 145 28 254 85 4 176 166 98 29 7 235 118 69 252 42 48 27 248 22 49 55 233 196 236 21 197 7 108 76 236 14 112 76 232 160 9 217 17 123 1 242 210 229 231 163 72 104 50 122 136 253 171 146 10 33 130 93 114 171 88 6 1 196 222 159 212 179 135 59 180 251 237 89 110 145 51 112 217 118 243 182 140 156 212 104 203 
152 226 167 24 0 146 210 203 56 33 129 122 250 104 84 64 209 43 99 116 13 179 69 176 99 5 44 142 216 52 39 11 126 253 111 153 181 67 154 56 148 203 37 68 154 203 67 108 56 163 199 155 253 125 211 155 97 247 176 102 140 239 251 66 10 255 40 3 26 248 75 137 53 16 89 89 20 58 254 235 70 130 123 192 17 216 3 193 180 90 209 18 212 192 163 230 80 244 63 149 236 250 36 172 28 91 166 250 90 17 25 27 26 125 150 69 10 82 106 11 232 181 173 114 3 116 112 241 
91 163 67 177 35 208 120 228 82 71 77 194 9 186 189 135 209 43 17 68 81 142 22 35 37 39 25 230 188 111 248 163 123 190 199 179 38 221 118 172 131 240 221 29 92 70 94 184 148 102 26 55 65 145 241 108 31 29 54 130 38 198 222 158 202 26 108 54 61 123 107 39 253 80 212 177 205 59 210 3 184 196 251 96 198 108 81 247 242 194 235 142 194 18 45 253 21 166 84 37 75 208 110 191 87 48 2 18 151 164 139 155 49 244 91 231 243 201 140 162 121 1 110 132 5 150 231 230 
89 126 148 126 18 2 242 110 26 164 108 67 34 22 126 87 16 226 195 176 88 61 147 221 197 147 136 227 160 48 20 167 231 85 179 189 168 68 183 128 241 75 20 130 71 195 26 184 139 128 207 183 118 152 138 142 220 114 71 67 26 66 69 126 121 194 242 63 112 20 239 204 37 142 118 208 109 94 127 67 207 54 2 145 185 199 19 38 11 95 189 234 58 106 177 106 6 124 116 225 10 146 78 123 127 244 37 166 76 223 21 9 152 53 42 27 22 144 225 71 66 156 180 235 26 150 64 200 
2 104 88 5 17 218 12 51 99 233 234 200 23 80 160 0 11 6 94 18 193 164 134 227 15 239 207 205 210 211 149 142 164 193 198 134 226 207 252 200 147 185 54 81 118 96 206 88 172 88 41 162 216 66 13 22 118 46 167 152 237 60 177 245 242 22 54 108 156 220 74 41 53 118 240 195 76 9 176 252 41 84 130 104 64 230 227 70 175 103 37 207 67 166 196 94 30 238 238 186 90 222 251 252 145 209 10 129 119 249 0 251 159 44 78 91 120 242 167 137 66 68 118 28 189 90 125 169 
149 18 246 48 92 23 91 136 182 208 199 123 235 55 157 38 178 54 151 238 191 50 141 31 232 143 172 68 243 58 10 9 12 217 227 182 8 170 208 138 116 243 1 137 114 234 78 56 78 105 208 217 137 36 138 28 53 168 21 65 57 182 200 254 234 208 223 248 126 253 143 220 113 159 43 169 143 129 92 222 193 22 94 165 242 53 216 0 75 227 151 134 163 255 158 250 193 47 239 87 88 127 221 189 93 36 166 25 139 231 23 105 211 128 58 117 120 183 90 179 56 247 77 54 221 38 72 245 
46 48 131 183 77 45 239 120 51 182 200 222 42 45 13 34 39 242 157 255 130 229 191 188 178 122 201 87 119 2 186 252 95 228 160 66 76 25 93 34 98 106 211 153 155 0 206 222 153 180 216 71 106 216 235 187 122 96 129 77 59 214 58 136 125 45 89 193 214 164 79 94 91 30 183 15 187 171 216 123 54 59 213 89 31 232 38 164 65 86 37 100 223 20 225 100 225 204 110 174 216 123 194 95 18 254 240 68 210 108 152 94 113 132 29 251 42 113 189 239 227 32 154 84 212 159 2 83 
104 80 38 45 151 87 50 109 227 135 9 81 35 149 69 62 5 11 107 165 53 34 220 30 55 211 48 237 196 48 26 148 168 246 185 191 0 211 232 46 213 252 250 144 110 163 235 69 14 252 129 249 169 193 199 197 83 157 231 22 241 253 216 71 111 195 45 221 178 246 53 94 141 40 138 240 255 11 127 67 219 119 115 63 176 239 18 73 92 186 82 216 73 101 213 155 139 107 189 245 184 21 57 67 141 154 16 30 47 74 238 240 210 205 145 177 217 249 95 128 240 51 39 19 79 45 189 131 
82 154 187 183 193 62 200 14 158 50 161 124 204 113 131 175 85 170 40 74 231 35 160 131 46 186 93 210 68 48 1 201 126 107 43 104 158 121 99 231 27 134 30 92 182 147 189 45 113 110 49 177 3 105 25 28 34 228 151 11 96 206 224 92 179 166 147 101 99 249 92 75 206 254 134 39 154 37 165 55 157 196 73 254 166 143 250 69 143 6 37 5 112 219 203 240 143 62 197 83 154 199 116 90 178 2 33 51 16 111 244 209 106 126 42 219 48 209 193 104 252 157 253 91 73 161 216 6 
51 41 28 109 216 31 198 41 110 53 44 215 62 55 222 111 27 204 80 128 122 97 113 131 213 92 78 84 24 107 248 169 252 126 75 45 143 113 14 188 130 185 140 83 101 161 24 145 210 102 187 253 93 202 92 212 148 11 200 13 12 248 169 244 104 92 16 235 25 110 73 125 50 86 31 160 184 69 235 225 250 90 210 240 72 9 254 59 241 65 126 116 140 192 245 99 134 133 192 65 0 238 252 216 230 134 142 166 233 81 76 29 9 228 22 142 148 137 141 144 63 12 69 140 180 127 32 89 
222 232 73 153 220 16 84 84 34 239 128 182 205 118 78 246 214 133 132 205 70 91 133 248 23 87 230 73 5 122 63 162 45 119 208 236 254 2 124 46 104 30 67 43 50 147 143 86 187 155 67 153 89 197 126 248 57 132 120 68 229 107 251 94 241 164 0 199 55 187 146 233 233 50 2 194 50 215 143 190 108 202 193 247 22 198 245 46 47 0 72 194 210 39 92 126 8 12 77 141 132 165 64 217 161 205 153 10 75 123 23 239 110 148 60 148 254 219 120 89 238 1 38 225 90 100 246 220 
186 36 105 186 45 42 103 160 154 118 86 246 36 212 33 21 243 239 145 96 124 179 47 35 198 16 175 38 246 21 88 162 35 98 7 174 193 203 203 110 120 121 145 158 191 175 179 33 159 48 88 228 248 50 226 40 80 247 195 87 9 40 89 206 151 131 149 13 215 47 94 241 50 162 152 227 202 173 2 89 185 140 35 220 201 221 54 246 158 101 218 154 192 2 231 98 160 141 210 64 50 102 186 161 15 53 180 31 71 105 44 100 93 217 111 181 216 138 246 144 2 164 125 48 46 142 33 61 
208 234 6 108 13 156 135 220 87 161 65 134 204 41 83 190 248 50 18 10 154 233 58 21 1 118 183 59 143 120 66 58 151 186 94 118 77 155 164 117 78 124 21 40 192 105 212 26 11 153 240 34 135 95 150 45 82 127 84 24 123 11 112 95 71 225 169 13 221 226 207 155 146 29 130 85 74 29 33 202 89 162 85 100 72 130 14 170 45 121 130 129 6 244 137 112 107 150 89 58 186 61 65 140 92 244 233 169 179 132 143 164 142 153 27 196 7 186 128 128 4 175 74 238 103 180 28 91 
99 140 159 51 94 23 253 151 77 217 195 157 168 182 88 198 207 175 4 196 31 41 189 11 121 112 192 198 188 100 165 111 64 181 107 30 131 17 118 154 118 217 170 39 145 239 29 78 83 85 12 87 68 201 146 98 206 108 92 9 55 23 163 123 83 231 179 33 49 129 160 54 219 165 162 216 143 132 171 18 55 26 41 133 211 99 160 67 138 198 164 221 129 114 179 67 27 13 227 188 91 52 186 238 239 253 155 1 64 137 65 12 30 118 232 77 166 116 244 245 214 129 106 39 38 226 131 238 
124 91 65 2 138 191 164 108 198 185 101 17 164 160 218 149 103 138 149 227 175 84 185 246 124 117 20 214 18 179 23 130 12 134 9 153 88 248 92 246 151 24 4 209 163 40 188 70 113 23 123 131 22 95 170 32 204 242 183 162 117 244 97 25 27 70 230 1 126 109 83 198 58 136 254 161 222 21 173 113 187 95 255 144 108 163 75 196 32 108 81 129 190 138 46 21 132 40 191 123 207 76 132 49 191 196 222 24 237 28 212 212 79 234 92 15 221 199 101 110 121 134 72 127 62 80 62 180 
43 7 113 77 134 59 182 236 220 50 121 176 16 76 204 59 229 88 58 224 9 254 105 18 102 167 176 44 11 250 202 33 184 20 22 49 165 247 173 156 116 118 193 67 38 110 244 60 205 93 68 183 55 147 124 170 57 197 144 119 156 17 176 210 203 116 70 219 85 96 239 58 27 207 253 15 108 140 239 181 105 115 108 210 169 250 10 253 176 190 220 15 27 43 200 233 253 86 245 84 110 82 69 68 161 153 168 172 97 71 140 69 39 132 133 24 165 17 93 136 180 235 76 169 42 196 170 38 
187 239 189 188 193 250 142 214 143 203 24 251 82 171 33 160 46 33 100 229 96 12 1 168 175 185 188 134 20 105 147 63 111 110 19 230 150 46 34 212 131 231 104 7 45 154 231 128 160 143 245 144 148 71 41 56 115 96 216 7 100 52 176 128 63 84 18 91 5 65 11 193 179 216 156 46 31 225 162 234 12 171 86 19 57 170 85 160 15 139 223 98 70 4 187 21 249 245 68 106 80 33 231 232 125 105 3 174 179 155 181 78 117 206 51 0 192 191 72 8 41 48 127 208 55 188 44 122 
3 177 23 41 253 196 219 55 120 183 85 55 237 80 122 143 238 126 167 239 113 46 138 81 184 123 74 115 140 97 135 167 10 132 152 247 108 28 186 164 226 196 132 35 162 68 77 97 203 31 79 51 16 120 202 245 170 131 122 209 116 102 242 225 87 92 196 248 7 137 118 108 83 84 51 228 24 125 62 238 158 31 74 58 87 191 101 77 129 254 223 14 251 160 135 124 52 222 82 149 108 78 7 152 40 48 251 117 0 5 146 159 165 71 12 129 99 235 160 155 128 142 249 175 199 255 121 145 
50 180 248 201 255 217 53 250 211 7 52 213 66 111 126 158 21 56 105 223 9 206 246 92 231 130 176 108 8 97 203 243 143 147 224 20 186 93 253 172 126 193 51 189 188 239 162 92 97 180 206 101 8 180 42 156 200 19 100 249 220 19 39 93 177 61 3 38 218 55 28 129 140 79 128 0 48 41 196 216 209 221 190 16 182 251 95 170 68 118 224 248 76 67 222 133 247 56 181 192 212 64 165 71 223 8 212 168 49 92 0 27 72 129 226 215 104 249 167 112 192 40 63 152 237 186 149 7 
221 80 214 125 206 197 21 64 75 160 137 35 224 25 41 219 189 130 59 165 83 111 160 162 11 27 48 236 60 135 232 71 142 175 161 243 59 33 66 139 33 139 158 18 53 90 225 56 116 23 252 31 231 126 138 185 209 184 241 193 217 233 59 189 48 191 83 221 167 133 54 151 9 21 82 132 0 122 214 214 202 67 111 151 167 150 216 15 164 89 199 76 98 215 176 224 8 110 203 122 178 6 59 17 201 144 53 39 40 215 62 85 29 62 2 180 84 94 46 97 126 130 80 56 240 98 54 135 
58 213 109 62 140 54 252 233 235 23 79 253 251 125 127 150 179 146 52 199 36 27 161 252 29 21 205 181 26 80 56 102 208 56 219 91 27 163 91 180 55 1 75 175 252 215 145 14 224 27 154 3 20 254 67 140 76 134 110 200 19 153 51 80 206 215 255 184 229 52 63 67 214 233 135 155 199 132 63 74 192 253 238 192 89 161 255 245 110 176 210 224 43 200 250 113 223 22 197 243 54 198 31 14 127 47 35 237 151 76 109 20 102 50 59 173 255 20 242 225 254 150 95 250 99 201 252 219 
245 160 65 88 30 179 166 217 1 136 17 10 34 103 213 145 141 236 34 47 173 108 243 213 219 147 208 28 58 53 170 175 157 227 108 172 84 102 203 14 249 196 141 201 7 243 50 221 113 204 182 146 23 151 208 238 143 40 237 28 138 18 136 131 162 223 87 136 39 158 92 150 157 133 74 241 113 148 8 186 15 108 250 177 66 196 26 25 24 115 174 157 129 25 224 82 242 174 21 16 38 249 229 225 242 193 79 98 185 127 206 38 122 12 168 68 49 104 194 205 130 75 122 7 89 94 167 149 
130 137 77 170 151 231 61 205 116 29 75 20 127 26 38 15 217 190 134 28 4 29 103 32 17 250 118 137 13 212 242 32 102 22 196 20 46 127 45 16 21 238 165 137 1 219 216 18 22 242 121 72 38 132 173 197 42 184 181 91 138 139 149 191 115 203 212 213 77 146 237 39 227 231 2 92 218 108 168 3 207 112 149 253 163 109 2 242 7 104 251 218 41 159 122 95 47 92 139 169 153 133 80 172 105 77 232 28 134 171 121 155 233 11 35 179 180 147 147 129 122 133 88 56 30 130 75 20 
129 179 48 10 170 125 219 26 158 105 136 54 61 106 56 119 155 23 88 62 2 247 92 185 90 241 136 108 92 19 32 74 65 41 19 202 160 85 36 253 139 81 255 142 54 146 136 228 59 101 237 4 103 249 233 159 199 119 177 187 182 73 5 91 18 238 201 245 121 252 49 114 62 201 236 139 13 207 161 186 43 45 33 139 163 67 225 96 205 22 173 195 225 6 138 38 177 235 162 30 85 131 174 215 144 48 138 1 166 185 235 155 95 111 156 7 14 47 159 74 132 194 97 0 167 65 189 167 
87 27 117 250 187 4 200 211 71 173 202 69 85 106 151 94 159 47 174 167 191 8 175 233 224 40 80 93 167 121 95 226 83 181 211 247 72 84 115 244 94 174 126 172 167 147 26 144 216 53 157 191 193 137 122 70 16 218 28 152 12 32 156 103 201 12 234 56 255 101 202 186 134 191 100 2 93 70 66 38 201 187 104 247 137 80 31 143 93 179 143 177 215 45 47 82 200 206 195 26 251 184 86 81 93 159 89 184 175 130 59 141 63 43 125 235 102 84 141 118 35 142 52 138 122 126 49 191 
208 63 189 198 148 163 56 135 148 19 135 236 232 241 245 97 56 113 7 244 10 249 155 98 76 175 17 160 126 38 92 118 235 21 180 35 126 7 199 105 202 172 33 129 111 206 152 167 149 135 89 163 138 205 156 22 2 54 82 249 186 14 243 29 152 185 60 33 97 79 86 168 109 220 50 220 224 115 13 136 29 70 142 243 109 7 211 142 62 67 224 161 31 155 40 5 136 175 53 33 148 77 33 87 4 93 4 175 110 179 68 128 92 233 241 44 179 139 118 100 131 144 49 95 144 225 189 74 
2 141 12 1 35 211 78 135 117 52 33 118 153 41 66 147 123 154 19 36 144 93 166 169 52 176 156 255 123 37 64 125 9 35 75 189 215 76 243 93 146 102 162 124 224 240 224 57 94 32 183 131 53 85 185 224 132 163 129 149 95 222 177 179 211 229 137 203 117 180 57 71 110 249 0 0 72 65 26 62 127 212 32 141 33 144 72 36 182 191 123 6 18 255 152 238 74 79 173 54 113 106 53 78 13 117 115 76 52 130 161 189 227 46 120 39 217 169 107 39 162 167 231 146 237 107 185 173 
69 200 132 157 255 21 193 231 147 178 98 137 24 110 157 165 34 157 133 193 99 215 35 79 8 5 3 49 165 47 234 213 161 215 151 35 170 156 41 143 50 132 234 48 170 161 119 148 225 84 151 15 214 67 120 3 237 225 212 55 221 60 60 219 169 76 106 89 254 147 184 182 57 123 157 134 230 235 71 202 38 175 28 73 45 100 66 208 125 250 135 39 70 237 4 175 141 210 197 91 184 153 103 178 45 115 149 205 224 193 89 178 30 17 24 126 142 116 50 34 135 124 226 70 34 131 67 150 
124 151 253 24 188 208 208 25 91 142 249 41 240 97 181 69 36 247 60 11 242 184 40 162 4 73 54 202 57 173 36 226 27 48 161 227 197 177 169 134 93 116 142 239 220 213 13 34 160 152 168 132 128 115 205 121 211 61 118 38 122 211 58 101 152 110 77 247 143 150 149 160 114 38 165 85 230 123 118 157 140 25 58 79 74 153 17 197 107 190 222 148 38 95 10 178 9 188 27 20 123 20 91 124 254 143 38 198 220 11 136 43 89 170 99 84 127 84 251 153 217 96 126 41 19 33 50 65 
5 112 237 185 42 100 187 76 41 198 29 31 150 19 57 221 42 5 25 151 134 155 193 202 189 70 123 246 41 3 196 90 241 248 239 253 16 243 249 108 192 95 80 24 28 175 247 179 92 69 51 163 146 219 17 104 9 89 155 38 56 95 204 156 248 178 105 11 112 115 215 84 181 39 199 86 123 124 184 249 3 183 86 39 159 8 72 40 91 222 26 216 185 66 194 11 178 110 119 117 102 13 43 172 53 126 253 36 238 151 160 229 212 220 77 126 86 187 248 241 203 189 1 185 104 133 55 82 
206 245 92 232 156 222 250 161 65 15 37 97 52 127 104 187 27 225 19 66 5 177 64 44 221 12 13 26 46 27 224 195 203 170 145 173 97 35 202 131 107 219 126 110 89 4 131 253 197 175 149 162 124 103 234 53 51 108 43 45 83 162 158 74 41 45 91 174 56 12 47 107 225 68 196 78 70 149 136 156 197 180 228 140 211 100 163 90 105 3 201 85 181 18 144 243 104 81 241 74 162 189 188 36 68 227 113 152 221 170 6 119 79 183 238 72 64 26 202 48 199 43 52 188 0 52 111 82 
137 34 212 172 88 169 151 47 236 205 98 122 77 96 147 25 146 243 169 35 105 176 213 100 47 159 153 209 105 132 90 235 213 123 121 238 198 55 12 12 54 16 70 157 165 59 178 38 120 211 115 187 126 19 230 224 78 115 165 255 251 171 25 184 37 8 236 246 178 63 235 134 44 96 210 127 214 113 240 77 73 198 226 216 168 145 58 87 166 244 167 9 185 168 243 240 51 182 177 187 25 159 119 231 233 28 10 55 100 138 186 7 134 9 164 29 79 114 175 225 128 18 75 7 241 217 95 30 
194 22 246 131 227 126 148 162 126 194 250 83 9 104 137 181 230 31 225 216 150 204 24 3 52 192 251 110 101 240 243 169 182 164 45 213 168 8 246 137 174 235 0 169 113 215 123 104 178 180 102 10 239 54 206 69 163 10 17 247 166 37 244 26 31 194 100 21 120 0 246 15 8 54 91 248 32 206 53 55 167 24 74 197 84 243 38 67 65 183 79 145 248 210 4 92 139 118 1 228 140 59 139 217 134 139 14 142 134 25 198 232 153 45 12 153 254 158 131 52 115 45 106 138 123 228 153 26 
248 94 29 166 147 86 26 26 116 121 30 245 199 165 234 27 73 55 241 192 196 90 237 201 211 254 118 47 57 43 127 244 13 219 131 250 184 202 110 38 117 197 27 232 81 78 181 237 148 3 68 228 0 213 103 181 249 57 23 119 193 84 4 214 95 9 77 108 249 198 104 171 64 134 88 30 9 208 168 251 185 115 58 7 24 60 91 142 145 4 35 169 171 189 160 93 169 213 59 115 177 19 251 36 5 224 208 14 121 211 58 83 53 56 187 35 106 124 89 13 227 179 152 103 96 143 65 60 
1 46 48 219 3 3 183 113 22 166 141 26 110 209 179 108 23 147 121 185 101 223 121 197 72 6 68 205 18 19 86 57 168 85 13 30 209 204 1 222 15 198 166 13 5 139 62 192 238 238 213 80 97 147 124 54 171 220 204 54 125 27 122 249 177 125 6 3 255 167 243 161 195 39 251 128 78 84 72 131 255 26 65 135 92 159 62 110 95 245 9 242 238 130 123 52 142 249 216 139 249 41 70 87 89 232 15 44 22 133 128 250 158 197 87 150 13 155 200 15 40 73 107 138 171 184 241 30 
44 87 174 40 239 191 156 35 111 84 120 28 251 69 50 102 165 113 206 78 182 240 79 117 183 69 195 53 232 192 104 173 4 30 46 79 148 191 203 220 14 147 154 104 253 235 231 175 78 25 70 24 109 196 85 120 98 130 5 143 49 104 154 94 184 142 56 58 38 120 125 247 237 161 38 153 60 184 190 100 151 96 40 245 131 250 22 251 208 197 32 0 189 27 66 211 207 247 2 179 101 101 205 42 190 0 72 2 103 250 133 168 51 248 214 230 125 45 6 111 145 70 14 250 213 104 207 124 
25 37 112 135 169 158 100 144 163 52 30 61 136 6 174 15 208 100 33 233 52 42 168 200 166 58 33 52 231 242 102 210 109 153 62 62 114 233 55 125 126 193 143 138 98 214 153 227 60 208 58 235 66 179 109 136 230 30 96 150 80 167 149 134 184 22 185 37 13 105 113 116 182 94 76 42 38 241 66 229 59 163 126 101 173 232 8 222 91 34 111 230 61 60 223 200 219 184 118 131 60 42 202 25 160 167 192 238 57 145 42 60 98 234 4 237 2 252 1 74 82 47 96 120 235 28 51 90 
