28 12 18 68 163 251 163 128 230 248 103 6 148 250 133 173 170 133 53 70 159 194 185 194 93 11 12 52 26 135 202 127 213 57 28 116 245 49 102 72 179 196 159 250 102 246 129 65 176 222 73 182 165 29 151 246 109 65 157 64 79 219 120 155 91 171 16 52 251 6 157 232 211 3 13 203 135 114 94 99 245 8 232 227 180 222 30 159 24 0 49 153 89 25 120 163 83 175 6 87 138 147 66 40 110 78 68 208 50 60 151 55 155 170 119 125 6 58 28 162 168 1 96 110 101 195 74 4 
156 10 25 125 245 71 16 94 229 10 171 220 170 189 178 135 116 211 143 81 57 175 136 179 152 221 168 27 166 182 63 165 60 241 89 84 164 206 216 174 3 168 213 162 243 252 243 255 191 130 170 18 13 159 144 43 247 130 223 240 103 183 75 13 122 92 152 167 155 202 60 83 242 250 198 198 197 53 94 6 198 161 87 172 224 101 28 232 150 203 189 74 56 101 223 129 1 242 207 242 181 229 241 103 95 191 253 67 30 114 27 61 55 83 148 73 251 4 56 115 212 64 45 177 51 89 23 86 
169 173 53 206 66 252 111 83 231 43 28 130 245 249 36 247 85 63 218 115 201 23 234 180 243 63 20 55 86 228 89 121 81 251 250 137 120 9 146 100 90 93 206 44 222 36 158 115 153 184 213 102 158 8 187 253 54 133 112 68 134 85 215 34 206 121 178 183 10 248 230 4 20 103 172 144 86 89 244 252 99 220 160 6 186 122 150 95 55 124 123 107 181 22 82 73 189 169 186 114 191 1 209 47 58 182 55 235 151 26 175 232 103 99 41 85 235 31 164 68 221 113 0 27 27 155 234 128 
195 98 81 101 234 44 99 57 140 218 182 176 183 170 231 177 167 69 20 190 227 40 41 4 141 72 136 172 6 131 69 98 17 143 84 215 224 59 5 129 23 195 96 68 50 181 50 12 216 91 79 97 149 93 130 118 223 78 207 10 249 35 149 128 2 185 24 126 93 98 231 116 1 127 246 238 236 82 131 138 153 124 63 158 204 211 173 164 237 166 152 176 228 133 254 126 155 102 153 57 102 132 237 145 255 117 229 81 156 62 33 169 188 132 16 243 78 3 202 153 203 120 249 6 163 167 146 230 
77 94 12 138 68 18 178 218 133 7 153 67 18 4 160 215 32 143 87 253 51 120 132 154 249 70 208 243 60 164 23 237 95 97 160 99 66 33 94 214 253 100 239 165 48 106 83 158 63 229 130 70 189 248 231 11 23 248 74 175 167 112 172 248 156 97 187 125 126 20 225 156 206 140 120 119 41 146 26 97 89 41 154 10 8 133 200 45 136 78 125 36 116 141 242 34 202 203 99 244 98 192 13 176 245 165 152 94 38 233 129 130 80 254 31 36 141 201 38 85 96 13 4 141 167 245 144 222 
125 121 125 14 92 17 95 217 252 26 7 255 32 53 171 85 20 179 0 15 185 89 96 237 167 200 54 138 42 123 25 213 10 138 26 189 136 248 164 191 247 125 69 32 68 10 99 19 213 31 111 69 166 29 244 11 39 217 171 64 150 37 164 34 12 239 98 225 71 115 227 29 62 166 208 44 174 158 205 169 174 191 135 249 203 189 36 58 109 222 247 138 114 225 195 99 59 18 150 59 90 204 42 237 123 61 50 92 161 106 62 45 123 105 161 217 243 210 86 134 95 183 73 20 62 28 127 82 
118 28 33 255 0 236 18 115 52 151 134 94 53 201 240 165 241 235 53 209 136 49 109 188 142 215 165 83 26 205 242 44 149 81 136 30 27 5 145 200 79 178 4 72 189 85 192 114 243 181 250 86 73 126 19 225 228 55 200 229 181 33 171 143 35 40 174 254 150 8 76 210 26 216 73 50 181 52 123 180 13 204 195 29 197 23 185 162 233 48 161 42 90 168 35 194 148 89 238 107 187 251 34 242 138 110 174 199 110 22 55 1 131 50 9 150 149 116 10 39 93 147 253 105 94 76 197 18 
210 139 237 119 148 215 235 21 88 158 247 99 177 101 108 48 90 42 108 98 185 15 112 128 97 61 95 144 102 202 247 146 104 247 9 47 101 53 72 31 122 174 32 146 162 175 212 124 210 127 97 17 43 166 194 9 49 74 109 168 205 252 213 59 74 22 12 93 50 133 17 117 160 242 56 13 55 165 235 148 93 111 189 150 195 217 113 204 65 57 221 25 112 110 124 191 35 135 229 11 174 130 216 100 183 142 121 97 172 79 56 1 226 79 118 172 145 39 61 68 226 26 228 33 87 105 68 252 
196 40 119 150 9 178 102 232 107 13 90 240 253 203 75 28 229 235 154 184 147 4 155 112 158 53 139 181 138 45 32 246 147 44 184 138 208 160 112 160 26 83 44 80 28 208 81 12 206 71 198 88 187 72 11 255 84 239 141 77 87 169 52 4 40 51 144 229 116 201 163 219 224 182 182 151 232 227 12 42 9 4 133 84 86 219 184 151 104 201 156 138 220 154 161 6 251 202 200 88 204 181 119 100 106 170 114 170 249 207 217 223 163 83 208 142 242 243 255 21 214 166 100 50 196 145 48 66 
11 152 208 135 210 195 225 159 232 5 155 200 58 147 210 37 77 140 244 216 145 253 26 178 121 73 79 10 222 109 201 123 191 202 127 29 124 23 0 245 32 43 196 95 5 251 230 206 192 67 28 250 217 8 129 122 232 134 52 14 186 130 45 129 48 61 62 47 226 16 12 222 220 27 213 18 215 97 205 108 222 45 166 97 213 58 230 222 120 147 211 162 98 180 72 196 55 165 177 1 154 227 202 191 163 125 98 41 112 99 115 236 177 43 126 175 233 87 128 154 210 170 87 162 211 255 214 22 
206 1 239 183 83 202 178 176 47 119 10 10 70 54 199 100 114 97 119 37 129 174 123 245 171 26 172 66 174 74 96 71 116 28 178 139 82 131 199 35 115 232 65 174 151 38 23 19 79 35 73 172 90 133 62 194 83 48 102 105 10 200 247 132 78 253 87 151 205 146 141 27 181 62 124 94 72 147 116 227 28 14 102 84 188 223 67 13 95 53 153 96 64 78 112 24 158 105 120 33 158 51 163 238 184 248 4 140 95 221 235 141 94 32 43 171 171 34 233 4 90 54 154 31 244 38 61 96 
193 54 228 68 196 144 98 117 233 115 184 171 30 28 91 10 44 195 99 166 39 59 118 25 91 68 32 71 105 181 18 151 142 215 196 103 216 248 139 143 16 103 231 254 114 84 210 160 199 67 100 237 91 77 54 200 59 213 9 185 140 70 46 207 31 130 52 219 231 44 13 158 100 177 115 127 122 74 80 28 200 183 90 228 190 218 84 191 106 87 235 231 14 18 173 234 119 230 49 6 78 135 15 105 84 108 235 213 255 139 184 177 156 33 192 35 206 128 45 43 4 236 234 108 155 28 232 190 
220 11 158 225 211 65 117 138 32 213 244 168 156 154 165 135 14 137 255 220 119 166 73 177 250 189 135 23 105 91 158 223 119 119 203 55 245 68 21 77 66 155 34 48 248 181 16 153 115 206 197 52 85 139 92 6 224 27 231 220 3 68 227 86 6 145 196 143 97 232 217 53 105 189 139 31 254 55 247 239 190 45 170 47 75 30 86 239 92 223 77 31 96 61 102 21 39 8 170 241 161 15 158 67 7 22 48 250 125 102 1 246 199 135 154 86 142 217 241 89 23 157 232 229 116 61 196 90 
206 237 44 29 74 59 237 36 67 189 196 123 233 217 127 156 23 210 38 209 168 246 39 52 73 119 70 19 21 96 132 166 227 28 58 142 64 246 169 253 89 101 245 65 49 122 124 237 78 24 177 92 35 0 19 139 239 29 131 198 196 197 241 169 188 101 146 143 234 195 123 207 87 54 120 12 153 174 216 244 184 178 48 76 137 100 10 75 117 241 223 76 100 28 169 192 160 169 137 87 88 138 24 185 239 170 168 193 84 209 194 89 224 138 198 236 174 68 92 78 139 58 206 223 165 48 154 219 
132 213 55 141 143 216 133 246 70 164 2 217 54 164 137 60 157 3 84 117 248 144 54 161 69 16 75 5 134 111 16 112 250 58 96 238 114 79 28 180 77 170 240 77 16 16 30 119 85 22 131 217 17 24 27 97 172 101 125 159 54 196 126 53 5 232 34 243 95 198 133 164 27 16 86 156 192 250 60 46 172 51 184 124 13 97 170 233 192 123 246 169 154 62 242 185 13 62 174 200 37 242 157 92 107 122 191 77 8 47 159 29 35 229 32 61 190 29 142 213 31 170 103 121 130 166 251 20 
180 153 248 193 167 40 114 73 1 215 18 224 83 101 227 147 182 214 92 146 163 170 130 138 23 94 41 138 245 10 13 159 189 69 62 25 85 160 133 155 210 251 249 74 153 210 20 254 47 14 18 28 211 5 152 30 198 35 1 231 93 65 101 173 202 230 74 79 67 88 106 201 236 10 121 243 34 178 183 192 54 74 248 46 194 131 202 50 165 100 136 196 10 47 215 82 8 159 146 88 247 224 87 27 104 206 89 247 99 206 150 175 189 28 90 70 65 168 170 155 234 194 232 157 174 213 195 242 
11 142 0 106 155 3 247 239 74 253 132 247 169 202 205 86 25 171 202 90 5 159 146 155 109 232 1 165 62 159 26 200 106 159 228 16 184 43 109 217 185 227 253 167 242 50 201 77 169 48 121 41 137 80 221 193 71 160 59 186 90 58 168 119 211 218 122 76 223 20 42 153 48 123 76 46 158 59 181 246 102 235 17 222 251 30 246 129 130 4 20 238 20 29 92 230 30 137 4 231 219 145 144 217 185 36 145 75 31 211 187 252 70 161 2 18 186 63 8 195 110 114 201 228 248 54 210 237 
113 46 144 156 64 120 69 36 9 105 59 213 8 180 37 11 113 222 224 17 197 76 105 185 82 249 135 250 130 212 222 211 239 148 161 6 189 213 34 168 190 191 54 31 156 202 67 27 107 60 227 109 119 100 251 157 61 79 17 147 165 145 223 234 11 250 2 219 209 227 7 70 230 249 28 19 181 33 228 151 29 147 79 153 181 172 181 41 29 12 75 249 203 45 71 82 35 181 119 63 149 20 61 114 133 93 196 22 226 207 96 10 217 225 102 174 216 61 22 114 12 226 29 114 43 6 241 150 
185 65 253 191 48 136 229 17 177 165 217 92 120 72 214 253 175 172 98 144 35 30 17 133 5 247 4 134 80 193 8 35 227 58 72 198 191 207 34 124 159 59 219 13 105 165 4 147 251 177 163 17 52 160 97 71 231 252 59 86 66 219 220 125 241 199 166 146 202 16 164 127 214 139 199 49 39 90 84 79 232 149 125 2 148 4 126 155 183 113 164 199 110 41 129 144 48 21 168 95 124 42 163 132 167 94 239 146 50 41 139 95 158 0 120 74 210 211 17 63 153 176 180 208 97 202 250 240 
158 42 104 25 73 177 236 161 158 144 56 163 222 26 16 226 229 123 93 236 201 254 33 13 78 28 98 30 37 184 205 185 252 108 19 53 113 27 201 255 31 147 222 131 65 184 219 246 79 21 144 25 251 49 21 185 164 228 145 19 243 164 3 200 238 31 254 167 136 66 166 83 114 241 156 239 185 176 123 194 87 212 155 94 140 129 252 134 69 111 37 227 90 113 9 237 26 134 239 246 173 238 31 211 102 102 160 69 215 40 13 176 89 67 39 69 185 210 235 177 177 175 84 140 203 3 80 242 
177 139 26 93 165 252 138 120 253 186 77 20 160 159 220 206 138 117 107 221 51 216 205 123 230 112 92 6 164 133 91 227 225 225 102 35 42 129 99 164 122 115 200 153 226 230 155 174 45 29 55 74 17 39 56 74 180 161 236 35 232 200 121 44 155 230 204 146 244 171 206 198 150 3 233 50 15 30 51 245 64 21 220 107 82 6 26 205 218 193 209 30 225 72 139 35 153 196 9 106 55 224 144 8 81 11 142 226 246 20 83 8 163 119 5 50 84 81 124 5 101 161 192 50 152 218 76 249 
199 236 51 157 181 207 141 43 111 166 29 9 121 160 195 77 164 13 24 52 184 69 63 217 189 207 89 191 227 238 117 182 68 130 159 248 74 137 195 244 171 150 109 167 171 192 33 233 181 101 22 196 190 19 124 120 164 101 70 193 198 244 171 174 144 183 22 101 159 48 170 218 14 8 166 211 43 235 185 198 189 61 148 215 67 248 186 240 203 235 38 155 142 144 90 112 139 252 8 234 188 145 252 187 33 102 212 3 213 133 93 135 183 227 22 138 122 248 193 246 123 162 152 220 3 70 217 4 
136 196 107 199 52 81 241 251 62 128 31 63 175 5 20 19 193 94 7 179 133 195 56 141 34 1 43 78 125 153 86 81 54 12 35 155 181 70 122 132 220 100 177 90 152 36 39 137 6 82 38 86 88 60 186 79 155 150 206 139 86 255 122 252 58 196 98 103 22 68 163 191 195 74 228 134 205 22 165 49 36 141 178 144 8 158 91 56 101 207 172 154 48 91 39 9 108 28 50 95 105 196 15 214 23 100 58 246 122 170 72 63 142 2 4 95 109 101 122 144 30 191 216 238 125 93 75 5 
40 94 227 126 198 126 13 0 248 212 241 186 180 150 65 67 11 20 151 200 70 29 104 103 210 183 229 208 183 235 212 248 151 173 43 233 115 153 237 17 136 247 41 92 50 6 94 122 228 49 132 8 1 162 60 237 69 217 143 110 105 8 229 54 13 85 150 169 203 180 211 36 156 76 182 167 233 247 192 112 225 211 120 61 125 145 142 169 101 143 100 71 118 177 142 114 11 212 59 244 61 245 60 7 96 136 194 234 108 250 223 229 147 240 1 102 160 228 125 194 200 135 158 226 94 127 237 117 
146 42 131 90 169 98 8 145 11 182 155 239 254 221 108 230 200 36 0 38 226 20 134 114 180 231 108 241 168 181 148 109 1 144 189 20 180 81 229 161 141 248 4 84 205 156 177 36 46 196 60 113 83 116 162 106 220 78 82 153 150 248 253 155 43 76 15 157 255 177 168 179 241 154 45 158 99 246 203 134 76 161 244 17 137 179 1 6 97 162 253 54 217 237 227 58 71 172 37 94 112 253 245 14 165 113 25 154 161 46 204 229 203 113 122 140 41 86 235 216 132 253 101 167 164 88 127 88 
125 176 217 173 179 143 221 15 57 189 7 51 194 28 242 221 56 246 53 9 159 165 78 71 61 103 214 158 90 3 81 22 161 82 102 85 205 253 209 160 216 138 212 120 128 120 193 42 191 207 33 74 66 108 248 176 169 79 174 33 240 61 30 180 243 95 117 6 179 135 180 69 100 16 134 89 124 248 164 116 226 184 94 101 73 130 37 55 244 45 112 5 117 79 137 58 107 149 219 66 213 71 217 23 239 85 94 44 112 156 167 96 231 60 147 192 146 247 77 66 56 122 184 60 91 173 70 94 
85 143 133 185 208 14 124 114 11 93 78 205 15 193 115 212 179 4 254 223 122 251 92 221 84 160 255 168 81 207 104 159 43 225 135 19 34 89 229 1 21 192 129 230 209 234 107 211 76 201 65 5 106 3 103 185 60 166 120 0 161 57 41 224 38 57 116 200 43 144 104 188 200 92 116 192 110 90 191 112 221 187 145 243 218 60 229 37 246 121 127 45 239 117 56 58 112 167 109 88 147 201 51 152 160 218 117 165 221 236 188 218 230 104 231 137 103 243 107 237 157 95 151 13 204 53 20 125 
159 46 155 254 169 92 166 191 149 69 68 210 123 183 132 63 80 106 44 180 161 86 28 70 219 36 127 150 83 241 9 128 119 12 112 55 78 79 120 225 117 114 100 197 136 117 194 251 155 54 49 239 162 52 183 186 9 168 251 168 149 131 106 223 115 119 85 175 16 170 202 10 17 157 201 68 187 153 253 205 213 68 235 254 111 92 235 17 212 25 139 145 246 191 135 227 34 242 230 42 165 165 246 190 79 69 9 130 113 160 156 64 14 176 235 23 219 205 247 155 80 15 72 29 24 191 53 18 
107 189 150 49 249 118 219 140 86 53 45 181 217 139 190 198 201 51 3 198 102 227 202 23 169 46 180 56 10 222 94 164 9 105 86 28 48 25 135 53 186 47 148 87 50 185 234 248 181 130 228 161 15 126 46 70 46 16 219 82 54 205 63 80 231 251 108 165 248 146 145 156 87 33 147 35 98 37 220 14 242 27 218 213 179 206 246 74 218 132 180 185 145 148 87 217 5 138 47 251 107 201 242 42 64 173 131 213 11 255 98 74 222 142 14 26 88 117 133 187 145 140 37 16 57 177 200 16 
232 103 156 55 120 133 131 141 83 207 27 230 27 85 49 237 238 83 244 83 37 252 229 247 176 49 187 70 127 139 40 87 50 122 0 111 132 192 255 216 13 13 2 163 7 248 134 140 85 125 129 93 21 143 10 155 93 203 125 69 132 121 31 146 113 230 103 175 69 105 120 35 157 129 67 119 176 134 196 229 92 93 234 213 9 36 70 96 144 0 61 87 248 113 209 210 132 72 244 120 147 30 230 153 52 133 121 178 218 81 18 135 81 245 231 59 144 169 141 92 188 156 143 35 173 113 243 99 
29 52 108 195 255 240 52 109 141 65 6 134 20 254 18 98 140 105 178 27 171 161 196 99 130 151 127 62 161 193 122 196 252 185 78 253 155 90 255 101 47 152 216 127 196 165 192 200 161 3 214 238 1 7 164 133 240 185 235 154 95 30 144 35 11 178 129 222 40 143 39 157 166 212 247 143 107 76 71 228 196 141 198 31 121 108 111 56 27 183 23 196 81 102 144 8 185 245 50 203 189 81 215 148 2 150 181 221 227 159 182 1 185 130 248 13 78 1 30 55 202 153 107 52 210 185 14 38 
239 32 182 171 252 188 83 166 188 34 151 63 127 219 233 164 192 51 41 188 25 124 161 234 225 208 153 219 223 55 95 174 184 179 254 16 227 25 140 10 223 31 34 20 120 30 7 63 198 217 169 75 85 195 79 96 191 106 52 117 255 41 21 248 228 118 226 193 245 57 227 89 205 54 159 227 10 63 252 19 230 110 224 29 94 100 89 217 154 87 136 230 64 143 168 66 41 253 99 178 117 141 176 96 200 85 235 190 162 246 164 98 52 169 199 144 76 189 33 196 97 96 250 165 162 138 138 114 
8 62 228 68 211 185 109 60 201 91 188 18 45 11 36 123 196 28 245 243 200 168 78 9 97 158 152 72 53 171 48 155 33 205 114 217 177 39 12 136 148 212 61 181 6 242 110 92 106 177 112 203 95 70 206 187 246 60 166 140 10 177 142 19 83 56 164 117 121 62 191 156 152 174 27 209 26 185 37 177 23 142 154 165 122 205 124 140 143 16 209 182 34 65 27 149 185 30 170 129 94 251 199 124 207 115 45 102 91 22 125 244 65 127 227 43 217 226 109 4 172 190 215 2 164 103 38 13 
54 40 148 230 217 108 177 192 105 7 130 52 46 136 56 35 113 176 126 223 191 154 236 80 219 224 168 10 163 151 182 64 205 59 68 216 251 164 61 126 213 181 87 50 137 174 108 20 140 144 248 194 150 187 227 187 159 182 186 12 121 28 159 154 76 31 114 130 45 228 85 77 112 170 196 120 165 137 103 149 174 206 209 62 85 169 129 87 127 85 40 208 8 141 250 226 75 89 20 9 23 137 116 163 249 20 44 245 39 130 189 247 49 71 173 33 120 18 96 103 17 165 57 24 74 88 122 36 
84 245 132 59 151 156 120 177 136 182 10 210 52 161 216 104 122 60 91 115 165 79 61 133 241 153 236 227 92 202 32 74 200 67 119 53 56 47 247 204 9 124 132 84 188 199 30 8 118 189 156 159 191 204 7 176 35 145 153 44 228 131 112 225 123 59 77 226 93 161 161 247 109 139 54 35 231 102 140 113 33 217 37 142 125 198 206 119 132 22 208 166 223 197 196 127 220 64 83 84 216 200 176 231 22 134 68 237 134 180 171 197 9 183 246 128 133 178 153 119 128 210 25 105 215 179 104 91 
162 123 103 160 191 123 16 46 198 114 216 185 240 16 251 21 12 86 139 131 188 65 134 163 140 210 210 39 49 155 222 206 97 208 227 233 206 110 225 25 177 154 133 71 215 9 233 193 148 8 125 159 194 128 142 189 79 99 210 169 42 168 83 201 87 151 225 15 70 139 64 160 8 216 224 173 221 16 136 7 223 204 203 139 146 65 11 240 130 49 49 203 196 35 250 182 89 1 239 26 205 51 181 213 18 76 209 255 21 198 96 150 28 119 137 79 228 111 34 52 156 80 97 169 69 50 151 115 
25 5 230 210 5 32 228 38 255 215 66 186 184 183 198 151 197 250 108 167 191 43 140 226 180 151 144 118 103 240 220 219 213 163 59 58 104 62 42 2 5 158 106 27 42 153 57 49 78 172 168 212 93 173 159 25 139 79 118 21 217 30 17 88 146 221 14 175 65 248 254 24 252 206 32 107 37 205 2 8 237 58 252 48 147 49 238 168 98 48 212 152 79 75 7 151 155 149 68 88 13 158 158 26 130 151 110 186 211 76 176 79 84 172 64 26 93 30 121 31 217 78 18 234 106 231 127 253 
214 115 50 74 151 100 64 52 102 106 209 91 186 167 65 208 222 219 160 65 99 26 61 168 174 219 227 143 216 74 79 112 244 215 254 219 37 9 1 226 175 169 52 29 127 191 13 146 116 158 234 86 184 144 176 8 100 204 10 29 95 13 214 50 144 134 91 219 165 214 123 183 137 78 164 250 176 59 172 186 54 251 7 176 231 88 135 247 49 245 21 249 58 139 147 96 216 69 194 233 201 93 46 134 57 222 119 211 9 190 133 7 136 85 228 152 227 62 118 211 183 102 12 179 59 222 17 85 
238 61 94 242 107 136 173 109 71 70 105 142 255 78 65 47 194 183 113 64 118 181 182 86 93 235 192 114 161 75 161 67 179 196 230 142 196 252 103 162 17 111 188 69 142 193 224 109 48 12 18 148 6 128 192 147 191 146 186 250 200 18 80 191 119 248 114 115 70 244 26 153 63 16 121 185 252 140 247 88 240 109 243 49 13 123 52 81 125 240 18 29 178 97 32 80 255 122 102 175 150 142 186 191 90 125 118 59 48 7 108 225 84 177 229 125 253 95 145 159 48 152 16 86 241 160 150 176 
60 185 135 184 245 39 20 224 86 191 76 230 179 44 96 151 191 146 168 157 198 199 139 242 77 100 141 6 188 79 154 111 124 37 142 209 43 118 231 61 32 6 63 5 206 102 4 250 94 66 21 151 154 25 130 168 97 170 172 241 71 56 131 154 114 126 246 130 33 83 154 88 211 53 91 112 36 71 127 55 206 114 9 14 147 221 188 101 249 62 248 34 245 247 185 185 191 164 61 160 120 245 180 181 51 52 230 134 143 120 250 106 146 91 156 113 240 58 180 179 9 202 98 214 209 1 230 148 
81 60 210 237 217 249 126 45 25 40 48 34 64 165 187 46 81 31 217 85 123 18 225 110 0 78 199 64 58 166 204 183 114 95 72 64 183 242 242 187 114 205 12 80 67 235 146 202 39 103 116 164 176 200 87 168 76 50 9 179 88 18 27 116 198 252 77 163 213 14 201 153 129 113 140 124 170 4 112 37 61 180 96 198 234 226 218 211 6 110 41 129 125 122 19 11 161 117 82 0 182 129 219 198 183 226 168 140 42 231 156 129 44 136 151 121 35 58 167 153 117 84 138 43 34 187 112 44 
51 73 208 225 215 94 234 210 158 68 86 199 66 209 124 248 52 148 229 219 93 132 106 107 78 182 99 206 181 97 128 99 50 232 44 53 31 253 230 149 26 1 142 253 255 6 36 50 53 143 238 234 230 158 51 39 61 149 135 191 207 102 188 184 2 233 146 62 196 246 57 48 248 58 255 207 193 247 65 55 199 174 25 80 128 122 88 45 110 87 77 83 140 109 219 232 157 90 245 34 47 252 252 80 209 125 32 148 134 79 187 133 240 41 251 17 183 193 160 116 128 158 23 80 250 107 39 239 
241 234 247 119 10 235 28 91 3 147 162 191 112 29 62 219 165 246 30 243 219 182 204 111 110 208 97 6 110 139 208 167 176 219 96 205 43 224 175 152 33 123 111 129 166 52 103 29 195 111 47 14 30 23 229 157 90 63 25 18 166 105 33 32 2 173 182 202 247 151 241 171 83 238 129 169 124 100 103 80 167 169 251 254 2 147 39 152 143 216 173 14 237 147 211 150 93 8 202 251 173 123 160 221 215 149 165 142 202 155 158 121 13 41 244 169 148 151 103 238 167 72 32 38 129 223 79 165 
166 221 205 194 172 229 42 242 54 195 125 105 154 157 78 99 127 99 255 93 132 66 188 89 110 214 240 19 223 191 130 167 169 15 127 188 234 191 206 91 24 22 232 92 74 9 129 164 136 168 200 190 64 70 45 113 54 211 222 242 20 211 216 125 96 136 148 32 139 139 152 99 88 43 235 31 211 153 220 240 228 13 178 158 228 223 23 247 90 207 202 42 97 44 136 229 213 19 40 37 173 56 55 130 144 51 33 79 223 6 106 137 203 125 215 95 156 31 222 119 204 98 134 87 32 253 148 24 
40 30 141 132 153 0 236 183 171 180 207 193 225 41 142 183 188 33 155 90 74 208 100 164 24 223 65 142 188 45 215 195 10 233 21 21 200 124 184 164 134 215 73 99 134 203 90 150 151 53 34 0 66 13 164 10 5 217 153 202 26 47 112 105 134 76 136 22 12 163 236 93 24 135 247 71 239 3 111 221 97 130 142 134 106 73 68 115 180 143 182 92 193 176 90 230 166 113 204 160 241 66 123 25 248 136 158 123 191 58 213 18 14 152 187 118 24 2 125 168 92 130 71 62 119 12 46 229 
30 231 241 254 146 204 134 198 83 35 237 41 21 115 129 22 114 111 151 156 251 138 7 25 248 20 217 171 172 24 100 218 147 187 108 112 159 158 46 96 11 123 206 236 154 82 94 241 196 18 36 172 236 60 180 224 56 52 98 10 125 157 200 129 153 2 19 240 222 88 21 191 26 198 207 64 159 233 34 163 220 124 208 159 57 78 95 69 166 155 66 79 15 194 51 193 94 39 169 219 185 28 177 29 191 39 51 90 85 47 121 8 248 4 206 60 113 90 249 38 43 153 194 56 252 103 24 222 
69 161 165 218 179 211 15 25 146 178 232 120 232 142 122 8 41 39 119 140 224 194 76 222 113 65 158 62 60 128 131 57 45 22 175 52 156 246 16 21 242 228 70 170 218 30 91 74 115 254 97 7 67 28 158 253 137 126 151 237 120 43 71 176 153 130 194 243 209 88 106 159 84 159 144 176 7 8 153 181 163 194 182 5 217 123 89 41 173 199 178 213 224 137 111 73 141 226 253 68 40 164 35 136 183 68 182 230 24 31 75 107 7 45 247 241 141 123 25 175 174 152 113 58 174 73 86 123 
44 114 221 142 86 183 11 22 16 122 208 93 80 88 119 247 227 87 161 92 185 45 248 177 223 249 79 197 63 145 53 78 43 227 134 3 122 24 222 81 113 52 216 151 8 163 208 134 108 21 174 97 128 116 57 220 119 183 100 39 17 98 42 47 167 214 161 197 244 142 147 170 176 119 154 189 194 195 16 80 241 18 188 144 176 62 161 202 55 189 216 238 76 250 189 228 133 66 25 162 199 188 26 7 170 186 78 212 171 223 125 3 160 30 246 245 10 212 151 216 43 130 2 76 75 87 217 243 
68 244 163 58 22 152 180 202 46 178 43 152 85 148 191 134 222 137 145 212 244 18 83 87 36 25 108 199 30 8 178 62 219 45 198 233 141 66 131 57 23 221 215 3 128 69 177 119 178 176 127 137 152 60 29 63 186 167 210 207 90 11 158 250 155 25 140 236 29 254 170 43 137 91 117 246 132 108 60 132 129 57 3 161 243 145 54 179 116 133 216 118 138 164 127 26 111 54 223 226 31 86 47 68 229 254 105 48 211 251 157 42 117 192 79 43 193 37 207 236 161 93 219 202 181 214 52 35 
152 236 178 178 111 147 55 120 184 130 107 34 219 230 134 72 14 61 16 144 70 149 168 9 253 24 247 247 71 123 163 184 102 233 233 201 171 219 210 179 198 38 123 246 226 53 62 221 93 169 193 7 229 156 217 113 128 117 148 215 240 163 232 40 98 127 18 228 187 4 121 243 249 139 12 110 178 52 143 70 233 135 195 161 81 172 241 32 108 77 67 43 84 8 164 222 198 122 88 254 45 75 95 132 191 49 195 254 16 16 217 14 55 103 248 142 191 193 106 150 178 6 192 178 208 108 81 143 
202 30 94 195 34 109 213 113 99 1 140 112 115 19 190 154 184 181 130 214 38 101 122 28 168 17 228 5 89 228 187 228 169 221 169 23 85 125 50 236 39 46 159 32 194 84 250 197 237 138 115 22 31 116 10 249 148 216 55 163 172 15 201 236 94 62 144 205 36 70 187 78 131 97 246 28 114 30 88 177 28 153 236 128 41 26 214 0 154 203 77 188 62 145 114 121 122 236 71 1 166 219 137 215 60 78 15 235 60 29 107 240 30 61 115 76 213 231 18 250 253 237 105 85 13 97 35 56 
46 155 140 198 237 170 192 118 154 16 194 94 42 207 173 181 103 160 147 161 227 175 158 239 224 126 123 124 180 242 230 164 238 204 210 181 9 192 60 126 113 2 215 235 15 222 160 142 142 31 252 19 136 88 58 196 8 43 14 86 51 188 247 188 66 158 171 148 180 224 144 59 253 219 246 106 221 80 104 125 90 120 107 221 6 192 212 142 33 225 225 165 231 43 15 62 238 149 220 191 251 181 99 226 22 124 207 248 89 24 59 238 248 210 137 234 57 141 197 92 229 134 14 18 141 53 100 73 
13 236 66 17 117 135 112 214 85 81 205 184 124 103 199 117 58 77 150 194 253 227 176 120 222 41 188 253 122 0 3 30 237 25 60 213 218 160 177 251 116 188 155 213 84 126 139 95 105 126 155 180 251 22 78 120 116 80 131 111 243 77 255 68 188 18 142 249 7 53 152 109 165 151 108 121 87 14 8 206 194 104 11 238 224 211 6 115 89 86 100 194 41 19 182 173 18 252 209 30 3 121 122 227 107 59 213 163 164 57 53 239 221 103 27 208 33 196 152 39 248 201 38 129 196 176 178 119 
247 21 175 249 228 206 15 254 24 185 141 137 96 87 143 51 234 17 91 79 38 177 106 195 120 129 210 28 5 74 156 52 40 170 4 60 123 246 20 213 231 214 203 144 240 180 144 80 89 1 183 218 40 209 52 159 77 206 20 240 173 73 191 104 23 61 234 182 35 58 184 220 60 44 183 116 53 144 39 195 101 199 210 62 216 70 231 88 24 217 166 164 81 247 54 17 207 5 148 137 151 174 191 219 225 170 248 200 237 176 2 182 134 207 212 218 117 224 168 157 97 8 63 172 45 3 232 228 
56 128 74 255 84 154 174 87 62 150 211 142 191 184 127 133 121 93 168 126 115 198 37 72 246 192 254 75 171 178 248 7 130 217 67 17 199 203 56 79 137 72 182 34 22 254 185 230 146 49 124 21 73 245 246 119 228 74 147 140 223 215 143 20 60 68 201 27 4 250 19 133 248 193 235 134 13 246 47 226 112 74 106 38 49 120 177 21 189 244 19 63 142 67 210 158 206 131 157 120 157 89 230 134 234 137 166 27 104 64 193 114 144 214 47 79 135 197 157 41 175 115 211 251 5 8 94 253 
74 2 103 197 62 96 28 1 193 133 199 55 113 44 107 226 29 203 26 86 92 106 46 143 0 142 33 177 7 79 202 46 148 36 166 254 13 52 198 67 209 107 102 39 25 139 125 107 252 205 99 80 90 231 2 72 105 58 86 206 232 162 213 133 39 102 176 171 198 160 146 142 193 67 85 52 191 129 37 197 141 224 11 248 5 149 68 74 149 128 240 41 92 110 252 231 67 182 152 177 245 135 164 28 109 197 52 239 158 21 122 181 15 37 79 100 42 74 255 5 24 22 50 94 129 22 165 172 
107 80 198 207 201 25 105 142 253 243 21 116 126 204 119 107 216 22 231 18 212 75 122 219 87 151 230 225 129 79 81 139 247 193 55 200 212 97 194 3 252 27 235 196 14 106 55 58 152 249 120 65 90 41 63 198 57 34 117 171 33 4 145 236 31 106 92 12 244 148 217 138 7 169 153 157 62 249 3 22 2 184 239 146 38 245 124 66 83 96 216 143 69 135 166 86 96 173 220 77 203 37 219 143 106 118 180 155 189 31 27 240 3 231 135 150 21 77 181 181 253 18 53 98 234 67 39 76 
149 66 61 121 3 106 42 48 179 44 205 223 41 175 103 137 241 236 171 84 209 213 202 131 22 133 96 149 103 173 10 4 247 71 193 249 8 58 36 186 142 47 80 74 172 220 108 186 167 208 88 228 12 115 87 7 64 9 165 172 100 19 208 66 55 55 128 15 67 24 31 191 72 81 143 203 91 189 114 80 114 62 149 229 8 33 87 79 8 218 201 33 164 60 142 1 89 1 113 102 83 223 79 210 125 149 251 77 153 231 228 91 115 82 6 90 165 81 55 255 218 146 111 188 58 219 113 21 
16 109 87 17 210 241 217 24 122 145 205 235 2 124 230 178 80 147 167 121 212 159 46 76 152 251 239 219 167 0 17 162 101 234 53 131 38 139 0 118 175 220 142 255 115 76 217 96 253 190 31 35 249 236 120 127 102 68 125 207 73 20 222 136 238 207 157 16 21 48 18 78 254 237 60 16 254 145 131 247 173 226 111 211 133 38 35 3 227 241 206 167 198 47 46 226 202 169 42 124 35 22 128 239 27 144 194 223 125 80 191 171 95 250 7 180 144 7 17 162 185 52 63 211 215 15 211 230 
165 105 245 232 10 31 216 87 10 207 194 45 143 140 235 83 16 228 198 165 227 127 105 133 136 79 205 126 240 253 237 117 126 189 208 225 188 93 160 184 55 180 194 182 58 186 75 200 77 19 9 204 245 160 143 242 82 50 139 48 114 118 137 239 239 81 194 47 77 243 173 145 88 116 215 70 67 113 191 126 143 140 17 159 93 14 161 62 202 115 53 35 107 247 86 223 251 116 101 172 151 17 79 96 186 228 87 139 7 19 99 220 251 209 111 212 142 94 78 37 40 191 79 65 44 146 42 60 
205 51 238 168 187 214 14 71 116 142 137 191 248 193 151 231 104 207 63 125 40 239 102 57 124 136 215 255 94 223 2 219 251 147 216 115 116 26 149 185 201 58 20 106 156 93 183 93 114 194 105 78 115 110 30 29 99 150 81 201 198 220 211 206 204 165 190 41 246 9 254 164 13 120 221 248 101 247 244 110 247 229 214 200 255 15 225 81 178 64 214 12 177 121 65 80 128 34 86 117 222 122 53 19 89 228 137 86 18 206 120 134 247 143 196 245 139 171 90 24 191 239 54 114 121 220 220 70 
104 143 59 85 117 177 219 68 172 79 190 176 178 79 125 148 93 167 238 11 122 92 125 114 28 2 4 59 233 114 249 207 126 161 140 16 159 7 214 201 146 70 137 137 76 189 203 146 200 246 135 206 226 75 220 125 76 88 43 196 109 187 53 16 18 204 182 58 239 72 59 111 235 14 59 20 105 69 19 57 227 164 251 7 57 8 212 157 109 27 67 11 47 22 194 158 71 252 44 61 49 122 32 217 144 215 200 79 49 68 89 19 178 114 216 135 99 51 125 238 210 250 51 180 160 172 73 0 
21 28 143 117 30 68 192 232 95 106 242 93 122 1 117 86 87 171 240 40 161 95 49 169 94 251 245 97 163 1 174 109 243 246 181 208 241 118 189 12 41 23 241 71 164 113 38 69 192 46 98 90 204 254 180 145 195 45 121 32 8 74 58 234 199 16 20 221 73 106 98 195 112 108 207 248 30 225 218 80 25 159 193 255 193 146 127 75 147 210 202 109 113 20 172 127 210 110 255 0 185 67 119 219 201 91 192 205 52 129 222 223 94 251 126 114 84 36 105 40 247 116 111 252 254 212 14 83 
238 12 9 245 6 167 25 25 116 111 47 52 167 88 71 203 143 55 123 191 179 185 252 184 80 5 36 200 203 42 187 175 99 44 158 65 90 125 206 129 58 243 80 240 160 179 109 49 86 108 77 70 223 237 75 180 173 78 181 100 208 76 62 48 46 102 201 43 230 100 136 74 47 238 59 17 247 112 223 204 94 148 56 102 1 234 43 40 150 199 119 133 9 221 71 34 197 54 92 245 146 173 165 216 97 6 174 74 156 125 115 197 32 129 229 66 7 133 251 32 249 119 78 114 194 199 3 140 
211 122 154 202 219 68 214 196 29 194 211 154 183 112 225 71 234 88 186 136 210 161 175 150 197 209 92 211 193 163 120 194 45 214 76 1 170 216 201 132 248 66 105 184 5 205 220 52 1 151 249 131 131 95 229 177 192 103 238 21 19 18 12 252 215 201 1 24 11 89 77 182 167 234 152 63 223 209 252 92 84 137 248 156 81 63 209 149 127 253 221 242 46 50 34 26 49 249 19 148 230 4 148 38 91 28 247 244 104 248 45 73 248 161 168 157 1 126 42 189 48 20 67 93 208 80 53 214 
113 55 89 252 56 139 154 200 214 91 17 39 30 100 81 241 35 34 249 46 149 25 134 229 118 255 249 91 28 126 100 138 74 85 237 87 252 242 174 245 178 105 130 83 181 78 41 62 124 47 173 82 48 172 111 244 156 200 60 74 154 134 80 96 197 19 52 164 156 210 111 169 251 122 80 98 215 34 188 114 212 106 155 0 255 176 206 201 91 223 174 161 148 235 138 213 1 165 82 184 2 224 36 1 220 232 188 40 16 252 29 86 24 175 250 53 232 100 199 39 107 102 255 248 1 157 165 213 
196 13 3 229 248 76 184 144 181 40 216 114 227 212 86 203 188 62 18 147 159 169 117 127 20 65 166 191 39 164 188 170 97 24 209 249 3 199 252 68 180 226 36 193 183 9 147 85 225 221 20 147 62 68 101 137 94 27 233 254 131 153 172 78 188 237 171 8 39 12 125 136 106 222 139 123 79 197 86 59 29 244 220 50 151 232 81 105 211 138 236 230 113 147 2 244 57 239 86 82 236 153 139 103 206 211 10 240 89 146 251 22 29 53 52 180 83 93 95 21 72 74 211 214 209 1 139 190 
125 25 206 129 36 21 18 73 120 113 24 144 206 191 76 166 157 190 2 144 125 48 76 51 104 203 227 121 47 44 86 37 240 77 121 183 154 24 23 205 36 222 174 89 178 70 17 160 175 136 131 211 98 248 167 13 130 159 44 212 62 252 36 244 91 73 238 168 28 37 48 162 229 35 57 48 191 212 98 104 164 141 18 140 34 87 65 45 49 4 0 47 190 187 176 217 77 121 96 25 125 69 79 94 21 54 26 209 22 45 45 237 159 99 145 38 204 46 185 30 58 137 85 8 124 66 50 55 
88 190 223 244 173 123 209 253 209 106 151 41 203 33 161 6 10 250 23 205 116 194 164 121 179 147 40 171 11 80 45 187 28 6 133 74 253 198 203 243 19 43 233 220 86 140 120 203 175 164 28 237 156 162 243 47 240 140 91 107 31 29 162 57 247 44 255 85 246 68 247 253 56 247 173 21 181 53 235 254 19 144 223 22 93 44 34 177 81 160 218 77 168 132 62 151 222 133 244 178 54 141 151 32 207 161 190 32 208 236 203 144 141 206 5 156 212 202 128 194 9 188 157 196 175 204 98 83 
193 223 195 203 185 25 194 21 184 187 49 4 131 217 68 28 228 144 74 83 81 71 120 126 106 128 6 23 165 226 14 154 137 179 54 22 81 120 84 162 92 143 98 84 79 231 79 175 43 229 94 118 106 221 98 171 45 173 203 230 65 134 222 140 86 210 43 219 150 201 101 149 146 153 230 88 241 1 162 189 74 179 171 125 77 146 243 158 220 204 14 167 20 254 166 32 37 139 189 136 161 53 119 194 209 228 42 235 126 129 97 203 107 47 222 106 163 4 157 252 67 15 226 70 210 83 37 151 
41 116 29 208 120 228 153 67 93 121 47 103 189 205 74 193 234 103 143 167 125 229 127 4 203 141 132 62 235 249 159 75 158 116 108 28 45 244 35 186 17 135 134 19 228 135 76 54 252 14 11 74 245 169 239 199 237 179 117 215 61 218 205 241 204 16 0 251 243 206 108 188 254 245 13 189 239 151 118 67 240 3 102 138 181 153 199 95 196 43 224 190 76 144 170 25 45 220 222 221 216 133 65 90 247 215 14 68 75 24 52 176 235 195 116 12 218 160 231 205 17 201 43 16 121 33 188 80 
67 205 114 114 88 59 194 209 145 53 28 36 37 254 191 1 75 134 232 155 56 54 15 22 28 137 230 163 124 186 58 188 246 12 12 92 213 24 26 168 137 87 88 246 9 28 91 140 217 7 24 163 225 133 196 79 197 179 137 167 104 113 29 126 167 21 86 112 221 123 45 151 25 198 111 57 113 56 178 12 32 119 157 42 139 44 10 201 187 62 214 151 240 245 55 172 63 69 93 237 44 110 179 49 100 211 53 93 14 149 221 102 4 129 34 185 109 239 185 52 167 56 213 59 183 10 238 218 
170 231 182 86 183 161 44 148 244 3 141 88 140 21 227 229 1 109 98 82 10 109 177 148 48 160 61 176 37 174 167 46 195 63 223 114 248 151 80 223 52 19 9 123 5 92 20 136 187 230 237 244 167 6 9 239 28 40 17 172 132 191 24 253 33 127 249 8 2 143 203 102 115 37 99 32 118 68 191 42 197 65 144 231 162 58 188 68 155 209 83 92 42 193 153 189 104 139 76 34 88 198 37 228 22 201 196 102 58 62 15 131 211 252 9 56 46 100 74 176 88 245 249 100 171 83 221 29 
140 137 116 21 108 83 29 16 233 244 244 37 40 202 148 233 200 45 54 115 79 77 40 179 129 236 88 190 158 173 30 11 75 61 40 155 14 69 211 116 166 195 237 1 35 200 144 149 194 159 135 177 221 3 6 197 251 164 184 152 110 8 91 65 161 124 193 140 246 11 23 195 248 225 97 174 32 218 145 101 251 170 198 100 150 138 25 225 110 161 17 153 12 110 215 27 134 25 158 46 205 181 119 110 253 20 135 172 151 8 136 82 248 104 65 4 189 169 23 132 86 149 241 57 6 254 28 140 
175 156 63 177 111 159 1 63 252 157 4 150 161 43 0 247 58 35 148 205 4 14 251 94 203 243 181 127 162 43 103 185 46 195 71 0 81 27 246 130 250 214 247 163 216 245 71 212 117 190 158 18 254 204 108 103 5 34 208 208 205 44 232 146 196 224 208 82 49 229 123 141 134 175 203 111 51 67 197 30 158 43 251 87 35 84 140 132 237 58 103 75 108 251 204 23 49 106 220 46 106 28 152 163 109 202 186 98 146 105 41 103 25 66 183 23 251 55 166 209 4 121 124 76 31 95 63 127 
31 107 190 206 12 12 60 108 24 153 173 61 171 66 212 50 186 71 177 235 45 237 214 40 60 241 159 211 125 122 82 73 5 168 165 249 156 66 196 38 87 74 5 234 98 189 206 63 248 4 71 172 40 197 194 97 11 136 251 190 128 40 167 161 216 210 66 142 82 223 201 81 155 251 183 133 1 69 14 109 204 187 241 96 110 251 168 121 226 104 147 7 73 216 80 123 233 192 98 69 200 2 158 48 249 199 86 227 252 106 17 72 234 56 237 94 247 5 176 76 152 71 252 44 28 113 95 216 
173 144 77 30 76 197 72 53 0 243 44 196 101 14 248 139 229 168 130 52 241 209 40 168 50 203 235 220 3 110 71 220 153 5 51 199 188 221 22 12 89 109 253 238 236 93 114 97 253 202 109 78 146 110 202 38 127 205 133 246 149 119 245 65 126 142 179 44 151 133 111 167 199 133 192 32 112 13 253 252 112 176 159 101 67 219 12 188 36 90 30 54 36 202 24 228 107 166 154 65 233 95 163 200 231 53 235 69 231 102 155 91 33 255 65 176 220 176 234 251 255 113 125 45 152 93 58 112 
126 16 253 202 28 7 57 236 34 52 181 182 122 64 86 2 253 28 18 136 120 164 255 177 138 142 97 5 224 67 86 89 154 165 176 207 57 196 215 90 139 161 252 86 66 59 224 20 10 237 219 64 145 169 123 22 126 102 66 214 201 25 200 8 83 122 29 172 51 68 104 101 169 193 28 248 240 220 15 169 154 48 194 101 10 245 118 74 216 66 224 219 137 130 248 97 201 103 91 214 204 252 146 127 59 142 35 152 5 203 214 202 149 215 52 131 40 173 86 10 91 208 180 205 224 65 135 234 
164 207 27 103 160 87 126 232 169 186 188 82 30 250 15 159 92 50 52 250 81 245 2 58 91 227 229 149 242 214 235 229 162 153 244 175 79 247 4 72 126 162 105 185 113 233 124 89 162 198 124 18 38 67 111 115 146 194 252 106 32 190 143 93 145 96 163 88 234 225 105 87 241 6 0 207 233 1 68 133 185 215 103 63 237 118 237 115 179 187 239 10 149 92 250 93 70 127 248 178 119 138 245 69 194 220 57 216 97 163 23 70 116 12 34 186 145 86 41 158 245 136 5 183 83 97 232 249 
188 15 185 247 171 26 82 241 132 71 248 239 52 79 220 213 205 206 116 251 100 44 139 68 197 100 192 231 18 159 39 118 181 160 183 215 42 61 58 219 64 145 172 230 6 217 249 53 112 110 121 157 224 231 149 7 83 254 38 132 175 37 31 70 235 240 214 96 8 196 109 102 250 244 81 89 50 153 49 70 4 104 157 255 37 177 247 129 155 90 173 153 98 109 34 29 134 50 2 215 21 38 63 150 99 249 159 30 70 125 103 61 253 168 209 161 172 91 121 37 227 100 1 242 4 67 2 142 
1 57 197 9 112 70 106 20 148 161 219 176 191 122 237 44 76 49 48 218 120 93 226 245 149 107 228 8 207 42 106 35 172 205 162 3 107 88 16 216 140 220 112 168 32 243 246 56 79 13 37 0 24 70 168 51 254 21 208 164 75 244 88 96 95 152 88 241 244 111 232 78 238 250 55 19 79 56 250 53 133 181 191 150 131 29 250 79 149 209 129 84 25 60 181 179 253 57 21 99 251 20 180 38 91 104 34 96 65 143 129 209 43 171 14 71 98 44 38 20 248 211 161 254 158 4 201 141 
22 138 115 238 214 242 202 146 121 15 95 222 47 79 136 124 143 19 227 53 108 224 99 26 108 134 250 235 194 123 237 61 136 240 198 221 244 66 14 197 151 238 72 213 101 188 185 107 86 17 137 170 37 228 250 235 100 211 147 3 106 218 144 154 80 234 192 198 162 117 237 202 40 165 14 185 159 39 205 88 67 214 57 111 34 180 106 133 82 79 38 215 228 201 213 111 145 170 5 118 115 71 55 85 110 67 104 11 52 210 93 114 92 199 36 45 199 7 242 186 213 185 37 85 108 48 201 48 
239 33 99 115 151 58 77 19 77 4 169 225 243 53 125 235 220 189 105 74 142 98 97 183 72 102 9 240 145 209 61 67 147 14 30 208 98 218 192 236 99 221 58 207 255 157 110 183 226 0 67 244 75 196 165 101 118 233 136 24 35 72 193 24 224 96 140 253 171 75 248 229 165 216 17 249 245 102 42 126 60 161 172 210 135 222 15 5 38 152 115 210 24 202 165 231 121 15 16 144 76 216 232 32 85 247 145 80 39 65 32 135 59 61 74 216 222 217 246 33 124 16 234 178 40 249 15 22 
218 225 132 238 72 1 190 64 146 247 231 63 58 232 248 2 159 121 103 178 191 40 89 113 213 10 126 218 255 50 93 124 189 145 40 50 187 14 93 213 178 146 220 173 35 216 246 153 130 8 81 125 184 155 176 35 163 142 163 14 181 100 81 150 111 8 21 80 7 162 19 216 94 84 217 202 144 183 193 114 208 255 244 115 67 65 152 186 89 246 86 89 85 143 204 74 64 19 251 141 237 25 103 15 94 155 150 47 207 25 246 213 50 205 43 189 78 13 246 203 101 196 254 77 60 137 9 57 
34 220 227 126 18 12 146 117 179 140 16 224 0 161 149 247 10 192 183 171 195 46 117 236 142 146 223 45 21 21 64 159 55 2 71 235 195 18 67 160 168 180 0 80 155 194 53 9 214 214 25 219 21 45 136 85 148 113 152 134 153 121 232 100 14 101 20 143 113 31 215 171 188 214 169 132 78 177 145 124 127 125 169 126 232 54 145 135 37 229 67 25 119 48 106 128 108 170 136 82 14 235 63 168 126 126 113 45 160 105 24 201 111 131 175 189 42 61 205 15 247 144 213 176 36 14 26 116 
188 94 72 33 7 27 115 229 196 254 169 36 52 10 247 78 107 201 203 20 139 88 180 62 143 164 195 176 231 249 23 212 38 155 183 30 37 87 91 164 86 252 232 79 178 173 186 205 27 168 33 169 55 248 13 155 160 218 133 132 195 184 222 186 94 113 240 145 229 8 117 140 213 226 14 51 108 169 238 47 11 15 200 8 54 54 112 64 198 146 144 124 238 99 132 4 93 17 136 56 58 70 249 253 94 66 202 168 235 226 216 96 216 159 254 171 153 103 33 73 196 180 70 134 119 135 100 207 
76 155 243 203 155 202 204 135 24 244 242 53 36 72 243 83 143 42 112 77 150 199 68 109 190 87 204 0 194 170 21 24 250 138 67 30 148 245 14 144 8 219 16 136 80 103 40 125 134 178 127 174 72 41 16 36 92 129 178 159 177 140 97 37 111 103 164 176 145 245 82 205 17 142 135 8 140 19 212 84 55 20 31 117 57 166 101 41 63 238 167 89 92 214 84 38 175 134 123 28 193 2 242 121 169 181 157 118 35 126 211 175 194 250 43 167 37 162 247 69 171 204 40 161 22 196 33 63 
209 76 231 75 30 61 143 228 85 58 176 110 180 3 29 158 192 96 228 97 181 124 191 193 178 151 110 122 241 184 60 35 205 89 237 252 50 66 235 196 64 160 0 66 90 206 254 109 125 106 199 23 248 137 26 190 147 214 39 253 83 59 152 71 188 232 65 118 146 28 39 130 225 165 249 0 22 161 98 242 152 9 108 55 64 72 169 49 249 141 166 9 101 205 168 149 203 198 130 12 114 51 236 26 82 159 69 126 251 151 7 99 30 219 124 22 253 118 131 53 171 194 231 31 223 180 6 58 
213 68 172 133 19 51 240 203 130 251 146 181 238 91 189 182 40 206 218 223 241 12 228 166 24 143 189 155 190 210 2 49 206 250 212 167 176 208 182 15 193 249 30 80 129 123 214 10 16 107 84 118 160 211 114 126 155 112 35 106 205 193 132 232 109 21 43 49 141 86 130 47 195 152 209 141 51 213 102 191 197 14 153 173 67 205 14 228 28 46 109 3 242 94 15 142 47 13 199 201 224 86 169 137 130 55 241 50 238 156 32 204 247 31 88 102 25 184 0 61 18 78 39 142 17 163 17 199 
92 160 108 234 58 189 35 239 183 58 178 70 160 15 116 253 141 49 85 38 74 3 75 132 101 153 59 222 155 85 82 153 117 97 232 248 101 139 108 48 100 68 201 184 220 155 196 221 128 75 22 68 201 200 64 192 166 14 215 160 72 54 254 59 146 90 199 61 22 233 55 198 101 201 76 29 144 62 184 223 230 222 68 107 224 135 117 222 36 237 213 239 154 168 220 191 90 81 39 244 75 96 188 75 122 172 17 161 105 113 239 165 53 13 203 130 90 173 213 148 229 37 61 104 116 62 188 104 
140 128 6 79 27 119 199 130 21 153 74 76 234 15 114 192 234 39 127 253 71 89 163 141 227 129 92 55 237 118 45 89 223 30 215 31 180 139 15 48 120 32 128 25 26 9 181 165 98 216 213 77 216 73 240 124 103 102 18 196 11 175 86 31 243 38 95 17 96 152 51 24 153 102 130 238 225 179 180 86 110 45 223 103 19 194 119 33 165 47 42 88 168 117 123 28 61 241 243 154 165 73 228 58 224 48 104 235 208 19 158 194 145 35 14 247 82 83 161 5 78 133 10 161 140 21 10 147 
23 18 87 228 140 29 32 100 193 6 128 157 107 11 69 110 57 243 87 68 27 47 6 108 230 167 51 218 63 234 9 49 155 224 224 230 3 170 118 220 250 78 148 254 166 64 219 49 94 207 65 37 165 201 228 191 36 112 82 83 247 128 113 141 7 235 108 189 193 245 150 135 37 234 163 230 19 248 192 206 88 99 203 166 63 207 184 111 254 154 130 251 158 110 245 107 142 41 6 152 99 40 121 249 192 185 94 129 23 86 116 234 105 112 203 143 135 238 46 220 179 176 158 75 87 244 75 216 
207 160 237 190 99 45 143 218 72 194 63 216 84 74 26 61 1 78 219 170 109 47 72 20 75 226 55 203 98 118 219 154 193 18 50 214 113 76 112 230 174 58 238 207 178 249 72 232 27 215 227 55 25 118 250 22 98 217 61 7 175 206 19 172 208 201 138 46 210 241 160 165 52 83 251 58 52 132 106 137 215 8 42 135 111 30 162 254 51 63 165 126 208 31 125 110 87 232 200 217 29 254 26 15 218 45 231 106 183 247 182 171 25 36 226 143 171 134 237 3 225 188 194 17 246 202 52 207 
15 192 137 71 249 247 198 49 194 107 248 29 228 231 218 237 157 73 113 97 18 121 199 163 133 10 200 170 177 177 188 151 29 129 132 108 43 125 117 94 248 30 134 155 239 17 18 45 183 119 131 66 189 119 116 176 27 21 211 151 123 187 40 241 24 45 108 34 38 253 161 209 46 215 61 189 238 245 4 170 70 137 55 240 250 226 77 35 95 250 173 35 244 31 79 16 167 236 81 23 60 21 50 19 64 73 128 16 46 84 200 128 15 57 38 201 245 252 73 131 176 76 111 106 80 24 22 128 
103 202 248 166 7 74 90 55 98 79 187 251 252 177 174 205 50 4 237 153 70 90 151 33 187 108 188 173 216 136 215 140 182 137 201 25 185 35 110 180 90 176 68 30 163 37 133 45 205 217 175 174 119 232 144 120 105 41 21 241 255 67 138 241 7 100 144 199 72 89 25 231 106 177 135 204 61 110 238 192 129 232 222 151 95 254 85 102 80 115 230 153 60 21 67 195 46 222 107 96 40 132 67 75 76 231 236 211 197 200 137 172 38 102 53 152 113 8 240 140 9 2 249 15 79 220 155 152 
209 144 113 126 113 120 54 19 52 156 119 64 143 192 84 158 120 48 48 167 131 83 27 147 102 162 230 248 146 61 84 36 46 142 205 109 193 25 155 226 150 248 241 195 55 21 114 6 20 67 236 248 190 24 19 93 8 221 183 185 255 18 197 113 212 113 46 68 72 214 162 208 232 186 192 145 152 117 252 152 145 43 93 11 139 111 138 25 187 14 34 102 117 31 166 210 245 205 160 2 242 151 135 128 187 55 89 147 146 13 112 21 201 85 65 163 233 106 48 61 116 3 16 67 4 39 107 219 
28 87 202 96 51 233 123 133 186 212 183 243 172 231 217 102 207 152 202 93 63 74 73 122 84 49 149 168 119 1 228 73 38 241 165 250 5 45 101 145 83 160 182 51 209 107 44 184 173 205 206 160 231 103 8 16 133 64 165 88 46 136 137 241 182 254 179 74 24 52 75 136 118 199 129 204 125 23 53 18 19 219 213 155 193 244 221 23 71 159 185 165 8 27 234 10 223 146 100 133 147 190 130 254 117 51 218 237 137 141 214 140 31 143 196 104 186 201 119 172 207 72 104 83 54 7 43 236 
132 56 211 230 198 30 134 122 100 191 252 68 68 1 99 150 107 250 227 39 134 180 232 56 99 195 237 121 201 195 56 64 166 102 6 169 153 230 209 142 253 206 138 227 126 204 128 199 199 242 56 30 165 88 235 88 82 172 121 238 199 27 34 104 28 54 170 147 33 99 83 72 203 113 24 35 9 162 13 42 112 119 91 177 124 172 45 2 27 46 168 137 34 247 29 210 40 128 215 62 122 87 186 57 88 86 238 214 181 210 78 181 17 87 72 92 37 46 199 165 207 243 214 231 115 51 18 72 
161 30 130 77 124 91 244 250 155 238 247 220 160 255 103 2 37 82 131 153 201 84 88 0 107 51 121 28 44 57 89 117 44 126 84 131 232 157 232 68 113 214 18 138 204 95 30 241 231 245 60 185 173 243 139 121 54 172 235 207 160 246 247 217 118 212 200 117 93 86 49 124 91 87 249 241 214 97 246 96 250 193 195 206 51 127 34 36 166 110 214 3 113 0 38 108 131 53 168 98 218 206 195 129 206 136 8 45 177 225 182 41 248 106 98 254 167 230 14 199 32 110 166 131 155 143 129 249 
66 55 171 206 34 227 192 171 59 252 213 71 8 103 238 65 61 194 234 123 9 23 160 83 74 18 171 83 131 58 43 47 255 56 249 72 48 68 64 245 199 101 41 67 17 18 43 160 222 35 201 66 202 9 229 7 4 128 135 61 122 74 28 82 215 22 181 95 146 73 72 82 83 113 158 156 73 8 161 133 247 136 21 52 28 50 51 192 34 164 32 130 155 16 57 29 36 83 131 253 56 125 38 212 142 134 41 11 141 19 214 249 213 117 14 128 201 181 2 19 197 159 19 52 222 64 58 86 
58 25 120 148 112 174 180 201 81 201 54 228 227 240 98 56 189 63 95 156 33 46 251 128 165 68 208 109 123 68 13 24 253 137 253 103 172 114 202 83 76 214 135 139 95 53 23 126 142 146 242 198 206 179 122 129 232 166 2 236 135 110 73 2 193 123 24 159 142 196 24 23 21 65 25 23 82 68 117 6 43 14 0 97 68 81 99 221 92 9 64 230 196 43 204 238 160 87 212 216 124 1 226 113 228 129 42 118 254 247 25 121 175 236 60 227 210 113 91 253 182 24 147 77 132 184 190 78 
123 74 241 254 135 153 206 78 250 252 5 232 77 183 72 147 150 194 103 198 191 231 176 187 60 225 159 241 140 73 124 81 178 104 7 236 220 49 69 221 138 205 255 21 217 89 48 121 219 110 109 99 210 184 121 103 219 24 120 203 127 222 67 238 13 180 47 254 12 57 224 86 194 252 55 70 81 135 157 140 128 141 230 55 228 49 156 69 150 129 13 184 120 48 73 99 242 243 195 177 16 33 5 208 182 122 79 10 107 126 210 59 207 30 205 152 132 166 20 49 128 36 103 58 88 70 162 40 
140 146 68 251 183 222 27 191 125 72 242 182 94 238 46 62 143 252 0 253 107 2 76 215 228 79 204 111 18 114 165 150 109 53 178 213 48 124 62 252 166 213 241 192 55 178 230 158 54 231 145 200 165 215 84 120 172 91 78 201 110 36 250 166 248 132 29 120 17 220 115 240 162 58 156 72 176 122 116 189 25 147 78 58 148 214 77 174 209 46 238 95 55 6 28 126 203 87 75 1 57 61 164 211 117 236 241 176 198 56 10 155 28 27 211 149 126 69 50 229 183 194 234 168 16 183 239 231 
162 83 247 2 56 180 109 62 60 106 160 90 64 114 52 91 4 73 161 21 201 64 221 155 207 213 224 88 231 109 61 217 85 9 201 61 174 5 186 201 33 81 71 221 141 197 213 211 126 55 104 52 54 62 235 166 70 169 165 60 141 222 9 57 55 186 214 214 165 145 225 191 99 24 219 197 211 227 142 125 194 144 17 211 106 209 188 241 166 174 172 209 141 43 241 15 101 127 159 34 34 157 41 63 250 32 113 155 136 188 109 23 161 186 175 94 224 142 51 132 195 43 149 201 130 24 55 119 
28 244 70 247 164 68 77 125 154 9 100 9 221 30 40 50 157 223 206 108 192 192 113 136 40 190 155 6 229 22 102 3 153 223 254 238 172 122 126 145 131 241 77 97 34 197 96 140 99 43 11 72 238 80 177 168 125 121 187 34 207 52 42 248 223 234 86 224 149 34 150 202 146 113 111 163 52 96 20 214 219 134 171 170 94 235 66 96 182 119 71 128 179 67 101 145 96 142 82 216 185 203 131 32 67 59 90 239 137 246 91 98 143 26 172 51 96 219 7 78 167 172 178 40 187 111 113 72 
92 145 107 54 223 4 131 184 138 123 48 105 196 102 140 2 51 244 116 124 233 41 34 209 102 229 67 85 232 72 3 188 0 231 186 186 105 186 127 26 163 72 168 169 100 39 98 138 107 108 78 112 83 100 66 254 178 103 166 212 232 1 208 215 205 222 99 62 137 68 57 136 195 85 132 171 215 144 218 7 199 205 104 206 110 237 74 50 244 120 221 111 108 210 18 115 106 119 104 71 60 231 156 253 68 14 145 148 26 112 3 109 138 69 89 182 0 232 130 214 29 236 164 62 246 69 125 225 
92 13 156 211 49 224 48 176 124 233 228 22 76 39 187 44 21 19 104 199 224 87 200 162 198 118 118 130 216 255 148 193 158 14 147 247 243 44 163 255 110 167 65 92 97 252 86 24 104 80 110 179 40 161 19 102 252 178 255 176 11 193 93 75 107 112 226 40 103 104 105 247 31 198 112 220 202 115 36 253 147 188 195 220 231 121 203 121 92 134 38 58 51 22 23 249 249 87 208 115 196 123 96 80 88 183 187 15 237 8 215 41 28 29 13 48 103 66 45 137 157 62 150 21 223 132 79 133 
66 101 5 67 146 224 141 86 0 21 224 221 229 201 0 195 9 23 11 79 0 245 168 136 190 209 95 25 204 35 240 132 180 142 216 201 200 187 234 14 217 67 115 61 228 66 129 51 233 188 25 228 124 158 84 209 239 143 3 43 99 235 145 76 172 107 149 224 234 86 199 167 226 8 162 198 233 108 199 5 186 15 126 227 72 29 22 138 210 91 250 31 227 137 33 206 239 7 151 121 109 149 75 64 227 38 226 222 78 154 249 167 255 116 8 6 60 107 68 171 193 120 64 238 12 129 37 27 
10 199 209 195 75 137 183 197 130 127 194 101 236 80 42 143 217 201 249 166 230 117 18 79 32 161 87 220 53 30 180 178 121 38 145 200 186 69 47 53 114 80 160 7 205 58 180 96 14 92 138 118 245 13 130 157 147 151 183 246 64 147 10 160 98 143 176 166 94 224 150 210 226 195 120 153 255 77 19 80 222 93 32 149 108 40 18 108 170 198 21 32 82 240 204 34 173 48 82 42 61 83 84 31 230 31 4 84 47 23 152 216 185 215 169 230 5 240 88 236 75 211 30 65 77 25 253 29 
32 211 250 68 95 155 177 147 25 95 32 181 106 145 30 138 247 47 186 100 19 168 156 0 122 72 213 157 68 52 69 103 229 211 248 187 170 214 203 153 204 117 91 101 91 214 196 119 197 87 51 242 43 29 92 71 90 111 34 129 19 82 100 208 187 9 174 38 124 11 206 193 162 110 128 191 103 237 162 1 251 130 203 15 155 240 232 203 42 68 177 22 7 203 96 45 219 165 125 99 99 55 82 244 69 193 218 137 73 136 236 216 159 101 72 10 166 101 96 191 171 166 85 17 33 62 217 199 
34 177 179 153 226 164 139 125 217 182 38 116 228 165 27 239 140 201 193 42 93 62 19 83 195 38 247 67 227 115 230 146 103 227 229 192 98 13 217 227 239 203 45 177 218 239 166 218 31 97 201 92 29 249 58 4 142 21 11 116 9 114 201 196 79 163 208 73 29 73 76 147 125 110 164 199 130 2 121 141 196 193 33 63 153 191 109 53 243 133 136 249 205 70 86 228 10 117 233 201 199 3 179 12 144 171 46 97 64 220 114 165 134 7 3 141 27 0 236 151 207 188 167 133 86 217 184 81 
197 225 251 75 104 149 142 231 237 124 225 139 113 169 112 226 192 14 220 228 180 225 95 31 104 199 2 26 213 35 249 255 217 108 97 38 107 213 161 144 240 200 108 96 72 76 137 79 109 138 49 2 171 17 35 87 192 219 211 121 88 134 54 56 95 177 176 191 61 117 75 55 245 76 68 146 86 4 177 221 32 189 2 206 94 142 165 137 202 209 221 114 242 124 68 95 101 98 236 12 167 138 98 58 19 218 201 187 66 249 104 137 222 163 187 152 251 94 210 46 242 18 58 153 140 111 186 198 
231 193 235 191 111 97 6 180 203 124 210 74 49 225 191 31 5 206 180 120 183 127 186 18 23 182 160 228 42 231 131 73 250 163 199 213 108 241 16 65 240 128 180 174 99 119 176 105 66 51 176 167 5 121 176 96 44 9 152 243 145 97 81 243 210 17 192 180 15 11 15 142 67 114 106 142 63 57 16 156 178 52 244 93 52 21 91 204 217 139 91 22 93 231 177 18 12 176 38 180 97 114 92 82 26 77 145 23 156 147 72 32 63 32 58 144 8 203 115 243 177 120 232 242 164 133 216 216 
63 161 245 27 151 176 41 229 218 105 162 225 3 28 144 187 247 183 205 89 46 159 29 23 162 164 224 175 156 143 53 102 150 224 219 219 101 1 93 37 250 87 241 100 196 74 95 173 106 218 184 94 250 44 38 73 207 108 48 104 41 157 155 92 118 162 152 128 13 210 197 96 135 25 194 80 31 6 245 16 164 49 119 213 202 168 37 183 133 176 2 82 84 102 98 51 208 1 35 193 138 154 172 244 18 1 191 148 192 233 43 127 144 6 234 154 137 147 109 139 28 238 209 54 197 137 35 25 
53 206 97 164 169 75 169 209 193 62 47 223 157 135 248 55 30 176 127 176 116 74 14 192 50 149 12 184 169 206 138 222 122 205 76 133 152 199 209 148 37 133 176 58 3 185 214 241 171 197 52 229 80 162 170 104 77 203 158 141 209 232 193 206 86 165 142 159 177 196 208 105 162 124 214 221 140 119 2 179 136 181 90 96 28 192 23 69 245 45 120 117 102 236 78 156 32 16 190 64 82 146 247 92 184 73 129 237 177 220 224 92 128 16 247 169 79 144 94 81 39 239 127 153 4 99 234 99 
34 79 38 7 199 41 151 209 178 159 122 76 200 197 54 218 147 67 150 17 80 212 29 213 89 128 145 236 211 200 224 123 201 220 149 139 138 17 78 49 2 107 106 153 73 249 143 75 137 147 5 80 134 104 204 244 32 184 236 39 235 255 229 73 146 251 31 130 155 77 105 7 34 243 37 253 155 65 98 167 162 164 218 107 55 84 196 133 243 43 70 183 230 6 116 163 11 244 14 76 36 252 250 158 66 154 135 237 100 31 196 43 130 130 152 117 217 255 157 96 203 173 136 236 13 73 45 234 
132 194 23 102 134 205 222 120 53 49 251 39 207 113 46 39 0 125 76 252 177 250 53 200 84 122 49 137 252 163 127 175 210 176 229 42 151 195 157 23 255 164 28 36 142 128 81 33 247 162 225 96 202 36 90 26 60 1 115 134 98 117 149 45 163 94 248 228 217 147 72 149 196 61 1 103 38 101 200 23 3 75 127 185 95 111 66 14 53 93 106 188 44 15 235 32 111 105 71 140 97 24 140 125 34 128 1 74 37 87 153 30 33 121 145 182 57 241 176 23 131 22 22 9 57 37 6 132 
245 156 204 48 58 139 92 86 133 150 153 52 161 175 20 72 169 127 92 63 237 160 82 206 213 224 139 58 243 174 131 155 209 233 44 210 162 185 241 196 122 197 141 82 205 185 93 242 79 64 28 110 200 168 182 54 212 117 71 195 45 207 125 52 4 242 139 47 62 169 220 31 66 114 4 220 24 122 146 249 97 248 67 92 38 238 148 43 148 97 40 113 144 152 177 73 201 199 228 247 61 31 160 94 181 50 222 105 0 193 61 74 237 151 8 227 204 75 204 146 151 76 4 110 217 218 59 197 
59 57 242 255 72 153 27 241 136 106 210 203 251 163 103 203 103 40 72 153 115 13 24 238 168 192 245 232 132 225 216 202 152 250 222 146 47 196 189 245 238 206 249 124 230 198 14 198 238 64 194 167 11 236 62 195 167 160 57 203 155 70 219 56 219 124 75 132 192 123 216 24 35 67 61 151 179 199 82 214 136 80 145 10 235 207 221 16 91 131 202 136 224 15 76 4 117 4 139 155 199 120 229 247 114 245 239 182 126 25 56 187 29 83 22 229 35 176 43 202 244 227 194 228 177 47 168 45 
11 119 209 186 112 6 205 42 117 29 64 149 176 74 16 193 167 21 111 147 98 28 88 82 71 34 93 8 247 218 152 246 162 187 7 157 10 38 68 236 108 77 16 3 213 157 97 189 44 32 109 115 87 234 215 40 15 239 192 199 239 25 36 81 61 63 26 70 247 46 8 243 136 102 167 44 35 205 117 250 109 25 6 152 178 185 85 145 37 245 180 140 154 31 110 163 41 167 196 77 14 215 154 6 236 107 155 229 29 35 82 246 141 84 202 229 222 174 36 50 53 72 60 237 55 251 30 80 
12 178 208 35 219 116 198 215 139 1 226 89 159 158 133 24 30 206 214 162 147 160 66 218 254 52 13 99 20 24 122 212 59 26 67 144 197 143 107 29 210 114 177 56 121 33 175 193 177 154 207 74 9 216 198 107 77 20 80 25 94 195 198 98 21 226 204 207 196 170 2 128 70 66 35 224 183 93 105 35 204 39 146 51 17 133 91 173 241 81 16 78 40 198 244 4 87 117 226 209 236 115 166 228 143 25 97 162 83 140 144 80 216 84 249 166 136 75 98 242 0 74 41 239 195 128 220 164 
113 176 61 22 173 160 192 246 168 243 84 97 45 54 193 136 13 0 196 243 136 104 214 43 82 73 114 240 182 249 42 51 10 165 79 96 232 24 237 250 255 194 155 148 35 137 138 150 227 181 113 209 189 186 178 82 180 104 4 192 143 251 239 74 32 140 25 128 63 157 1 125 50 110 161 185 234 69 177 252 232 111 31 160 31 180 9 139 145 192 147 46 182 108 64 113 196 104 108 137 122 97 153 7 235 72 71 2 95 95 252 122 250 212 136 120 78 31 162 73 168 56 176 196 148 143 239 176 
83 54 231 90 151 77 190 238 215 210 104 66 95 192 202 176 175 226 46 234 186 90 140 144 199 229 20 68 172 88 158 48 250 156 221 114 33 84 181 83 241 196 129 192 179 193 43 225 47 119 159 115 83 216 220 17 213 242 178 254 84 11 218 78 222 204 73 37 152 61 193 183 51 13 127 217 210 228 85 57 202 102 8 221 198 132 230 62 142 0 192 127 191 83 140 130 84 67 140 127 142 53 19 7 138 174 182 39 178 8 32 121 125 147 183 127 205 206 83 49 243 116 248 126 192 249 78 13 
98 217 239 177 8 184 180 246 32 43 97 218 139 244 152 79 233 152 164 176 40 147 250 22 199 238 130 116 198 195 161 199 193 240 81 6 168 38 155 56 17 71 57 56 103 117 88 163 195 211 122 141 204 224 148 217 133 82 7 226 208 111 39 123 177 240 229 214 171 25 53 133 30 213 243 4 59 202 148 189 29 16 44 62 22 144 66 177 72 217 81 71 87 193 149 87 132 150 75 95 190 146 103 173 174 167 33 144 145 201 38 205 81 212 69 99 221 217 123 64 73 111 240 178 130 118 165 7 
188 185 52 136 42 61 43 63 18 91 1 42 233 32 239 139 192 13 120 4 42 164 252 101 249 140 173 217 136 37 221 100 33 210 116 82 250 246 78 249 161 210 185 110 183 25 126 6 77 131 212 90 196 14 156 235 192 117 83 255 241 220 98 154 116 4 247 213 148 218 33 4 254 202 224 8 202 148 232 156 118 187 17 7 201 170 97 253 132 104 243 158 128 162 123 58 114 134 50 61 135 227 153 126 151 73 32 118 154 190 204 215 59 160 168 83 82 16 234 82 245 85 119 61 88 226 88 19 
96 56 89 119 108 143 15 245 192 85 24 203 10 217 103 98 36 236 137 10 48 20 167 106 238 71 30 172 206 69 91 227 28 107 93 7 43 35 227 190 151 100 75 42 103 223 23 4 6 112 250 100 186 169 133 16 232 253 164 215 87 130 30 145 10 17 79 54 236 221 226 32 202 120 85 53 240 61 196 205 196 84 161 8 164 222 179 51 161 228 72 183 46 32 120 54 222 156 71 108 196 210 174 221 147 13 43 148 85 165 198 9 232 119 212 121 86 52 39 186 153 160 41 19 53 253 58 161 
130 63 26 202 51 163 253 210 224 103 80 145 149 112 92 250 42 33 177 254 132 198 189 138 176 149 125 56 91 205 193 154 62 213 168 10 179 55 132 61 26 248 129 3 197 19 115 189 29 86 170 171 186 248 202 245 86 84 17 61 37 52 247 14 212 104 205 54 165 212 1 246 252 8 160 19 177 227 43 135 186 224 90 186 36 19 120 99 218 208 119 89 95 72 7 67 4 166 56 93 224 154 122 98 19 110 218 197 106 13 184 187 43 88 21 199 91 154 232 85 155 131 134 18 114 13 108 70 
137 81 231 2 149 163 208 236 228 112 48 69 164 158 190 157 68 68 105 196 91 159 107 108 203 123 22 174 227 82 53 141 22 161 253 251 196 19 149 187 208 98 112 22 233 58 62 79 202 16 199 131 133 220 216 255 136 211 27 158 140 25 124 60 86 10 98 91 137 53 99 34 131 224 104 214 81 97 153 87 46 119 197 19 144 244 28 96 13 238 181 143 241 10 234 212 189 109 74 220 163 194 88 81 81 193 244 245 36 52 22 212 60 100 18 138 124 121 175 83 166 188 152 210 118 109 165 171 
