113 41 87 151 143 169 186 202 73 120 46 82 209 201 104 203 38 252 169 64 121 148 86 195 205 90 182 119 167 181 53 148 248 225 48 60 122 85 210 48 129 156 62 31 213 101 42 233 29 217 2 175 189 145 56 188 34 112 243 138 187 122 75 134 7 229 92 210 237 100 185 43 198 15 107 148 8 44 190 24 177 196 102 222 79 44 162 236 247 163 59 167 236 147 77 245 18 122 180 34 93 10 38 59 112 111 66 40 137 51 94 51 191 86 46 194 70 147 62 62 92 104 15 160 195 24 97 241 
96 67 206 45 56 72 78 178 122 143 18 200 166 206 238 246 54 99 153 193 43 157 161 202 68 202 203 252 29 32 218 114 233 16 62 212 190 67 224 41 99 186 39 180 224 233 223 178 195 152 182 22 211 114 254 182 136 24 121 129 29 131 169 207 169 242 192 202 130 200 170 14 160 12 46 126 146 228 221 187 184 105 227 1 250 115 220 82 6 14 1 62 158 138 175 30 87 136 66 150 113 92 175 194 152 208 249 222 226 51 106 37 190 182 43 54 39 194 111 57 59 69 228 165 48 114 233 17 
167 34 251 220 159 15 32 201 239 174 124 98 55 90 223 152 246 88 236 95 253 193 152 159 235 48 249 130 208 115 153 177 10 46 196 126 255 43 23 67 248 32 37 139 110 181 159 233 39 130 244 190 18 97 150 223 130 15 189 249 175 211 164 22 159 63 104 127 185 152 95 85 23 45 38 121 154 15 34 252 123 218 199 255 221 83 46 2 98 70 157 34 30 105 150 119 194 174 192 9 194 34 14 198 255 252 246 156 109 81 102 208 119 241 13 4 136 18 151 211 180 159 24 232 47 142 232 235 
124 252 107 222 20 205 238 229 210 76 9 143 106 245 194 23 87 16 88 45 217 146 255 82 175 250 151 62 97 200 9 126 42 37 107 207 157 57 174 161 166 192 35 205 64 183 5 6 138 114 153 106 107 0 214 73 151 75 15 155 209 191 238 7 30 154 72 81 100 111 75 14 247 81 48 175 115 166 173 27 206 2 37 212 161 78 233 84 60 148 43 81 127 64 227 159 172 198 18 77 68 203 223 152 167 254 196 200 174 231 201 199 246 242 64 78 114 115 109 41 189 237 104 248 53 87 213 179 
154 170 207 45 209 247 96 143 33 228 100 237 110 54 54 128 29 60 190 155 154 25 130 236 97 229 225 139 254 27 129 245 149 119 61 144 183 64 119 30 187 111 101 84 166 110 249 29 163 91 191 141 189 185 106 227 22 86 250 176 113 200 137 85 94 64 176 252 178 193 245 22 191 46 146 71 190 160 29 228 236 247 1 169 149 162 173 191 165 139 115 179 175 237 3 171 126 52 108 112 174 200 19 122 0 51 217 56 21 102 55 25 115 87 116 117 253 43 252 114 195 62 25 98 142 127 8 3 
13 78 164 11 70 201 6 253 174 95 212 247 182 254 206 95 156 44 16 92 223 99 147 44 203 78 81 112 208 168 6 50 18 179 243 13 247 56 252 80 15 125 249 126 222 202 112 115 89 134 227 203 81 188 152 129 29 31 182 40 213 131 249 165 121 10 197 227 18 218 103 6 100 88 94 109 196 172 179 35 8 200 158 0 143 150 31 17 182 163 52 114 183 111 100 130 145 22 40 199 196 77 194 185 173 92 105 120 47 35 11 17 48 23 152 254 213 140 51 245 218 227 29 40 21 199 163 224 
168 145 77 15 241 189 229 239 171 142 109 205 37 205 215 31 14 52 134 100 28 233 123 5 173 246 224 251 135 71 198 30 224 177 168 155 112 79 240 17 205 60 97 8 172 66 162 164 88 68 156 43 251 140 240 99 7 147 210 190 163 26 161 123 213 57 130 199 245 179 87 68 44 0 99 135 109 100 47 29 75 67 48 54 124 80 141 238 117 108 245 24 32 6 25 163 235 164 11 26 176 224 176 56 109 100 63 77 237 178 136 73 31 227 193 85 57 211 52 13 247 209 64 158 105 241 215 147 
0 161 77 91 138 239 59 154 130 132 247 115 210 233 10 54 188 223 124 95 169 44 108 184 51 156 129 52 106 206 182 105 94 96 84 152 21 16 27 226 208 176 247 228 133 158 156 149 241 34 71 115 108 161 41 75 178 187 158 249 133 182 124 168 179 32 156 119 71 144 25 46 211 114 33 11 10 242 139 202 83 61 138 4 27 150 156 54 2 87 80 232 218 122 118 23 85 33 177 232 1 133 246 139 203 8 126 222 235 72 117 52 253 46 96 195 209 92 18 21 128 1 6 147 150 97 73 81 
234 223 170 203 198 24 86 94 194 47 29 184 1 6 220 146 110 65 152 29 240 123 32 9 109 46 244 208 36 222 32 225 163 129 119 23 47 203 247 27 113 39 162 238 27 77 104 143 187 23 150 100 99 3 96 227 15 183 230 76 86 135 93 98 151 59 220 51 229 174 131 99 97 113 91 193 72 112 173 32 7 49 14 89 156 189 136 89 5 112 188 121 95 162 195 130 176 10 179 254 42 78 126 160 68 159 0 249 54 127 20 210 164 86 94 209 167 184 76 249 211 211 13 220 4 80 244 58 
165 47 255 54 221 107 42 81 116 17 221 27 31 237 63 235 136 247 74 130 129 81 112 163 132 210 139 120 217 45 235 204 206 255 136 146 251 103 212 1 166 92 156 228 152 89 8 77 255 236 82 153 237 7 2 226 168 136 82 222 169 142 180 101 148 12 140 91 33 113 132 244 140 21 125 30 142 222 105 101 68 148 25 25 100 197 247 30 118 23 79 16 203 241 226 87 68 233 95 34 118 164 102 13 226 77 29 224 211 37 43 30 3 216 230 92 72 122 29 242 74 246 6 91 134 210 112 233 
43 55 116 217 7 148 230 239 160 12 42 125 221 177 97 143 160 159 10 59 223 222 113 209 159 62 117 107 226 62 32 49 127 113 138 74 227 149 211 179 31 43 80 160 96 15 51 28 141 209 211 14 253 183 238 30 10 195 192 212 141 174 59 195 118 142 35 228 160 17 241 118 235 20 126 79 60 119 15 145 10 183 130 234 220 31 137 223 245 89 33 109 47 20 51 69 151 129 183 217 23 212 105 15 188 127 15 18 24 94 212 216 141 249 234 52 137 190 175 170 225 121 143 95 221 74 11 22 
96 103 9 54 89 77 225 77 102 159 121 69 19 29 37 173 178 246 34 147 222 182 54 158 47 202 109 4 68 92 19 159 47 72 237 83 21 225 207 254 90 187 35 207 67 7 176 212 22 148 239 135 199 42 243 40 158 221 108 213 61 90 4 189 85 151 110 76 135 1 119 188 81 207 67 249 16 80 33 74 159 236 90 65 142 168 204 13 232 7 131 221 16 37 241 211 106 3 211 82 98 157 245 38 83 52 46 18 106 77 30 215 145 82 246 11 242 168 88 45 165 254 46 182 143 101 88 68 
110 223 53 70 31 185 225 30 162 105 204 189 116 13 50 250 242 230 97 6 124 203 15 246 146 21 212 62 203 35 169 56 40 116 12 3 106 176 3 125 45 51 7 19 215 69 173 17 242 156 10 45 83 215 93 200 156 138 48 7 34 145 158 97 158 165 96 182 199 28 224 92 154 99 131 6 16 161 0 248 64 156 36 236 222 109 43 244 40 122 244 231 0 101 143 125 146 57 187 201 222 96 17 214 55 95 225 170 142 46 235 226 69 53 122 27 30 77 111 14 77 228 105 12 211 99 53 165 
166 29 32 41 100 14 144 143 55 132 30 43 17 240 45 245 32 36 237 1 230 28 115 224 5 180 73 102 209 32 187 58 246 139 224 66 168 51 83 42 57 46 153 191 111 133 143 27 239 243 224 227 117 144 50 75 125 254 251 2 111 110 229 108 241 153 84 33 50 242 190 237 3 167 214 39 220 129 218 82 187 169 35 245 46 237 212 9 168 210 223 77 35 206 174 98 123 9 21 228 67 110 136 2 131 213 124 239 55 24 185 122 173 149 144 116 178 4 224 28 44 51 183 32 217 40 42 134 
198 171 163 153 244 126 170 205 175 21 133 156 97 76 24 160 119 65 35 11 235 32 95 132 253 41 216 239 123 209 79 3 107 34 57 35 95 61 32 169 125 168 54 243 14 226 65 48 99 120 110 212 11 166 174 65 49 32 133 143 214 48 176 250 151 223 186 103 129 242 97 25 217 230 235 193 108 172 76 103 15 239 46 195 65 107 248 156 202 77 187 140 221 43 168 116 156 20 20 85 105 177 206 131 70 67 134 143 116 80 141 0 187 12 136 137 111 10 244 226 134 68 80 92 172 6 176 246 
53 118 194 179 89 120 23 83 255 237 187 51 165 154 187 81 46 214 64 163 147 120 175 240 223 137 182 253 135 228 16 235 248 134 32 142 249 106 93 232 102 178 177 72 244 69 131 133 46 197 79 157 255 120 79 133 192 172 183 212 101 86 24 34 204 129 46 98 249 97 100 13 107 54 41 248 126 13 138 27 219 22 54 95 125 120 29 131 74 210 113 179 122 57 58 224 138 129 145 93 167 132 27 81 94 230 72 159 116 252 74 248 144 99 15 32 228 16 110 164 219 150 221 245 182 65 54 235 
198 115 201 61 38 195 176 14 139 184 129 192 114 10 68 104 225 71 132 51 30 181 101 34 1 76 247 42 214 99 147 177 177 141 131 176 31 153 52 92 70 172 107 165 33 17 106 8 22 228 5 61 145 247 59 212 239 94 32 43 33 134 7 75 114 105 128 181 67 12 128 57 38 225 55 253 12 232 20 138 121 164 7 121 215 50 123 40 98 192 65 81 20 134 113 86 117 64 38 121 211 124 194 161 114 3 246 116 129 102 42 34 53 208 79 219 238 162 19 175 246 104 236 224 236 110 19 87 
158 249 143 91 140 140 176 144 102 244 60 32 184 119 15 121 21 241 188 103 195 215 253 50 184 139 66 22 230 251 90 206 100 241 115 214 68 189 237 177 28 230 245 201 138 1 153 30 175 181 28 36 66 116 173 136 148 16 251 206 98 198 112 132 153 83 172 160 124 70 192 70 150 222 48 56 20 185 221 117 49 183 135 173 199 241 121 50 149 18 134 34 185 199 209 31 187 125 44 75 65 130 177 212 84 25 47 41 240 226 77 217 231 199 130 85 231 32 184 3 94 6 253 221 222 194 180 91 
248 164 102 95 193 50 41 99 186 98 54 220 146 55 46 109 30 134 76 145 42 171 199 68 199 5 212 173 37 160 9 166 97 154 253 252 242 88 240 116 44 123 197 195 63 154 10 89 115 237 11 128 153 179 85 183 250 95 248 27 44 83 145 100 147 248 23 229 210 202 14 58 45 236 75 193 198 31 119 6 253 166 137 170 55 106 129 37 128 135 16 43 129 80 240 179 122 38 237 39 63 230 18 211 129 219 63 151 58 190 197 157 209 148 85 141 226 5 27 90 218 141 67 24 78 188 17 140 
70 15 242 186 125 12 226 112 52 123 49 188 54 53 114 14 247 248 252 224 87 41 134 20 139 178 78 84 134 198 230 183 0 178 250 244 220 141 167 176 38 100 141 248 137 214 70 115 78 101 111 186 2 2 142 131 254 123 220 49 60 7 0 6 142 157 197 130 114 74 180 225 94 178 190 214 23 150 139 0 188 105 228 158 34 229 22 25 158 17 254 61 62 122 74 132 164 109 57 217 86 99 4 135 94 18 239 158 3 213 35 188 7 5 93 202 255 104 55 61 154 129 139 232 89 240 80 154 
116 56 148 160 128 228 214 249 174 116 241 42 50 211 136 151 140 40 86 146 124 43 254 187 149 56 196 115 38 57 188 75 146 236 195 133 179 253 43 73 203 142 176 163 230 30 100 240 163 66 166 85 77 189 126 119 83 204 240 12 36 169 154 11 46 6 104 242 79 46 191 196 77 138 69 170 202 105 192 176 224 127 6 34 95 11 216 245 153 133 58 223 124 99 38 183 244 116 154 123 9 83 79 91 245 214 235 188 206 8 111 128 73 210 11 57 67 115 249 48 12 78 167 28 213 140 160 48 
255 206 247 11 56 143 103 144 203 31 253 131 196 194 127 197 146 231 102 14 202 179 190 174 83 134 174 57 204 114 16 29 8 86 205 173 193 52 222 94 111 157 76 205 11 108 150 50 241 221 74 85 51 101 105 128 80 5 20 174 196 62 84 46 232 42 82 17 35 148 131 249 122 251 166 15 217 205 128 141 69 153 182 146 137 119 119 203 233 102 166 146 181 58 61 160 232 96 170 49 106 151 195 43 204 78 88 191 206 19 26 205 194 201 62 213 145 81 230 238 98 64 232 250 65 232 2 251 
244 76 136 24 220 93 123 195 199 77 137 61 250 122 179 99 70 116 232 20 185 96 43 224 87 41 118 53 53 229 182 34 202 88 235 244 23 211 34 27 81 103 95 46 149 136 27 179 231 109 252 59 60 6 199 18 119 251 208 231 43 8 58 48 171 151 168 120 78 204 125 66 240 113 203 128 93 188 235 3 184 148 201 37 15 14 134 59 113 197 107 233 193 76 243 142 87 104 149 218 43 185 220 227 222 221 107 26 201 55 196 147 217 150 111 112 75 109 115 176 2 28 226 223 105 34 84 100 
128 134 158 138 136 80 144 78 246 157 224 46 94 14 188 208 75 189 117 195 74 246 200 229 207 146 0 141 210 50 213 152 111 31 202 177 33 238 57 29 178 206 30 149 22 203 95 75 49 46 33 193 55 241 127 215 45 46 11 38 89 48 187 240 136 132 205 196 46 103 233 98 149 2 193 85 222 233 83 177 149 182 139 98 97 211 196 63 157 207 27 155 158 68 0 30 33 8 34 5 149 241 70 46 151 86 88 201 237 1 125 111 243 207 207 203 107 138 66 80 124 203 7 144 34 18 132 66 
156 140 117 234 251 4 48 213 18 82 40 242 239 174 144 26 251 28 15 198 255 86 98 147 170 71 50 150 90 197 166 217 109 59 142 200 9 158 90 33 60 241 191 132 60 209 240 224 42 205 48 213 46 169 59 138 129 122 45 142 130 70 86 177 125 8 52 45 122 232 93 46 214 74 12 212 40 243 156 212 131 147 235 66 128 129 207 24 113 47 5 252 212 234 70 164 166 147 224 228 33 98 245 27 180 233 16 96 239 43 220 196 151 86 88 136 179 75 62 199 159 170 216 109 195 105 206 66 
217 161 86 130 254 120 153 236 37 58 247 211 174 95 43 41 172 25 250 124 220 148 208 116 147 210 50 42 206 180 13 117 83 174 226 10 46 216 5 231 197 70 56 255 117 191 89 30 124 97 135 38 198 9 252 62 74 148 145 210 106 177 200 82 175 114 60 210 150 164 94 17 77 115 151 12 106 145 61 242 48 203 102 119 86 110 170 254 144 4 32 146 11 103 140 63 105 203 150 15 66 144 90 245 203 95 18 11 31 106 11 37 188 42 221 99 201 152 186 147 181 109 103 195 178 0 84 18 
168 254 129 151 71 216 210 50 220 182 77 90 223 130 165 242 12 215 249 152 18 128 128 193 57 8 155 46 8 55 14 59 184 199 57 102 128 27 70 123 88 238 120 133 173 226 253 18 167 255 175 39 165 146 102 133 253 241 129 142 44 212 89 37 86 189 21 16 201 3 255 231 84 153 120 190 254 44 57 99 145 194 137 41 130 42 21 117 48 61 86 220 71 68 18 28 253 41 92 148 181 154 204 203 193 203 81 222 193 179 181 194 246 191 18 151 222 64 253 75 241 11 148 122 134 2 86 245 
102 32 40 40 191 85 61 128 175 210 72 180 13 175 52 3 239 2 176 227 235 247 0 13 49 151 23 11 224 206 208 139 178 5 125 236 155 206 95 158 94 63 246 153 88 148 73 72 17 159 223 155 119 179 68 92 59 177 14 32 4 135 203 237 15 142 174 198 159 23 100 150 4 22 201 255 158 67 223 116 139 122 157 155 179 33 63 30 30 208 113 53 128 126 119 222 90 226 241 75 22 213 94 135 53 214 217 79 207 82 113 117 196 10 152 101 253 183 238 114 65 224 79 66 168 59 24 212 
42 216 154 18 180 14 8 102 5 108 3 83 176 70 225 108 20 165 170 238 112 226 1 108 68 102 195 115 194 246 76 220 255 120 230 16 150 234 176 237 198 251 98 134 176 7 11 232 186 94 134 119 180 48 133 20 177 181 82 159 121 78 236 43 199 217 164 211 74 209 190 232 157 229 89 100 242 61 107 117 4 89 184 225 177 98 101 144 223 159 141 255 171 13 238 99 253 56 66 11 46 44 79 156 154 240 230 251 244 227 232 74 171 95 135 45 27 32 102 129 10 4 177 235 49 117 133 47 
159 39 63 153 96 154 63 205 112 64 238 72 118 64 112 131 146 146 22 181 146 224 214 164 216 254 123 115 122 85 100 200 129 82 234 54 198 94 90 181 146 180 82 231 47 20 105 29 214 46 253 3 46 227 178 18 4 6 166 6 200 56 234 223 25 255 56 209 238 33 5 89 148 23 140 198 243 204 236 241 88 193 191 167 252 9 199 212 67 185 240 71 66 27 124 234 27 192 117 69 54 198 136 255 225 217 93 245 55 219 247 141 61 112 60 31 228 226 97 85 151 76 69 85 51 220 151 89 
231 231 130 240 141 247 252 46 214 96 110 203 119 38 57 93 100 14 151 241 181 247 211 173 138 61 78 54 168 81 136 30 174 56 63 221 22 191 51 254 39 114 35 231 91 65 244 197 246 158 255 251 7 247 245 95 173 120 45 23 47 217 11 169 21 93 117 9 145 44 246 38 11 132 41 214 240 236 60 170 71 105 50 173 251 228 247 219 66 207 251 79 93 119 1 251 28 228 37 97 37 44 232 162 151 4 222 14 192 58 133 67 216 217 121 242 66 20 82 198 54 82 237 100 80 100 11 178 
23 28 248 100 170 35 113 231 240 151 30 203 185 190 239 220 217 7 30 62 192 162 89 23 152 189 161 78 206 227 12 251 72 180 69 6 129 29 159 204 244 140 74 197 70 78 123 111 158 201 121 33 217 190 136 167 64 67 150 175 105 101 245 119 45 5 33 34 160 40 209 221 148 159 116 27 41 105 200 13 61 233 29 6 250 251 89 35 68 204 251 180 221 174 253 23 232 146 231 199 68 144 40 99 219 7 43 152 211 47 111 58 61 160 197 68 62 104 114 172 131 50 175 83 122 235 183 108 
177 117 162 175 91 249 178 62 190 240 129 196 62 206 108 177 92 84 184 215 5 211 163 196 119 35 53 130 39 79 141 112 69 167 190 246 108 113 100 165 115 238 236 69 148 166 158 235 79 69 45 101 232 179 250 113 134 9 113 52 143 131 231 93 38 247 155 30 227 143 185 180 34 115 245 86 179 46 1 116 169 108 89 155 173 205 198 244 22 158 147 7 194 143 243 152 100 39 101 247 10 134 143 141 189 247 56 20 44 86 109 178 60 135 67 26 228 83 6 47 157 214 46 92 231 82 230 132 
79 75 158 28 172 80 93 106 68 247 184 18 213 103 74 104 63 195 117 15 252 206 88 125 10 52 83 60 161 144 10 217 34 106 209 161 138 154 178 126 96 216 98 77 241 125 214 55 249 158 65 251 15 78 25 221 229 16 141 107 124 252 105 147 148 205 104 143 228 12 200 113 205 247 214 230 125 192 102 28 45 11 76 92 240 98 66 233 78 235 219 78 60 236 149 252 169 251 79 80 22 22 181 193 66 61 4 199 201 25 171 173 105 164 143 163 2 186 247 191 204 164 65 81 182 46 94 26 
111 35 188 187 143 63 82 90 79 246 2 146 159 120 47 191 165 29 210 184 8 228 34 54 2 64 77 98 167 165 90 73 89 114 181 193 207 122 247 182 13 151 131 89 44 195 20 24 38 248 220 156 240 79 107 236 123 105 101 116 196 160 48 233 149 127 183 133 53 83 237 189 154 50 116 207 255 116 242 132 51 56 79 165 3 198 212 134 47 200 98 125 241 210 233 53 93 41 121 136 150 214 170 130 144 172 205 75 53 194 122 210 134 162 242 49 156 240 58 107 162 251 144 80 5 243 57 117 
195 173 42 20 49 28 86 106 129 78 0 227 20 43 236 160 88 151 215 186 147 100 73 123 51 109 117 215 113 219 244 170 159 187 217 9 35 235 9 209 143 12 61 111 235 131 133 216 175 128 237 0 134 103 49 19 149 84 107 181 106 208 247 202 69 154 244 254 28 187 146 244 141 129 95 89 161 4 146 47 49 234 168 58 171 146 108 194 58 70 65 166 11 74 251 200 7 15 119 95 109 6 69 110 132 9 52 228 229 65 207 209 116 199 99 115 82 231 35 91 236 217 22 44 76 233 109 247 
94 37 86 57 71 208 71 10 39 218 173 201 153 180 115 134 23 124 18 239 218 91 16 92 75 57 250 33 199 5 251 119 178 45 8 154 240 138 251 35 231 201 243 180 167 8 72 31 16 122 216 250 217 4 45 23 250 34 136 197 8 2 209 238 14 236 110 240 251 222 38 82 139 222 212 161 57 223 177 170 60 224 53 138 28 43 73 69 96 40 169 27 84 206 60 112 135 123 17 176 231 58 76 114 84 129 120 105 81 4 28 69 43 30 134 23 41 217 8 104 224 108 115 57 228 173 216 242 
226 228 1 80 197 122 142 89 90 168 213 228 50 53 214 22 3 113 163 182 244 140 70 12 32 193 180 232 142 254 30 28 66 198 124 172 170 129 66 19 59 125 122 1 85 117 252 69 163 118 133 118 186 204 173 40 132 214 22 6 53 229 8 253 130 90 204 31 239 253 116 229 170 114 29 110 209 106 225 8 38 32 148 247 17 222 13 151 53 210 128 168 184 247 13 53 201 93 150 27 216 252 176 3 156 108 180 240 141 162 169 251 116 53 26 94 144 203 169 175 184 148 6 57 7 16 45 249 
146 247 65 142 126 67 197 55 106 76 66 31 209 82 177 21 162 235 91 112 24 167 47 15 128 16 55 50 58 150 196 230 47 232 98 188 174 38 67 161 190 88 5 231 134 101 144 239 222 188 56 187 247 254 161 210 194 40 147 109 102 23 35 54 138 158 188 110 181 152 171 68 181 119 190 19 85 169 172 135 134 202 129 197 69 87 222 135 82 218 13 204 15 138 250 243 14 40 131 211 101 98 15 232 254 72 25 182 9 183 146 131 17 208 25 251 55 28 177 136 170 44 13 251 6 111 196 133 
152 21 233 207 221 162 197 55 205 146 152 51 219 0 38 90 89 19 130 149 146 204 152 129 211 57 113 191 240 166 244 254 238 131 128 41 32 2 227 132 125 152 45 34 93 138 252 159 71 13 22 200 248 221 246 61 150 225 26 219 152 145 153 27 103 241 4 164 137 238 240 242 74 154 71 32 119 21 150 218 45 44 208 124 106 6 9 126 97 219 11 65 231 164 146 164 90 119 171 199 39 38 173 172 56 252 28 175 134 130 142 187 23 37 202 220 227 182 125 74 189 95 13 97 91 218 203 46 
215 91 228 177 66 92 248 196 253 246 156 194 60 226 102 12 161 119 145 203 78 145 187 65 136 1 38 176 224 43 105 89 255 162 133 72 95 37 53 239 15 32 30 243 27 24 92 8 120 80 18 184 233 7 26 171 86 21 50 153 212 221 139 255 26 151 150 30 187 203 88 103 120 217 253 6 221 16 199 9 169 0 157 13 81 42 152 100 51 202 127 70 6 244 163 212 25 234 55 196 124 7 226 193 223 166 102 180 113 214 84 138 41 27 194 137 175 20 255 143 69 85 184 77 31 133 91 235 
135 133 48 50 198 188 18 152 214 101 193 65 178 53 12 0 4 197 142 127 119 137 246 222 187 244 249 44 3 38 185 163 184 183 78 115 118 152 171 78 51 241 91 61 198 113 36 142 69 181 154 120 242 202 157 149 162 148 65 141 8 141 209 91 155 2 182 36 197 150 204 145 140 39 76 35 96 172 155 88 24 80 54 204 18 237 244 57 241 139 157 200 89 116 154 170 123 240 186 2 140 137 172 114 221 108 183 13 143 45 51 134 18 30 23 237 132 158 94 26 233 35 149 64 156 233 168 162 
190 82 170 165 250 64 107 239 216 213 164 226 213 135 63 187 127 176 104 171 233 160 5 44 177 167 136 44 137 216 14 208 197 178 169 141 26 104 5 129 9 66 182 125 57 43 244 202 110 71 16 116 234 95 5 63 29 149 177 223 84 7 58 134 26 125 138 182 207 252 79 89 100 143 151 205 50 195 153 168 190 100 41 133 40 93 195 60 176 55 115 236 100 176 17 159 9 147 208 53 176 169 80 179 151 123 124 218 147 249 218 0 127 33 210 215 238 136 239 182 209 16 220 81 104 191 188 104 
12 234 144 121 228 42 232 51 235 182 102 8 165 208 189 103 172 109 120 152 159 13 189 227 149 123 112 179 89 179 208 79 119 219 97 179 46 133 9 242 111 80 169 27 59 133 105 211 18 183 4 13 206 101 16 69 109 243 37 196 170 89 112 71 101 145 163 175 14 175 110 183 130 214 88 56 148 1 224 127 222 43 72 112 144 221 27 85 203 36 5 238 229 145 195 225 200 131 86 33 132 91 83 176 70 79 171 241 243 177 87 133 23 202 40 76 111 44 133 39 205 205 150 55 227 90 5 194 
76 245 190 225 166 71 83 110 92 101 43 242 23 231 8 193 159 13 253 103 198 71 140 55 66 212 177 51 192 74 123 141 109 131 215 145 242 217 0 42 84 95 56 53 123 167 143 147 244 49 243 230 35 246 255 17 181 156 31 213 165 26 8 149 50 251 231 162 153 17 191 17 238 159 103 17 50 127 4 97 40 121 23 120 12 126 177 169 72 121 191 186 48 78 65 0 237 138 230 170 125 247 179 12 212 177 175 251 103 96 71 90 225 151 154 5 56 34 8 48 33 172 192 225 97 58 0 65 
134 123 139 133 189 137 193 137 90 189 88 47 22 36 87 168 75 250 49 25 201 18 21 61 231 140 90 175 0 157 251 53 84 39 126 247 199 168 66 204 198 252 94 108 157 246 175 64 130 234 152 243 28 15 65 118 244 232 224 34 149 108 204 33 11 137 168 173 24 128 174 1 24 82 122 0 139 248 78 101 254 80 215 46 25 82 200 124 8 160 190 211 73 23 190 176 218 204 99 33 232 42 227 114 86 230 55 218 99 38 30 232 61 163 80 165 33 208 247 187 195 146 105 244 156 47 134 30 
225 118 121 218 155 34 237 219 41 167 117 119 165 252 44 94 62 64 255 144 203 127 104 118 86 85 107 84 105 136 136 71 141 84 60 12 15 140 97 102 251 10 187 115 241 93 118 4 125 10 9 133 147 160 183 62 11 17 156 231 178 159 116 121 192 135 193 254 184 242 13 238 241 166 71 79 170 200 150 73 152 27 210 150 149 175 116 240 169 59 1 198 23 95 120 239 63 57 121 46 214 3 91 166 31 64 84 53 28 126 42 55 150 84 69 237 71 173 225 76 90 65 24 112 203 33 108 139 
43 74 29 219 190 230 184 196 123 228 119 83 28 13 18 209 21 71 205 142 161 187 190 244 117 62 251 11 233 45 147 60 2 110 143 34 168 52 34 115 236 206 227 157 169 24 45 72 3 68 67 90 139 187 32 30 101 153 149 248 59 66 250 53 56 92 90 173 88 113 241 179 205 41 217 151 196 97 33 28 84 7 193 139 138 160 42 29 161 4 125 111 197 245 51 201 148 148 72 208 8 59 85 45 187 80 249 240 175 188 116 92 166 185 114 77 27 242 41 47 62 179 211 125 200 81 52 31 
82 55 132 240 16 173 94 74 180 185 217 13 113 145 22 38 55 31 81 118 2 38 26 149 60 130 84 14 121 121 203 43 45 152 6 127 45 48 18 43 58 85 116 20 40 203 91 9 151 135 182 95 147 166 101 62 85 162 115 144 59 231 209 131 20 189 66 35 14 252 248 68 78 236 95 65 253 176 255 141 117 216 229 136 116 183 168 44 172 229 137 138 220 245 243 61 17 126 177 12 165 140 64 63 156 166 193 236 199 253 18 107 105 163 113 110 18 13 142 249 129 44 128 47 149 160 2 218 
182 69 42 65 123 173 100 9 246 56 241 131 119 9 192 232 113 9 19 35 255 224 205 224 205 37 81 44 81 26 113 142 148 13 63 46 194 255 130 173 7 188 79 28 237 99 194 76 188 76 183 74 31 229 183 224 130 62 196 73 49 83 107 71 143 218 143 53 141 78 5 142 92 79 151 158 71 80 242 187 26 165 150 95 66 95 119 170 6 165 41 191 121 77 199 119 164 195 91 98 83 239 191 20 52 234 200 92 199 9 15 184 253 209 38 220 132 56 31 86 132 199 81 75 23 15 13 179 
159 24 120 227 237 103 168 204 33 247 126 104 194 59 213 248 145 222 159 180 223 226 4 6 90 42 120 113 249 110 138 214 64 231 43 150 152 244 190 96 23 253 229 181 48 234 118 46 94 52 143 91 47 152 122 224 145 69 108 101 68 75 2 112 76 218 107 220 66 24 189 235 220 17 191 11 85 53 183 60 173 88 13 162 234 68 1 180 241 66 163 1 101 238 101 239 177 159 221 168 11 67 215 204 2 153 186 211 155 4 146 187 51 255 52 185 19 185 233 179 123 168 57 179 212 169 18 83 
14 20 25 105 230 97 204 106 67 244 89 167 106 3 80 94 34 17 175 105 236 204 85 169 187 141 3 111 125 117 81 190 184 124 24 99 87 143 191 151 72 169 160 22 0 54 183 206 8 142 249 162 180 152 194 39 146 90 141 101 48 201 162 100 14 77 168 95 148 76 110 176 88 250 74 221 203 196 88 146 163 32 201 46 148 174 248 145 22 227 230 26 40 40 186 124 131 191 91 64 156 93 205 236 65 106 101 255 49 66 94 184 64 172 122 166 218 175 133 2 133 75 218 193 31 158 156 214 
148 51 9 57 43 214 243 33 39 183 173 175 168 51 131 177 218 71 45 5 5 196 240 33 8 85 226 62 232 103 5 113 89 44 73 100 13 121 202 129 82 194 200 29 193 54 178 124 153 98 222 236 249 173 131 49 8 6 97 232 70 241 159 23 46 115 184 239 159 75 237 234 111 218 159 254 242 54 25 54 101 226 162 91 178 43 29 117 185 164 93 45 243 241 69 181 86 29 20 224 51 204 132 27 197 94 146 177 239 168 34 245 153 60 184 189 120 78 139 180 10 52 177 193 252 162 135 181 
81 250 208 101 237 2 45 138 75 100 93 150 205 200 151 87 157 163 164 136 174 130 208 115 109 180 96 174 251 48 176 226 94 182 111 25 105 249 204 24 78 125 195 40 60 47 163 193 3 23 238 248 104 206 10 84 110 215 96 57 55 65 11 79 152 95 109 115 65 128 91 247 78 168 233 73 188 87 72 254 32 100 8 190 57 237 228 80 216 134 205 143 158 242 56 150 103 191 48 161 141 87 158 117 87 116 189 127 235 68 189 225 53 51 59 30 145 3 4 211 85 100 75 110 227 145 210 7 
148 152 41 197 168 55 211 189 136 5 125 243 158 101 43 78 112 116 160 247 254 233 159 81 251 152 221 37 238 213 207 197 58 36 223 103 231 120 223 63 108 49 121 215 60 53 110 32 52 55 157 75 78 175 121 157 48 180 241 215 131 248 116 25 33 245 141 96 124 160 184 4 62 90 126 163 127 155 220 254 241 59 233 244 190 140 79 250 124 188 3 227 238 95 163 39 116 168 110 147 175 48 133 229 177 195 231 168 34 38 129 62 186 130 90 216 118 49 198 4 202 168 52 227 130 126 134 37 
198 56 136 14 45 165 35 237 102 109 139 227 130 164 148 120 108 220 3 79 180 38 9 101 224 80 178 122 63 112 222 178 97 150 254 12 84 88 31 246 81 96 85 98 107 47 117 123 233 66 200 181 116 92 172 237 221 1 142 122 46 58 167 230 90 170 11 192 9 40 141 33 104 11 98 161 7 156 39 172 112 44 137 116 62 190 82 172 11 86 74 108 205 28 50 234 87 74 192 209 220 93 41 176 177 252 38 81 107 56 212 189 80 39 191 244 49 152 163 232 21 225 25 246 132 121 62 131 
23 106 209 89 1 65 193 74 166 203 170 153 19 27 235 90 61 119 17 249 113 33 67 25 144 98 9 158 87 86 148 85 214 214 53 107 212 208 176 166 142 167 144 108 228 65 92 239 11 60 23 53 138 23 38 166 215 19 85 207 248 131 0 25 189 235 233 232 68 32 127 50 209 119 104 207 8 78 215 208 126 36 101 28 123 145 27 229 133 166 33 122 84 216 157 96 247 159 151 240 9 122 171 65 152 132 37 212 239 15 107 108 102 218 37 50 34 127 155 196 175 208 4 37 139 36 207 103 
13 87 197 38 41 131 121 59 153 229 89 220 237 43 154 56 4 248 194 168 47 4 235 33 169 61 218 51 211 26 168 177 108 53 134 135 146 12 212 190 69 55 195 70 253 202 175 13 150 121 101 110 92 150 218 99 109 165 45 208 235 167 119 1 108 136 217 57 161 126 49 186 99 160 238 42 80 125 54 139 15 58 214 177 185 28 164 29 221 9 98 45 23 22 106 41 99 28 2 195 43 1 97 241 103 172 147 100 171 45 178 74 101 172 85 112 161 52 45 47 228 196 4 183 131 208 125 225 
225 115 3 98 143 72 80 187 10 100 23 61 170 69 122 37 198 200 29 252 46 188 176 3 79 100 29 1 84 213 106 225 211 151 7 35 195 204 202 115 238 153 8 247 106 53 218 205 90 22 147 27 35 9 228 118 244 177 84 91 254 4 45 161 199 245 55 129 158 226 29 115 181 59 140 21 188 252 242 234 177 166 83 156 12 39 149 136 2 81 238 246 170 80 158 138 185 207 111 127 56 20 107 165 16 68 46 239 225 248 136 229 120 201 201 200 27 255 145 222 250 80 203 10 23 233 40 194 
180 74 171 101 180 42 226 190 46 132 65 104 98 117 167 53 87 124 235 142 93 70 80 117 34 198 188 88 197 227 188 60 141 38 78 197 52 55 177 218 255 98 44 190 249 80 38 199 147 148 206 170 77 186 96 173 110 186 116 254 76 150 29 213 158 190 145 75 224 7 220 44 147 233 133 85 237 163 100 103 206 103 239 157 145 195 189 107 75 184 150 35 186 199 21 60 239 97 74 164 25 127 160 13 250 89 238 8 29 200 157 232 103 145 205 140 80 103 87 247 136 165 43 72 135 145 208 19 
97 140 44 233 228 195 225 172 245 149 2 205 113 98 24 20 234 83 218 219 227 95 115 33 59 74 13 207 226 55 138 178 155 156 127 92 43 60 33 171 53 253 71 93 228 63 147 115 71 43 83 6 174 49 110 172 110 22 122 94 60 189 89 60 100 161 149 53 72 253 112 114 50 251 153 76 128 193 89 234 52 201 88 42 47 170 219 250 18 26 198 127 94 163 91 97 210 138 57 36 153 198 51 195 171 74 21 140 210 179 193 0 147 132 111 191 177 231 171 86 8 244 240 180 108 208 197 255 
253 185 20 3 214 145 16 185 122 47 255 16 46 100 42 20 252 97 139 114 197 231 175 25 162 160 68 231 15 6 35 71 30 188 238 51 151 78 171 202 253 114 229 96 12 138 108 205 248 183 39 84 227 218 220 11 29 248 102 181 1 204 170 8 149 136 44 5 115 10 57 135 110 15 128 55 85 242 40 24 43 244 7 75 8 3 175 69 3 195 164 247 233 80 249 130 60 203 203 21 72 18 62 91 149 243 121 44 241 183 99 6 245 74 216 65 20 145 96 192 250 33 226 217 188 219 158 60 
221 33 130 87 199 3 225 87 53 224 202 172 228 247 55 231 242 94 226 88 189 139 141 13 164 148 185 135 60 42 248 224 228 101 36 202 174 223 88 2 114 212 55 250 184 123 153 71 140 3 14 138 59 146 252 201 85 135 169 3 41 9 215 152 196 169 54 194 111 85 40 203 83 133 65 119 64 98 70 93 150 67 100 243 63 144 203 175 158 202 135 232 192 28 56 57 161 87 152 8 84 242 191 3 25 0 55 229 170 202 136 98 16 174 50 185 222 73 7 219 223 70 184 12 110 43 91 98 
80 5 113 254 58 71 20 14 40 233 172 98 86 104 230 131 206 56 69 42 139 216 142 200 228 154 244 117 85 102 14 88 152 31 24 188 135 120 186 171 79 135 160 6 34 105 176 110 48 33 126 131 45 65 22 137 64 5 129 60 224 135 13 131 2 13 157 16 65 84 39 144 98 130 44 122 39 116 39 23 109 250 18 113 79 65 159 133 137 122 216 30 99 159 103 218 84 113 186 248 51 188 229 246 162 108 250 7 184 13 233 117 59 187 159 157 253 74 201 230 81 173 148 86 164 180 194 221 
41 47 20 56 112 69 110 227 223 136 48 159 70 227 187 91 109 19 8 226 111 159 43 24 51 207 87 23 72 215 94 252 39 235 247 32 63 111 75 241 134 209 69 163 198 90 19 125 86 5 69 40 218 163 100 38 17 223 211 4 155 56 163 136 130 193 77 122 70 70 167 65 169 55 170 79 188 204 241 201 89 210 5 159 145 176 32 22 113 38 190 139 237 248 0 244 215 60 172 60 79 59 5 77 106 96 207 200 240 30 180 54 4 60 242 4 128 23 208 229 35 242 162 213 68 133 13 61 
16 36 113 240 126 121 133 193 231 24 211 131 29 113 201 206 139 102 255 163 41 165 5 169 11 133 185 2 245 95 219 3 138 67 191 202 182 89 18 180 207 189 45 232 116 163 50 74 140 52 104 148 30 87 215 177 36 251 7 26 169 161 155 246 75 248 67 158 108 37 44 218 76 50 19 88 116 254 33 164 1 157 145 200 70 59 215 160 40 222 181 54 228 129 44 26 222 159 146 203 212 72 56 229 79 178 22 138 85 31 77 253 127 162 158 86 229 28 77 162 139 233 125 245 219 205 3 157 
146 117 232 212 123 16 185 95 130 85 10 246 193 134 161 180 34 5 26 185 56 186 172 22 221 122 211 130 107 21 72 121 123 16 6 180 106 130 204 19 250 71 4 163 229 158 150 6 231 206 73 54 196 207 201 42 43 86 240 137 39 105 29 118 17 6 98 154 227 36 90 182 57 173 81 196 59 114 158 181 93 47 132 231 55 52 165 126 177 157 27 42 119 225 36 147 245 20 141 199 19 99 44 137 58 31 20 81 196 25 172 126 217 177 208 205 3 177 249 229 208 47 112 19 116 79 79 177 
147 49 68 227 97 205 11 126 42 208 211 238 109 4 162 90 146 160 234 76 126 253 114 81 9 61 155 48 142 214 140 28 30 143 56 85 223 49 179 20 183 201 104 183 140 193 30 88 138 162 61 184 168 50 105 207 187 117 57 244 225 189 162 8 26 1 225 255 84 33 211 107 44 133 151 212 153 197 72 218 232 8 97 139 150 93 161 200 38 107 122 118 110 189 201 219 57 239 99 94 75 166 7 84 162 38 48 240 33 237 242 255 51 139 48 154 28 111 116 197 57 151 71 193 78 22 146 223 
247 250 111 22 104 221 84 151 90 196 217 79 108 184 17 41 62 64 89 166 37 191 223 138 69 163 35 71 21 125 166 158 97 122 209 22 194 203 187 131 49 135 154 51 244 14 34 141 129 39 237 100 133 157 16 11 200 2 93 34 155 114 192 108 187 38 166 69 137 119 192 181 99 127 191 253 216 44 108 116 156 106 158 145 237 50 252 103 20 76 32 170 246 80 184 86 26 181 132 177 164 100 71 103 158 230 238 53 17 154 60 42 14 133 219 104 46 13 123 181 93 216 73 32 124 202 217 139 
123 69 100 133 36 31 137 128 235 0 28 135 233 120 183 172 166 243 151 42 197 176 0 65 94 199 49 81 201 30 240 131 13 148 201 207 16 217 165 26 253 85 142 189 234 58 2 32 159 91 20 154 159 177 34 9 72 180 250 254 251 115 150 57 112 135 32 83 18 250 224 27 197 54 178 139 221 60 39 156 253 55 158 19 118 173 246 148 139 53 138 128 229 215 47 154 251 62 201 128 196 48 101 252 132 44 32 160 89 37 47 198 76 168 128 94 239 95 251 199 213 152 119 152 40 236 148 168 
142 205 104 161 156 254 182 34 195 11 152 36 225 19 115 213 27 80 25 197 227 22 96 107 81 6 226 94 218 3 123 206 225 92 68 218 75 40 36 201 70 243 242 105 43 122 105 29 129 74 229 4 28 38 127 242 90 104 44 62 6 207 98 247 154 23 109 149 210 60 195 254 67 6 234 235 102 3 112 89 84 97 82 192 59 194 77 190 204 78 21 37 92 171 153 191 97 245 166 182 173 229 18 0 141 183 138 170 111 170 93 87 167 82 128 78 213 28 52 60 210 34 175 82 152 198 54 251 
125 185 55 198 14 215 92 180 170 128 212 243 148 248 108 133 225 237 193 217 155 5 198 182 228 120 21 84 154 10 145 21 70 149 2 119 248 93 237 234 244 167 83 152 212 36 160 54 152 79 139 165 124 220 240 51 219 173 210 30 208 124 44 247 145 54 122 228 22 212 150 113 241 24 116 26 23 73 131 97 45 128 124 233 229 245 249 82 73 138 124 44 163 144 169 217 153 125 32 84 88 252 33 89 1 93 203 226 108 41 231 7 4 92 42 249 93 247 113 238 206 232 5 136 192 117 136 135 
237 155 85 187 144 19 9 48 131 187 198 110 19 172 120 153 58 188 51 146 66 203 187 29 149 166 179 84 152 227 174 11 170 71 218 4 10 154 101 164 49 192 57 73 234 136 232 138 1 138 234 173 221 216 38 162 26 83 163 94 120 10 200 83 107 120 187 175 42 23 168 127 218 146 205 179 154 219 175 118 174 121 148 247 45 61 101 138 204 150 157 48 247 197 175 234 188 169 98 15 99 27 248 156 122 122 44 254 239 176 100 219 95 110 68 107 94 162 238 102 41 33 140 97 249 233 88 13 
16 4 157 217 27 223 242 115 179 120 118 182 54 229 228 31 173 218 199 235 0 169 8 107 165 177 126 1 72 227 198 188 135 212 124 153 192 85 239 150 242 143 248 199 142 128 0 57 152 17 8 144 207 103 238 26 41 241 229 0 225 199 103 175 22 147 224 213 15 93 251 104 206 210 30 46 165 106 141 187 56 239 63 189 210 26 76 216 54 48 150 204 205 187 43 147 60 117 218 160 172 181 40 239 140 44 63 236 209 229 246 103 7 97 47 204 25 61 222 147 56 114 34 122 32 100 22 46 
185 143 159 76 21 121 78 201 183 205 177 245 255 73 29 150 163 33 210 187 153 134 247 176 159 110 228 163 144 113 139 132 162 180 85 44 18 132 80 254 50 173 204 53 119 93 20 104 36 109 57 202 22 212 3 246 180 2 178 114 245 187 168 106 180 245 158 69 184 14 23 227 209 111 118 56 165 226 24 80 199 86 0 49 236 45 190 56 192 148 35 106 220 172 204 8 52 58 117 189 105 105 214 38 112 183 61 14 190 135 144 168 49 247 8 185 150 95 108 250 3 142 214 99 252 234 53 109 
32 244 110 1 58 99 172 105 116 18 92 138 148 117 159 142 104 81 43 106 170 4 10 236 180 221 27 216 177 245 149 182 168 244 21 250 16 67 30 169 99 162 15 224 5 222 36 72 227 79 198 213 84 205 121 25 90 128 150 32 160 187 156 204 34 22 138 135 146 213 58 44 129 117 18 115 49 29 40 182 8 236 100 252 250 77 225 27 183 233 197 120 221 76 252 235 198 57 29 45 147 105 104 96 67 57 141 159 191 3 209 172 2 16 136 141 206 106 246 156 129 109 204 153 187 49 79 254 
64 29 117 189 166 17 92 142 128 48 66 160 186 64 213 83 35 108 244 34 20 236 192 170 36 135 16 155 21 117 38 76 136 254 59 253 191 132 249 179 249 101 230 2 34 7 153 185 162 241 44 146 86 247 0 38 135 141 111 130 187 98 6 168 65 99 15 195 164 107 85 37 203 152 107 242 201 81 224 135 137 218 151 10 186 40 113 201 104 170 2 241 183 2 195 170 205 119 125 158 109 76 173 202 234 242 142 16 209 247 97 184 184 231 86 246 32 35 170 220 244 101 165 129 130 158 244 115 
234 100 77 248 62 207 36 124 194 23 10 31 23 175 253 68 17 50 180 54 8 99 32 104 20 153 199 61 55 137 3 182 252 80 248 217 38 39 138 235 178 84 9 139 204 88 164 205 152 148 180 242 115 51 167 104 168 97 192 80 230 172 14 68 26 12 201 91 188 183 115 125 40 167 205 19 196 234 80 6 196 59 251 48 191 43 98 142 178 25 156 72 49 29 13 216 230 210 238 50 48 155 50 205 140 68 227 230 76 118 151 184 207 185 200 197 252 43 16 21 144 175 183 115 39 2 14 178 
168 70 232 50 199 142 24 169 11 252 215 133 212 54 17 8 208 88 142 53 96 105 19 72 87 241 31 160 210 252 178 223 16 231 35 106 58 123 150 194 211 3 122 178 104 142 156 132 116 207 3 138 3 242 239 241 21 132 192 245 33 215 19 164 245 238 101 154 239 17 78 144 142 75 196 99 142 171 197 88 133 163 251 250 149 100 181 64 127 245 104 166 107 182 235 65 195 85 143 0 56 18 194 111 47 24 90 56 182 202 3 46 179 193 18 44 29 163 97 205 182 150 238 113 16 178 245 101 
1 84 243 158 174 237 220 178 154 61 136 170 43 133 87 57 238 148 135 10 69 142 165 178 125 206 138 55 17 177 180 97 161 22 202 227 246 39 141 91 21 173 210 164 209 76 85 132 32 208 180 185 175 190 209 192 103 134 188 176 192 19 36 77 80 133 234 58 135 92 0 84 4 77 14 216 83 8 45 209 27 27 121 10 183 197 39 222 155 14 114 244 137 136 163 188 47 33 148 191 220 160 162 73 87 189 139 177 26 61 188 117 230 132 193 243 172 102 182 172 93 117 45 253 202 155 255 198 
80 120 8 15 129 239 227 25 160 122 10 31 232 168 24 134 214 253 35 120 217 14 87 234 92 197 5 11 63 45 106 8 91 160 184 221 240 209 98 59 50 9 112 51 1 135 93 116 107 93 219 66 65 97 211 201 31 167 40 77 27 143 154 207 238 41 188 37 194 162 45 87 97 95 38 2 70 248 84 5 174 179 184 48 5 26 242 24 52 167 29 85 102 37 95 83 43 171 69 99 80 70 53 33 9 107 50 162 180 22 89 56 187 164 209 151 46 46 176 230 20 217 85 95 207 247 98 5 
154 240 169 58 153 203 167 56 231 233 117 46 162 235 182 52 125 185 23 176 163 133 14 140 199 141 147 50 147 103 14 17 108 103 150 26 77 97 218 132 140 240 208 214 50 115 94 235 215 102 42 210 212 191 249 133 7 21 124 192 81 178 108 143 38 223 220 78 236 127 124 210 206 15 48 196 31 90 149 115 83 233 63 230 38 147 80 35 30 42 208 33 237 87 22 167 51 228 215 187 165 154 90 121 244 25 142 6 39 75 2 127 62 89 38 219 211 115 180 159 106 200 92 77 189 13 92 101 
187 58 67 78 96 89 206 85 188 178 55 232 188 218 34 19 244 127 227 209 149 170 156 125 234 47 221 137 137 60 18 87 182 83 112 232 77 19 96 43 124 79 170 196 64 49 86 238 159 241 93 209 28 117 48 79 214 161 41 13 45 8 29 6 88 237 214 75 52 62 67 248 149 252 132 233 255 201 180 246 112 41 149 178 172 200 69 84 52 127 7 84 182 42 178 144 248 103 204 87 60 231 94 94 124 18 189 182 79 186 70 196 198 25 234 130 178 131 244 17 58 170 51 253 37 241 250 0 
49 237 82 194 141 194 27 81 189 85 122 182 201 181 34 187 232 127 129 179 180 7 147 221 184 53 158 191 173 23 98 238 117 67 229 102 177 250 0 171 227 176 131 229 233 11 235 32 33 212 123 31 162 7 13 190 182 64 26 236 12 27 108 137 130 96 214 238 197 110 3 96 49 37 16 221 135 242 146 154 116 133 196 161 25 102 27 69 167 13 15 196 51 80 70 14 183 154 217 238 253 188 166 127 39 189 217 243 215 213 193 83 24 56 6 139 73 158 212 203 21 104 61 24 234 53 123 68 
177 122 131 35 57 122 22 186 174 155 31 2 122 33 154 242 246 201 113 126 164 76 0 222 231 103 172 19 90 29 38 62 234 8 212 53 236 194 18 159 64 184 214 22 99 178 26 166 14 159 108 35 202 51 217 207 193 11 104 25 168 75 143 7 0 155 33 64 234 26 130 3 115 93 186 24 169 210 233 67 134 2 75 240 37 238 142 188 163 36 6 88 122 196 40 21 162 220 225 245 251 98 151 186 248 67 221 168 131 182 66 125 49 195 168 9 97 215 52 183 118 53 208 136 189 187 64 23 
71 255 227 243 141 94 166 255 195 124 48 183 121 189 177 72 44 100 1 168 76 251 227 148 175 207 58 177 126 229 0 15 107 162 56 133 11 111 175 209 41 150 250 147 176 218 250 223 201 105 166 177 196 3 125 116 197 236 122 179 22 238 65 45 89 244 190 248 95 189 192 127 105 4 77 179 58 130 7 130 84 13 192 22 47 188 101 138 205 223 75 27 38 145 217 131 154 228 43 174 214 10 36 149 224 151 177 105 124 63 177 97 198 91 121 238 68 212 179 205 77 142 171 17 125 150 217 79 
164 85 167 26 127 59 76 204 245 48 23 151 99 36 188 49 213 233 18 62 115 19 83 103 128 12 51 135 66 197 76 14 227 94 234 75 244 142 176 102 179 73 20 182 115 152 35 230 203 157 173 233 214 67 143 212 73 143 47 96 208 212 100 175 68 165 211 114 96 148 87 228 175 188 95 73 103 44 53 147 80 220 167 139 91 78 111 177 191 213 42 21 47 123 30 49 102 202 148 8 195 34 180 17 185 152 88 88 173 198 170 226 180 86 151 86 128 218 137 53 188 85 199 24 90 243 107 21 
27 96 134 236 252 190 126 48 87 245 78 42 137 110 112 212 116 211 154 52 221 18 107 114 27 130 128 112 43 64 182 33 223 13 30 49 129 144 255 28 151 161 118 64 109 242 0 61 125 34 161 235 15 230 179 150 56 156 145 225 195 237 61 147 120 56 148 141 106 177 111 84 89 169 141 245 88 226 90 164 92 186 92 149 145 171 202 156 211 36 33 120 48 171 15 114 18 239 207 63 69 186 207 206 50 127 158 139 198 168 81 209 241 125 41 215 172 118 185 248 73 75 176 44 189 36 255 41 
119 87 46 149 178 230 57 211 52 15 2 68 30 209 117 167 121 98 189 199 217 220 209 48 53 72 208 105 52 208 38 140 38 246 109 65 254 99 48 23 181 230 40 248 219 49 85 190 163 161 56 185 48 242 229 217 242 103 58 132 112 12 252 0 151 63 89 62 199 153 226 89 193 98 204 120 37 18 4 127 50 152 32 150 156 44 115 1 8 80 146 5 40 241 85 86 73 141 241 42 16 123 89 29 245 218 142 68 146 120 142 201 39 162 28 159 188 162 203 8 133 175 144 216 29 146 90 131 
146 248 62 31 57 136 108 44 70 91 125 91 185 13 30 143 77 231 87 147 165 28 137 232 68 237 230 73 98 66 134 106 175 217 12 71 65 50 7 163 121 164 101 153 139 191 216 31 72 21 237 146 238 147 119 157 64 156 8 52 155 222 228 120 12 13 158 238 152 59 118 245 33 25 82 13 248 254 42 225 166 186 170 151 152 199 206 243 43 78 171 28 174 83 160 41 22 182 163 77 222 133 179 80 164 106 231 30 16 9 101 170 181 110 90 245 111 182 248 255 159 33 46 161 161 200 164 89 
254 44 179 189 252 62 142 183 63 148 254 143 53 122 250 177 21 243 165 169 141 90 58 165 135 153 143 212 233 205 136 204 122 57 216 17 40 140 48 53 201 186 125 110 244 55 152 220 47 35 138 97 46 31 227 100 123 159 12 58 33 28 222 168 253 163 104 103 42 184 133 250 181 184 112 82 247 93 31 242 159 47 4 208 70 101 164 151 96 138 92 78 222 77 23 99 89 214 97 95 252 5 93 83 18 184 143 67 252 157 155 104 25 224 182 204 145 10 123 51 185 142 103 224 227 122 210 111 
170 84 230 28 86 134 127 75 91 219 199 42 214 85 101 81 143 136 166 187 156 126 49 22 202 115 249 248 254 197 19 2 65 148 72 214 206 171 166 109 104 254 25 182 181 41 201 16 44 8 65 118 225 2 141 174 55 231 203 171 153 148 83 113 68 164 105 15 242 83 201 133 17 0 18 133 206 92 90 178 159 228 167 253 37 76 57 184 65 49 165 208 57 184 197 159 60 151 132 19 76 58 233 172 81 24 8 46 202 72 118 52 143 29 254 55 231 157 73 169 161 148 82 51 255 62 88 71 
89 115 161 248 11 154 41 127 219 72 75 235 32 65 0 160 97 205 196 112 78 112 202 208 119 61 39 184 77 12 57 218 226 84 246 13 109 194 211 17 10 197 29 233 9 16 53 228 251 52 7 175 68 166 255 122 247 106 227 100 35 135 238 18 46 159 91 46 67 79 134 80 101 82 69 91 68 167 225 109 34 39 54 27 59 215 245 165 101 157 71 157 62 163 4 77 61 65 1 37 47 46 183 133 220 171 39 205 224 89 215 106 219 180 228 96 125 37 33 104 119 235 212 81 54 186 183 71 
52 152 179 36 200 227 169 99 25 201 221 108 134 203 7 42 45 133 251 220 217 170 241 13 33 113 134 237 201 218 32 118 56 200 64 142 226 69 195 108 61 142 22 75 219 89 37 186 123 246 236 251 32 187 74 83 83 140 134 119 232 74 77 148 105 209 76 137 143 144 36 151 17 117 33 187 180 135 110 232 194 2 223 180 195 11 213 3 91 122 47 70 14 163 168 230 83 250 138 161 129 130 183 140 254 15 81 57 228 125 241 18 155 152 135 81 142 38 157 253 139 194 155 98 61 192 236 205 
13 112 28 158 122 42 10 199 58 253 219 191 160 17 4 40 151 247 40 206 50 35 163 219 14 255 231 111 86 1 133 81 123 189 17 174 173 76 41 200 11 128 188 195 152 244 166 4 177 17 254 62 5 87 24 110 164 167 204 34 51 189 213 122 171 104 168 86 222 179 116 208 204 27 20 208 17 192 50 255 242 9 128 5 125 74 131 0 183 248 251 107 47 32 242 210 216 53 1 100 105 175 2 21 33 207 223 249 241 93 117 180 228 7 48 42 27 124 108 11 30 214 136 149 249 236 116 122 
161 186 135 163 173 183 26 42 173 162 26 153 205 11 209 37 208 65 11 232 142 163 161 23 213 22 69 37 40 6 187 15 79 4 222 15 51 40 193 243 200 118 155 190 61 93 79 41 28 179 222 114 67 167 119 102 210 244 141 48 124 50 96 198 206 152 27 31 229 53 118 124 176 151 20 93 48 164 83 229 60 27 111 245 215 207 226 104 196 58 17 40 216 123 239 131 149 142 11 118 1 16 125 167 202 237 180 10 109 139 91 48 196 5 139 138 236 44 83 135 169 217 234 180 185 84 255 104 
123 32 157 222 43 34 139 247 158 215 155 229 213 8 99 91 168 42 75 168 63 55 104 102 111 16 193 11 236 225 175 126 245 13 208 227 179 50 195 245 137 224 86 57 194 42 92 87 93 44 43 179 48 200 7 128 241 149 200 165 78 224 189 3 247 86 193 24 225 168 31 161 177 239 115 20 244 236 70 90 78 130 195 2 213 164 204 9 82 136 200 237 42 75 3 93 168 175 212 163 65 248 242 78 148 199 250 75 113 58 92 191 114 120 82 64 40 151 192 220 14 30 66 221 20 136 33 99 
162 216 12 100 8 254 144 143 19 47 30 57 9 115 112 94 29 220 228 163 93 117 37 76 34 72 107 223 217 191 180 38 79 149 80 79 20 194 125 242 49 13 128 142 152 2 181 127 118 93 192 252 190 76 122 95 79 70 57 73 219 46 214 179 120 62 161 148 237 211 91 23 52 159 220 219 144 206 162 164 9 30 80 105 155 29 43 4 191 127 17 22 115 255 216 171 9 76 61 149 153 214 253 246 216 118 97 25 188 200 44 179 101 100 31 255 69 8 5 210 40 20 144 109 169 27 195 148 
251 243 68 142 134 231 223 143 238 183 241 48 39 75 94 6 38 40 82 44 160 93 32 225 133 191 128 183 162 232 148 200 74 143 81 215 255 33 253 204 190 225 4 151 182 201 202 119 175 11 10 229 194 145 57 103 98 9 183 146 18 211 90 172 26 241 94 104 174 131 212 126 244 193 216 134 99 137 80 153 123 111 231 16 218 30 103 80 67 205 164 145 229 4 105 162 65 47 7 152 100 191 96 140 18 135 96 216 228 244 122 148 220 85 39 210 75 88 34 227 12 247 210 151 27 146 146 67 
52 71 213 91 16 68 225 9 165 167 181 245 56 18 223 130 184 174 16 167 111 78 180 27 13 106 19 94 46 92 224 51 161 43 175 4 7 181 201 220 43 87 91 148 10 29 56 15 80 102 233 75 203 21 175 45 53 97 88 172 124 97 99 223 201 126 111 250 235 128 99 73 114 8 252 133 2 156 115 171 7 99 235 86 161 116 41 75 108 104 20 139 220 237 89 185 81 43 173 94 30 2 20 144 230 150 135 78 47 19 146 198 42 189 131 216 188 146 147 92 36 161 249 83 159 28 108 19 
181 134 36 108 216 149 107 137 225 171 98 91 78 202 147 70 233 138 26 182 186 188 30 162 139 209 64 218 158 147 87 37 105 137 128 37 104 104 221 1 178 221 173 239 212 67 49 241 109 80 220 221 183 223 80 212 115 198 205 3 48 13 13 126 201 76 180 50 96 126 164 166 23 227 169 20 85 164 202 12 7 152 33 221 65 146 123 221 78 191 56 23 159 93 50 245 248 246 206 161 118 150 15 249 44 63 93 190 147 219 162 246 35 209 252 81 89 156 254 253 194 67 24 149 155 249 164 204 
194 206 193 123 163 143 108 251 136 246 138 178 146 220 74 86 154 100 184 192 52 102 238 181 80 116 40 242 33 21 153 48 17 230 162 124 214 29 241 127 99 129 45 236 132 120 198 131 107 217 225 155 40 104 106 97 189 34 11 97 161 81 222 230 113 2 4 63 205 105 22 140 36 168 158 229 248 185 37 210 141 193 188 241 236 51 49 82 167 82 137 168 102 184 176 142 255 76 135 55 224 253 254 230 65 6 123 129 16 178 169 155 123 101 52 223 215 202 133 190 57 80 132 220 143 199 233 248 
165 156 162 87 185 5 51 169 50 165 102 223 153 199 147 105 39 210 197 185 149 236 131 78 129 157 107 168 96 39 136 98 209 154 98 169 215 200 215 209 229 138 231 65 189 218 162 60 108 194 126 197 234 126 201 191 50 19 79 125 45 137 31 250 33 53 227 53 81 2 28 238 124 224 143 113 32 34 77 44 47 211 252 59 45 52 2 187 32 214 15 188 67 87 179 60 178 128 179 208 226 246 148 99 79 214 172 79 225 36 178 99 84 230 52 31 3 147 60 20 102 137 171 164 195 17 243 252 
134 113 207 141 115 74 108 167 51 130 213 248 58 163 110 45 194 96 170 53 246 175 254 25 228 64 254 128 252 120 46 20 18 226 58 129 167 112 112 109 186 61 14 166 102 245 2 191 63 91 221 142 111 172 69 134 55 15 58 159 4 119 93 105 88 222 62 142 186 98 220 160 71 247 184 43 8 166 23 255 126 168 160 172 197 150 68 101 115 95 139 17 130 40 32 178 91 35 163 49 138 221 126 147 105 89 16 37 65 112 221 152 219 235 74 108 90 92 78 147 228 142 79 87 165 195 136 160 
238 18 124 163 95 28 133 122 130 16 106 102 191 255 51 209 45 232 40 123 148 25 198 229 191 220 235 26 58 13 141 115 39 88 76 183 5 176 15 76 230 52 243 31 233 197 36 125 199 89 195 63 214 188 247 39 188 208 234 156 116 145 168 126 245 145 130 249 156 107 151 51 254 178 119 145 159 32 70 9 186 25 137 127 112 127 62 135 167 72 94 254 84 208 211 215 122 187 52 108 134 151 156 44 88 235 151 203 159 179 74 33 209 130 229 88 18 239 5 181 243 166 202 9 63 26 212 2 
157 79 133 207 107 202 136 221 156 228 134 158 249 77 147 130 9 159 100 124 91 239 241 8 151 159 206 250 71 215 18 65 179 248 11 87 12 57 189 106 224 87 102 175 169 177 89 5 26 83 156 28 94 156 25 243 184 131 234 12 35 48 203 100 81 46 116 39 51 31 186 105 88 183 79 91 198 101 249 241 91 127 198 214 128 207 131 29 167 39 138 130 107 215 115 18 82 251 27 137 190 208 142 60 191 6 80 233 159 81 102 150 164 142 61 24 16 231 103 7 139 216 183 113 184 231 242 7 
157 216 78 19 59 196 132 116 193 25 173 199 235 215 92 171 171 57 75 75 18 59 2 159 71 102 5 141 22 76 200 145 85 21 38 181 20 18 188 51 70 244 4 75 221 52 156 95 181 75 41 249 201 204 161 119 218 65 65 224 156 181 191 242 22 22 75 166 101 198 6 180 210 139 204 220 98 18 1 242 105 12 104 8 146 164 239 181 247 0 50 80 138 98 23 241 114 244 90 84 133 98 250 78 164 151 147 214 192 70 158 39 74 214 97 216 177 242 246 101 102 138 78 230 181 180 120 124 
110 210 151 224 110 192 1 205 87 166 202 138 202 223 181 64 63 5 58 188 51 142 27 171 238 250 181 24 43 17 24 35 23 195 216 178 115 1 247 253 46 10 96 40 56 62 20 85 127 61 67 34 53 168 240 239 221 220 240 75 202 128 242 144 30 16 182 229 110 220 8 175 143 54 227 41 122 48 137 166 171 211 193 246 137 248 153 108 180 213 14 227 109 94 233 34 58 183 206 142 113 31 206 249 101 40 66 126 53 94 168 22 218 157 11 233 161 32 107 227 174 29 213 136 86 199 199 222 
248 161 113 51 181 1 8 82 69 97 141 174 186 205 235 94 223 161 187 109 162 145 242 182 141 130 216 74 171 224 116 176 111 103 134 114 255 31 191 91 88 139 96 241 106 183 117 104 227 171 25 98 146 69 166 45 150 167 61 44 53 213 68 40 74 150 145 31 150 133 106 236 31 203 203 147 91 195 200 95 11 210 238 21 112 54 85 245 235 224 202 174 76 180 155 149 53 167 102 206 199 228 154 99 115 30 137 233 48 218 238 76 1 48 136 34 123 112 87 215 96 221 190 5 97 248 117 215 
206 53 153 176 125 236 160 250 232 178 223 67 186 132 75 43 169 61 41 180 127 52 230 56 196 182 240 240 68 145 70 79 48 147 193 52 152 44 194 127 123 209 64 198 106 134 230 9 71 20 48 9 84 56 104 88 111 251 67 181 43 56 61 16 103 238 179 242 93 24 47 104 121 67 130 162 236 178 171 90 240 229 227 126 161 238 150 43 3 8 58 84 132 145 249 69 160 158 82 221 199 173 61 175 151 112 158 187 102 109 116 35 115 36 182 111 118 170 58 255 217 20 144 157 135 228 5 94 
173 111 94 235 185 187 210 33 5 214 52 82 162 126 98 207 187 128 136 240 125 120 124 2 192 239 97 129 215 42 79 66 142 48 132 128 228 118 224 56 116 176 63 93 221 67 240 227 36 230 160 10 115 110 111 5 242 94 124 120 241 208 150 113 239 197 217 4 201 56 155 132 169 12 79 191 7 145 152 80 107 4 149 2 145 160 241 69 227 203 37 195 77 93 8 111 227 255 184 116 171 254 109 0 14 49 204 147 45 118 95 122 66 168 235 41 216 67 207 204 35 218 77 40 202 135 138 103 
74 185 155 157 196 230 160 150 234 91 205 255 11 221 94 176 186 26 81 179 229 42 29 224 191 224 14 20 201 194 57 151 120 61 51 24 41 79 108 57 23 248 139 239 15 140 192 12 106 148 21 110 108 199 140 124 137 23 92 32 142 123 136 1 146 73 78 47 9 79 57 151 119 234 193 149 140 0 127 201 214 1 246 62 225 207 144 91 217 168 155 108 229 219 7 2 54 129 79 76 137 154 13 73 243 3 158 238 226 166 234 118 93 59 58 13 89 119 57 179 4 207 102 211 223 26 71 118 
1 4 195 95 232 181 214 220 31 190 187 83 31 225 138 163 167 179 137 107 183 2 177 108 28 144 79 227 167 121 47 66 244 18 183 227 27 255 144 211 58 6 71 226 21 109 92 47 31 235 159 253 20 73 27 60 43 146 189 202 60 37 32 53 124 233 115 251 104 96 233 3 107 109 2 85 47 60 82 229 161 230 90 172 173 193 33 95 177 163 181 89 35 213 252 97 114 165 119 219 205 123 103 233 227 54 157 96 120 3 11 212 136 205 225 49 118 110 40 224 7 234 183 157 59 127 182 17 
50 156 149 194 233 65 157 197 131 219 5 241 189 204 195 91 120 119 70 159 105 133 186 62 98 8 155 91 83 1 182 178 74 182 234 212 120 182 66 8 251 36 43 91 7 134 240 112 132 158 165 175 210 219 11 94 209 226 51 23 57 193 163 17 28 181 45 247 2 80 91 128 75 120 176 163 149 178 231 245 79 155 54 128 234 108 226 80 150 248 212 203 88 177 26 75 60 42 128 184 238 13 144 153 20 123 163 144 123 23 193 181 46 16 188 55 50 154 217 165 104 166 234 16 106 162 73 12 
127 237 54 99 209 21 50 50 176 212 179 216 254 163 78 116 233 240 149 207 92 12 20 254 171 68 135 58 250 253 129 206 43 123 8 139 178 246 240 35 161 164 253 91 144 134 164 184 186 176 157 105 120 117 114 153 106 220 144 198 184 207 144 82 111 38 125 72 23 196 156 34 176 11 163 41 74 213 196 225 117 110 5 38 43 243 113 67 138 41 45 16 106 141 178 105 131 94 35 247 81 183 235 97 198 21 196 8 34 89 172 94 189 167 229 71 126 21 113 42 223 154 40 156 128 82 201 48 
205 187 254 155 10 49 120 37 25 90 41 98 18 62 136 225 98 12 25 120 241 38 116 143 50 207 15 238 85 112 112 161 11 14 38 148 250 208 117 69 19 92 197 58 238 221 232 162 163 9 35 172 232 170 11 162 83 217 161 125 58 13 151 207 185 74 210 140 169 198 144 1 27 94 213 82 238 93 74 87 103 211 14 150 182 202 78 120 14 254 60 20 8 70 176 112 226 219 186 144 76 152 222 141 238 100 197 160 78 95 233 87 135 181 182 156 196 216 99 170 255 130 62 57 151 75 78 47 
103 204 86 114 195 32 178 47 113 83 181 100 115 25 215 117 223 141 95 1 76 236 61 217 227 90 196 174 37 10 241 189 207 185 178 171 131 212 254 181 62 25 244 175 80 45 2 68 54 18 91 229 175 201 172 42 111 95 14 5 224 254 193 55 35 225 182 97 234 87 121 243 10 60 215 122 213 81 35 27 240 235 145 20 22 210 191 26 120 173 148 146 125 2 55 35 119 152 246 42 98 15 12 204 197 15 236 219 129 81 4 108 167 215 2 120 233 169 124 189 216 15 111 245 176 85 234 83 
115 132 157 44 123 63 88 254 112 128 236 78 45 17 184 219 119 187 73 233 186 183 72 156 50 213 26 51 177 92 41 124 140 246 222 7 118 30 114 132 222 192 5 23 130 225 103 206 13 104 172 67 72 142 156 127 59 255 237 108 113 128 179 211 147 207 56 228 188 222 66 192 213 45 191 121 107 186 125 4 54 66 103 90 151 14 21 56 93 55 26 135 111 247 62 49 243 75 36 168 101 66 236 151 243 223 27 98 151 18 26 194 190 207 79 184 254 111 25 17 95 61 83 157 141 18 62 250 
217 174 193 5 100 17 47 203 43 81 94 198 145 139 15 19 176 118 97 145 166 43 29 189 117 2 91 3 71 191 7 231 24 73 150 170 50 220 14 162 161 60 191 22 50 167 0 169 79 133 162 193 223 140 163 201 191 206 24 85 239 101 176 220 133 66 254 172 174 160 241 182 176 11 45 31 107 121 40 85 253 24 64 100 19 166 245 155 81 131 90 130 172 1 138 24 104 214 222 227 113 177 78 226 205 205 23 61 20 171 241 191 143 82 49 116 43 11 112 201 172 241 167 153 146 2 249 218 
228 115 8 101 217 240 223 16 50 38 97 178 177 115 151 111 188 131 231 157 251 136 163 100 163 88 46 94 81 117 189 250 237 196 19 193 103 83 179 155 15 28 106 77 13 22 244 207 26 252 176 188 54 98 127 184 241 89 152 204 30 140 236 149 82 226 121 224 54 139 154 163 55 7 176 204 217 133 137 186 57 183 230 73 246 222 23 206 184 207 81 117 88 70 108 172 83 213 202 109 106 55 227 95 233 214 220 44 165 237 93 238 206 231 81 247 241 45 194 54 152 56 253 200 127 27 168 18 
238 238 9 197 48 129 142 131 15 213 15 210 124 39 198 86 62 137 91 75 54 59 121 24 25 249 87 153 181 218 189 136 85 3 94 36 126 184 168 212 37 82 182 62 149 175 78 29 111 85 106 96 19 176 85 109 3 31 29 65 38 47 36 96 174 143 136 100 73 64 110 111 37 95 144 145 67 84 237 27 195 150 79 212 157 137 45 73 52 2 26 83 145 135 70 61 159 232 180 167 143 255 11 228 77 230 238 195 248 114 160 10 89 191 154 99 90 16 233 36 147 109 99 44 42 42 127 247 
237 120 194 176 13 243 65 88 97 56 7 207 245 131 200 170 126 77 150 184 168 16 147 49 218 172 142 250 255 6 30 189 218 191 234 109 25 247 71 179 199 190 231 69 208 153 194 80 248 243 166 178 0 136 72 137 250 25 182 33 84 36 105 20 121 118 216 46 151 190 21 83 0 162 81 125 144 105 247 28 10 255 98 170 182 215 122 51 127 113 164 246 40 33 159 51 174 1 30 14 4 134 187 227 165 208 7 52 152 158 116 220 136 141 213 141 0 216 2 233 109 109 87 19 229 178 62 178 
120 90 177 205 101 0 46 251 155 5 50 95 4 148 158 129 85 174 254 215 134 228 122 168 8 239 18 26 110 198 94 131 0 179 122 35 149 240 66 172 67 23 32 223 253 180 254 248 26 143 198 248 114 51 180 143 92 55 47 4 83 254 9 119 194 133 74 242 10 130 109 199 113 209 98 118 5 99 70 219 216 180 108 205 43 48 17 195 201 115 18 50 43 175 217 82 200 17 120 93 79 58 107 132 55 57 125 219 161 7 176 211 151 17 241 4 169 154 229 162 173 75 133 114 181 65 112 233 
229 69 42 109 76 151 49 113 218 82 110 72 254 45 40 90 110 18 144 112 101 137 90 18 243 73 200 152 142 191 36 64 56 220 156 10 108 86 60 173 145 106 68 80 122 127 32 147 218 98 221 53 201 46 163 208 66 24 183 39 159 82 39 95 157 171 197 98 72 10 93 201 120 145 83 9 251 224 31 45 255 151 75 236 182 59 165 113 104 127 82 255 44 134 227 78 233 89 61 179 250 21 137 108 168 207 177 195 41 223 170 1 10 34 130 67 121 111 249 194 235 65 111 56 206 33 135 120 
16 55 169 208 73 138 48 206 219 30 228 246 188 78 99 189 150 223 127 151 44 175 74 179 164 77 151 241 215 0 237 69 123 249 210 225 17 135 67 232 76 188 171 65 71 58 160 178 206 69 13 172 42 232 211 212 158 45 22 106 215 205 29 106 238 228 3 29 31 162 93 62 199 93 93 166 35 168 219 177 48 102 116 21 203 143 216 190 33 197 33 254 161 253 186 177 220 156 152 199 198 54 177 37 45 127 126 109 55 42 16 180 56 87 238 46 59 69 58 250 215 239 38 146 205 193 164 21 
250 171 87 16 236 80 35 150 199 181 68 134 46 177 3 219 199 60 168 134 134 145 168 27 15 30 154 194 241 228 59 42 110 2 13 231 35 185 134 132 23 148 153 42 169 247 207 65 155 168 218 45 13 111 110 36 39 4 191 101 77 134 104 29 105 57 205 135 106 18 240 8 2 230 242 57 170 82 224 213 182 246 220 182 15 99 51 198 54 135 161 162 62 166 35 94 224 137 186 239 244 83 251 255 111 109 143 29 147 138 18 101 216 75 35 232 45 157 67 229 186 100 140 32 210 175 4 44 
10 252 231 69 54 125 219 27 151 25 102 176 136 111 141 170 200 177 104 92 27 63 125 10 50 165 69 213 184 44 82 22 35 75 178 10 48 97 150 77 225 30 32 155 111 60 15 239 143 140 74 91 112 39 150 216 203 135 77 122 25 168 179 10 50 206 1 213 170 245 117 212 9 68 45 152 73 24 6 106 161 23 232 221 164 82 219 172 15 145 206 201 20 179 44 181 9 154 221 199 95 142 12 55 206 55 58 248 104 85 52 66 34 243 109 102 115 37 150 91 179 237 43 214 252 139 155 72 
58 234 109 182 66 228 17 63 141 115 65 34 213 180 31 40 113 171 20 140 237 34 127 164 112 23 217 25 240 75 229 68 52 12 19 255 31 152 35 215 227 114 47 120 190 90 109 194 22 45 72 202 174 12 211 140 218 96 98 215 53 171 207 150 12 28 86 162 222 48 15 119 238 102 197 19 1 179 12 214 243 140 240 132 82 183 194 161 90 18 175 247 216 110 165 88 165 199 221 110 160 60 211 116 37 187 146 176 13 28 22 251 97 4 192 239 133 110 145 226 185 62 230 59 219 172 245 169 
