143 172 154 145 224 102 53 134 10 244 199 169 74 74 71 31 115 81 159 3 33 95 117 96 224 179 63 235 207 178 237 209 145 154 103 45 15 140 203 10 249 183 22 201 205 156 44 181 105 170 229 158 113 161 48 131 130 191 231 30 209 105 5 0 192 24 134 144 180 49 231 144 153 216 212 224 217 215 56 1 42 203 93 204 175 172 174 177 41 7 106 227 240 166 247 203 80 219 47 248 1 48 102 202 187 167 36 142 38 96 144 251 94 46 113 75 65 15 171 8 102 67 208 186 121 48 246 80 
159 255 198 180 1 102 111 70 42 65 19 69 132 114 185 75 45 92 194 229 32 112 109 34 113 172 192 235 226 183 138 229 196 38 20 228 66 80 154 72 69 66 82 140 81 92 32 48 132 69 194 192 253 136 197 32 240 91 107 97 74 223 166 20 25 124 243 112 203 246 255 51 3 85 224 138 31 53 0 33 144 70 31 28 173 204 189 117 87 119 149 254 80 158 4 108 92 224 91 165 216 251 95 197 6 170 132 110 79 69 194 8 245 250 219 213 125 191 228 240 160 210 55 165 239 33 25 50 
101 219 249 180 24 233 32 136 223 145 63 157 220 218 194 47 137 97 250 142 49 244 128 110 108 224 125 254 173 56 21 67 161 55 99 122 221 106 218 241 63 179 159 34 60 241 187 208 126 234 31 135 77 237 136 57 125 159 97 170 164 107 126 206 222 17 66 71 136 81 104 20 109 159 224 14 242 111 110 197 126 254 60 24 244 162 147 195 58 228 38 69 44 7 9 170 163 66 238 66 227 99 106 213 126 207 174 207 130 181 184 255 251 136 211 240 230 176 205 150 198 228 123 10 2 46 99 85 
140 163 217 246 179 246 229 111 183 147 234 51 249 197 115 100 182 172 138 245 174 173 90 219 144 112 54 42 53 68 1 73 176 36 92 104 138 93 246 126 166 227 19 255 187 86 29 48 130 207 138 68 175 70 36 110 223 252 86 69 245 89 88 149 81 65 160 138 58 103 85 244 197 11 8 200 5 43 27 236 59 136 187 52 44 128 161 52 231 26 201 189 27 65 27 226 160 166 70 95 238 49 154 108 132 110 37 137 176 62 80 174 85 133 219 70 37 246 124 121 0 24 6 8 140 92 136 200 
38 252 170 173 233 142 253 32 123 65 185 181 188 146 199 15 239 19 42 37 35 0 216 124 131 222 43 195 143 60 228 114 233 9 42 80 139 34 220 89 223 96 39 13 253 33 254 123 73 98 231 185 98 56 222 201 213 49 112 128 222 233 5 240 233 71 194 99 58 80 199 30 202 222 107 241 214 107 127 120 72 238 248 76 204 183 220 184 235 166 0 205 32 23 31 48 84 224 115 177 77 96 145 24 51 209 140 12 33 237 35 92 47 58 230 27 45 104 144 61 157 246 99 227 93 20 244 155 
179 224 254 132 115 2 206 220 168 9 56 220 227 157 113 85 163 119 90 145 20 50 2 202 111 85 203 235 2 202 118 249 216 113 24 149 243 154 72 180 190 237 75 62 146 151 254 189 248 71 74 2 21 167 185 10 149 214 113 221 138 183 64 17 161 17 72 51 148 81 157 204 79 159 17 94 2 5 58 33 91 105 224 8 143 170 204 164 179 200 187 0 16 249 112 179 110 134 8 104 4 51 87 68 71 94 103 160 102 218 184 160 22 7 233 176 245 191 169 227 64 12 4 124 142 124 146 230 
163 74 74 144 190 114 226 208 245 245 55 183 164 94 120 50 86 113 64 113 0 207 134 175 114 229 152 160 32 220 65 90 187 196 133 121 87 115 103 253 22 28 75 121 123 95 192 203 101 239 63 223 77 218 208 14 42 165 168 69 21 40 82 162 240 129 178 143 124 118 9 28 31 112 7 237 86 201 168 160 161 225 131 216 199 196 32 145 54 111 119 11 92 34 231 17 146 83 126 92 61 174 244 166 180 59 218 5 1 166 208 95 220 124 200 49 41 63 231 199 201 135 109 55 124 48 37 117 
25 26 50 86 200 13 206 114 97 199 0 141 255 218 45 29 164 112 218 197 167 48 36 225 5 170 22 42 40 240 104 90 49 23 99 15 17 111 173 99 114 96 190 216 146 53 138 31 2 139 136 127 24 126 50 160 110 21 14 68 4 157 40 207 90 165 187 220 186 41 185 20 191 245 66 57 111 221 104 145 29 91 79 141 107 229 142 127 177 140 185 30 232 16 221 249 229 52 226 178 226 76 185 154 229 160 181 195 71 82 38 217 230 149 204 68 170 133 207 47 253 40 146 94 67 110 232 251 
197 110 245 112 46 110 252 173 31 168 28 236 50 70 207 176 167 76 128 141 218 222 56 146 26 133 107 56 72 218 195 235 220 86 20 18 107 29 148 111 208 160 127 170 161 234 11 252 135 222 44 195 60 41 152 99 62 114 23 227 83 82 252 79 77 217 53 139 240 49 22 228 156 79 164 2 244 113 170 42 103 43 205 197 141 220 160 42 120 247 58 122 29 179 171 68 85 162 40 100 176 30 45 190 41 63 25 198 149 233 192 39 146 5 17 57 92 121 240 161 235 241 195 48 161 8 7 170 
235 89 106 69 118 132 17 29 224 145 91 190 91 50 142 133 224 146 188 97 234 46 47 244 76 229 7 204 230 201 24 58 158 241 221 177 252 9 89 123 81 36 148 238 98 16 147 169 146 246 171 254 50 27 130 44 30 64 238 253 39 200 178 95 228 97 16 2 181 68 163 171 124 4 211 91 157 99 181 177 149 16 104 126 224 169 26 189 29 220 220 79 196 71 244 90 88 131 239 246 131 98 253 64 248 132 69 105 90 103 105 133 68 150 25 94 51 163 171 218 119 79 205 83 246 120 226 145 
214 154 210 32 3 227 247 206 197 241 168 7 230 249 135 227 114 112 119 35 226 120 70 81 158 158 57 14 3 222 32 97 102 8 141 151 46 118 186 206 171 21 28 44 27 62 222 104 66 94 95 208 55 253 37 127 144 209 221 126 151 215 58 18 9 142 95 225 26 46 48 59 58 173 240 36 128 148 165 96 231 215 111 60 87 6 144 189 164 131 28 248 2 100 87 204 194 105 189 7 233 217 5 63 54 227 143 161 172 225 39 114 168 80 94 48 230 7 118 73 79 38 248 122 191 53 91 211 
112 241 96 251 119 156 101 53 183 45 6 97 243 219 81 179 4 252 221 138 156 139 33 167 209 230 23 250 242 96 155 121 172 169 115 192 121 125 39 12 235 4 41 234 129 217 85 159 17 44 175 191 149 206 170 26 117 160 34 95 53 214 68 61 89 35 152 149 23 155 194 199 117 41 22 162 240 48 212 147 24 229 34 36 142 223 244 136 7 128 75 102 1 66 235 109 175 189 148 189 10 20 101 15 199 44 205 209 208 202 123 162 107 78 130 18 143 142 96 26 4 76 59 137 247 189 154 88 
45 64 246 19 36 155 127 237 254 199 224 15 75 178 71 233 69 34 114 52 201 245 180 197 10 121 134 157 249 112 47 147 160 152 234 192 216 41 91 182 182 14 131 169 102 46 211 233 73 87 207 212 42 35 135 205 167 106 216 24 232 90 108 174 240 253 245 74 15 38 119 84 136 162 149 123 192 237 185 169 165 39 208 253 171 82 232 66 29 214 70 161 123 26 135 101 218 63 96 191 109 56 16 212 6 77 59 252 40 70 32 160 85 109 105 24 60 214 70 42 31 48 74 137 167 173 184 234 
193 190 144 100 13 140 35 66 244 18 226 80 140 139 3 198 165 121 101 153 89 99 37 63 110 141 6 227 201 132 50 185 194 239 30 18 250 186 243 225 247 186 205 141 215 193 25 49 153 20 176 11 41 198 4 220 230 82 213 21 188 131 205 28 234 227 34 71 234 59 108 26 52 22 224 146 245 250 180 26 95 214 160 188 192 54 95 247 66 241 168 128 46 255 77 102 81 191 170 29 238 124 97 211 80 65 17 100 222 216 153 3 20 70 28 208 130 117 142 172 142 185 163 31 124 180 204 244 
248 246 175 164 251 215 21 101 150 69 183 246 236 67 63 71 77 61 130 140 57 0 219 239 251 206 166 77 2 237 76 106 206 208 115 229 123 107 53 121 108 37 193 59 7 114 175 109 176 250 126 147 14 180 150 184 224 6 213 226 94 18 195 213 149 53 151 54 224 165 178 58 19 154 191 222 148 248 201 213 48 213 149 42 10 69 136 0 129 78 0 73 116 15 0 14 190 10 60 180 254 5 112 37 195 42 253 180 156 237 82 30 93 159 233 94 189 80 57 175 224 42 0 83 6 121 180 53 
243 195 20 233 1 225 101 245 248 158 145 163 120 118 167 77 117 104 0 12 8 239 154 17 236 35 165 156 202 134 43 32 220 152 212 101 202 228 239 90 92 204 242 66 176 245 56 220 92 96 50 56 255 240 112 254 123 185 12 116 164 141 121 15 166 252 130 143 164 12 15 179 127 17 131 47 56 80 78 217 158 233 192 186 234 236 160 237 156 74 91 236 49 215 62 14 206 247 56 216 187 130 126 82 177 122 135 38 253 20 157 26 177 34 0 177 138 92 251 87 39 175 7 213 156 134 95 102 
213 18 203 8 254 55 4 154 45 137 49 128 167 104 165 128 241 131 178 81 110 127 4 159 167 158 196 89 93 53 20 68 188 218 56 206 228 145 130 45 29 217 14 56 199 225 138 92 118 100 13 230 208 224 211 0 25 212 85 90 161 110 143 209 156 21 225 58 4 244 243 235 46 100 193 80 111 199 58 151 209 48 163 208 6 119 145 110 250 43 176 180 190 160 229 20 62 47 105 164 169 172 126 62 123 122 146 99 17 63 183 66 165 19 27 149 40 7 216 111 215 1 108 249 149 151 37 62 
120 210 255 236 186 219 88 47 129 188 97 168 253 250 92 88 37 45 91 4 138 88 176 99 6 151 226 209 188 246 56 239 140 130 250 16 139 64 234 139 18 33 168 0 28 42 110 152 247 42 33 76 132 117 69 103 185 166 105 241 143 121 61 127 30 249 129 39 190 240 96 132 83 19 185 183 51 129 31 78 18 3 35 143 3 140 96 83 128 90 164 101 68 104 233 37 156 75 225 176 132 143 231 5 80 178 251 124 232 12 25 45 187 95 185 84 254 244 149 99 205 29 4 52 126 217 110 74 
86 224 163 211 138 171 166 145 182 239 41 140 202 100 252 106 1 64 107 108 56 115 135 15 242 202 112 89 199 112 244 142 86 156 25 17 157 194 154 156 75 16 203 135 223 63 110 192 52 71 159 26 12 142 160 190 225 22 175 130 162 34 247 84 9 161 26 70 39 86 147 160 79 62 224 251 85 69 194 63 116 79 84 30 10 75 209 198 14 199 95 98 36 124 105 36 18 244 96 191 138 216 93 112 244 189 104 20 61 158 114 201 206 245 167 108 220 221 17 53 183 167 200 66 4 253 123 165 
204 247 58 245 111 4 179 148 111 153 178 222 66 4 154 1 154 252 122 10 84 109 250 64 236 118 19 167 65 82 157 254 81 13 102 9 190 4 135 143 48 250 118 91 210 103 70 33 97 14 161 225 154 174 248 239 142 30 203 40 135 233 96 209 208 234 157 87 216 158 42 14 89 36 154 56 224 201 165 233 247 234 91 21 187 165 16 92 50 120 42 90 81 199 191 62 8 111 161 138 196 53 93 200 225 187 11 78 26 90 130 1 64 182 32 237 148 105 186 173 213 146 107 99 82 38 160 157 
9 128 112 182 217 30 172 184 118 123 168 241 173 229 110 30 163 106 245 129 190 180 10 88 5 188 46 20 43 198 88 213 58 149 209 111 195 180 55 117 92 211 155 222 239 130 22 255 6 20 17 167 109 154 131 18 16 233 136 90 10 13 95 152 184 16 132 170 246 117 130 250 59 14 70 192 5 83 188 32 39 164 116 59 157 140 44 213 169 41 43 234 120 98 2 126 180 41 209 153 91 138 129 80 215 100 53 122 47 170 30 169 48 235 184 18 178 26 71 107 5 52 78 166 190 156 87 55 
191 134 181 116 162 89 244 30 4 144 32 119 118 180 160 13 52 76 44 200 238 195 81 215 140 155 64 235 187 99 3 56 159 220 41 190 138 230 244 227 99 255 245 246 35 8 95 93 26 187 253 141 134 84 246 212 191 243 159 253 242 105 130 246 227 84 30 88 156 144 179 203 87 211 153 168 198 141 152 190 180 198 210 87 77 209 171 160 65 198 99 87 44 12 111 79 173 48 192 105 112 175 185 117 119 5 30 45 216 94 29 186 206 127 25 14 92 210 214 85 195 227 69 222 179 98 60 20 
176 144 91 148 97 223 141 117 104 151 225 242 6 89 30 187 133 110 250 103 117 140 108 169 134 63 81 118 59 178 155 68 242 249 88 155 150 105 52 188 31 198 27 141 211 81 47 203 205 4 242 97 90 7 254 248 79 202 164 64 196 210 98 97 43 26 12 249 245 88 161 237 249 72 142 238 246 131 53 230 84 56 78 214 72 142 103 253 141 65 196 38 155 112 179 105 209 42 35 185 219 244 202 156 246 12 4 220 110 215 164 103 107 12 246 234 181 154 165 183 191 51 214 14 26 124 72 121 
112 247 133 62 176 166 211 211 50 27 94 243 39 139 48 70 235 99 92 105 190 179 25 207 252 185 41 99 52 28 80 99 237 14 80 0 148 245 178 19 14 248 211 59 143 1 88 87 46 18 251 171 232 42 15 112 207 20 246 1 109 255 111 209 239 240 146 193 95 9 17 18 103 67 14 50 139 172 120 248 228 29 221 32 117 20 148 120 184 176 96 216 13 0 127 72 239 85 232 79 187 79 54 202 88 111 225 157 192 49 91 180 172 3 56 190 255 206 71 73 238 214 235 109 168 137 134 84 
228 123 117 44 69 99 68 0 1 102 10 132 227 241 123 181 125 32 109 19 200 164 52 38 194 249 226 39 245 32 4 197 102 6 121 35 200 112 210 108 81 125 100 144 88 145 230 189 53 114 254 81 27 27 206 37 4 55 117 188 245 217 183 139 228 217 112 56 21 4 39 0 231 28 76 169 72 165 32 124 210 187 206 58 191 96 26 27 163 56 72 149 101 157 204 187 140 41 8 213 208 168 241 143 87 133 197 176 143 206 118 243 60 243 27 28 21 9 122 110 196 229 34 72 75 226 98 17 
246 218 172 202 139 109 191 195 26 144 45 205 60 154 92 78 141 44 102 193 81 9 56 148 240 136 123 26 162 109 226 204 169 129 50 109 64 220 5 25 202 107 195 205 81 249 114 130 224 251 82 36 19 186 84 240 112 132 182 31 125 63 189 30 62 177 70 80 168 73 81 39 44 174 171 166 150 233 214 14 110 14 175 73 176 141 115 162 75 133 67 170 139 64 28 244 92 172 64 223 17 18 254 65 83 54 23 188 95 165 125 112 191 172 245 216 21 37 170 89 204 144 3 182 61 248 97 162 
230 254 118 56 53 62 34 1 109 233 166 188 157 37 122 116 122 50 9 166 192 198 219 129 24 196 27 84 240 181 111 116 158 243 128 35 164 66 197 196 219 71 209 185 113 75 205 139 52 197 186 248 205 91 9 197 198 167 222 158 149 195 12 104 70 154 22 46 17 82 60 133 251 217 74 158 192 253 175 102 108 134 14 170 223 123 114 171 61 132 49 111 210 219 24 25 249 196 71 215 153 85 24 114 164 190 0 138 82 241 122 230 150 61 233 191 53 116 77 101 156 83 124 152 42 36 99 147 
6 14 70 193 104 10 193 246 78 32 195 37 52 19 54 227 124 253 209 106 105 120 3 85 5 250 42 145 80 9 213 170 85 27 208 213 58 43 32 79 76 120 64 62 123 130 227 11 76 10 9 76 212 135 25 77 167 176 229 221 54 81 43 0 156 57 127 158 223 216 78 166 126 109 109 64 104 171 112 88 62 109 28 229 180 77 175 26 151 56 12 200 103 58 175 172 121 92 132 120 164 13 143 235 104 100 27 213 202 89 223 34 86 89 163 228 177 218 201 14 83 160 133 92 167 196 212 152 
116 124 123 86 170 182 25 249 129 66 33 21 196 190 207 6 34 151 75 25 48 35 162 150 90 164 191 57 179 15 62 119 223 205 54 146 218 165 142 153 79 18 161 76 160 189 147 154 172 181 45 120 225 208 62 252 22 8 205 66 254 32 116 81 149 157 232 69 167 85 239 135 225 8 49 5 145 189 40 81 207 195 162 219 231 145 42 89 21 92 64 163 189 90 22 147 227 149 130 178 175 123 143 205 211 61 78 26 243 199 151 15 203 180 158 20 39 43 172 10 239 85 114 152 253 188 59 10 
74 13 4 216 195 121 75 232 238 237 109 119 75 156 71 174 88 168 189 64 196 195 192 219 8 43 122 26 231 221 118 60 104 126 19 168 93 218 85 10 24 125 70 86 76 205 93 177 234 144 104 150 173 236 226 203 148 246 143 52 114 231 143 59 103 250 242 48 237 141 106 163 211 105 172 201 167 140 47 209 94 187 87 18 122 188 164 194 122 194 198 183 232 10 206 255 11 153 87 90 254 250 118 38 99 249 166 136 13 114 50 241 197 71 212 48 66 88 235 23 101 145 212 79 204 16 200 216 
240 252 205 246 97 63 106 11 218 61 78 22 153 15 200 224 108 117 219 219 71 120 36 162 83 110 93 63 5 126 119 94 128 99 250 136 247 110 221 190 140 238 131 129 74 182 205 133 248 191 229 189 143 155 127 59 129 59 39 123 241 88 126 175 197 16 71 185 26 196 219 220 236 9 134 238 212 221 74 29 56 164 255 129 219 108 144 89 85 205 115 104 185 189 31 118 237 36 99 175 56 195 101 75 157 103 208 237 73 85 1 12 65 26 72 221 231 224 173 48 228 197 216 179 195 109 17 116 
89 25 76 217 235 119 106 161 252 7 72 202 114 41 5 82 212 158 204 59 13 154 40 206 204 86 111 103 147 222 205 121 136 95 129 23 192 227 66 87 217 168 112 143 178 150 189 31 29 92 233 21 210 97 242 226 207 159 148 37 238 217 220 123 73 33 215 252 182 255 234 18 31 115 63 164 178 133 34 4 106 73 220 126 17 110 20 131 172 95 47 239 33 48 34 137 227 225 97 192 1 45 221 44 77 207 70 223 54 246 13 231 51 194 239 214 105 109 246 214 167 21 78 38 73 198 186 86 
85 80 247 164 59 112 51 1 165 249 86 127 204 142 36 22 30 94 243 150 12 59 131 147 184 252 181 54 144 198 113 10 57 24 144 172 54 178 4 140 73 154 187 0 25 82 205 165 250 226 34 77 68 57 113 159 25 33 95 31 57 178 231 142 202 239 201 157 225 210 201 233 55 115 228 131 16 95 213 224 27 216 37 93 53 107 207 177 210 216 157 41 127 12 141 183 62 31 199 203 198 215 248 128 59 135 188 155 50 39 111 169 223 119 67 39 213 125 199 250 78 118 132 66 190 224 82 211 
77 3 62 241 81 39 227 193 239 16 103 79 104 119 85 53 196 142 27 206 181 93 102 118 222 241 55 33 81 56 59 61 218 90 53 72 244 87 201 148 192 103 223 66 126 163 18 33 138 60 112 125 0 188 171 93 145 46 227 7 169 108 32 160 250 5 59 246 202 64 226 61 226 29 197 197 116 22 131 122 148 78 40 34 45 103 240 108 136 49 54 58 95 229 184 121 110 169 32 141 251 98 113 207 123 109 241 54 90 209 181 148 124 93 89 43 203 45 239 137 83 63 30 16 135 235 107 72 
85 135 87 123 53 226 52 59 14 96 1 210 29 205 230 68 96 200 140 42 122 40 98 223 152 160 110 19 104 230 235 84 47 212 131 214 147 245 40 65 238 177 12 251 139 205 14 84 120 52 159 15 1 190 54 70 176 250 128 224 123 160 14 233 102 171 118 103 58 126 99 252 131 2 232 23 134 138 138 125 91 182 65 135 165 203 133 134 144 152 131 210 92 103 159 254 92 80 15 140 220 116 113 181 224 103 111 42 227 116 232 226 184 136 57 150 102 172 21 28 54 98 209 238 15 137 167 197 
111 126 150 2 50 45 172 105 75 45 103 5 42 108 54 215 82 43 249 120 35 195 212 13 11 77 194 52 32 134 228 124 195 215 14 41 53 193 191 104 45 18 148 62 17 31 218 31 199 66 228 53 31 77 223 76 223 73 131 109 212 152 206 52 50 80 159 113 198 74 191 201 237 104 141 89 173 147 20 105 232 140 183 237 51 136 211 250 177 88 228 86 233 146 2 193 232 253 105 82 106 113 18 209 74 216 240 18 36 221 156 152 182 253 232 160 113 34 199 56 161 179 19 78 191 5 123 241 
49 146 195 205 117 4 47 36 167 142 121 241 75 232 125 44 23 50 136 120 126 150 89 120 186 110 20 235 18 85 23 233 3 151 105 129 153 89 43 217 78 217 1 194 80 113 186 186 147 172 79 164 229 83 199 241 194 20 19 65 23 80 101 39 18 135 143 71 173 92 39 245 60 56 129 213 75 247 141 60 41 248 233 130 247 240 114 33 74 9 142 0 136 216 93 137 213 7 138 79 198 22 13 172 14 218 217 54 238 47 73 3 46 16 242 119 42 46 209 122 25 144 139 138 89 216 163 70 
28 32 128 135 167 198 136 46 207 218 151 90 159 246 214 137 188 229 75 166 120 76 217 205 112 66 58 224 45 148 198 251 93 224 132 85 126 130 60 225 142 17 231 53 116 66 32 176 65 116 234 79 131 10 128 59 248 217 196 237 15 6 129 23 17 100 203 143 185 3 197 242 197 30 252 175 116 107 118 215 252 26 138 80 167 114 168 143 93 61 11 74 224 134 112 184 73 194 224 198 28 242 48 55 174 16 21 114 71 251 176 140 39 113 222 182 77 68 25 206 125 35 0 18 220 147 1 73 
53 184 36 163 91 65 83 84 38 143 174 16 203 119 176 174 118 135 59 48 57 93 58 239 192 6 176 247 19 162 99 221 8 153 49 132 83 225 211 169 195 67 67 115 95 106 20 148 80 199 254 102 206 10 8 35 123 246 179 1 42 167 16 93 21 87 178 254 90 108 82 213 103 232 205 133 54 219 77 117 186 71 244 7 82 46 135 63 151 85 137 230 165 51 31 2 199 171 152 163 29 214 104 200 244 57 70 66 231 216 106 178 65 89 78 155 209 229 54 206 50 227 135 241 2 162 221 27 
45 225 248 201 74 117 200 111 2 61 77 105 250 202 131 156 166 70 238 46 237 174 191 10 87 249 173 216 203 107 238 29 180 39 203 136 227 203 0 24 184 11 236 219 9 249 7 29 133 224 128 185 175 112 90 47 10 140 144 13 182 49 121 226 84 131 37 29 57 83 121 210 144 216 203 243 15 6 128 110 88 84 134 127 130 113 58 247 135 242 17 122 90 86 183 47 246 8 66 142 13 120 104 107 126 13 30 166 66 210 74 169 188 244 51 230 40 255 229 102 254 30 239 236 239 251 54 102 
13 40 79 59 93 191 99 60 101 223 247 214 144 46 164 182 17 96 175 165 77 143 195 95 137 107 115 75 114 124 30 101 8 59 202 255 29 252 106 104 101 245 113 63 35 74 130 214 244 108 111 182 173 217 62 173 0 172 192 253 198 3 52 57 0 215 46 148 144 151 175 144 166 188 211 173 190 189 131 204 29 239 192 30 139 236 146 134 154 2 151 61 163 54 179 121 184 92 111 249 255 4 186 139 8 32 187 198 117 153 117 82 52 169 101 15 251 185 94 172 242 113 92 149 80 239 130 185 
71 62 173 107 157 182 183 223 60 249 164 82 81 180 70 22 82 205 70 153 248 76 67 224 191 106 149 54 140 227 171 184 186 113 2 15 250 60 139 162 177 43 229 112 177 113 214 215 66 253 75 120 122 151 201 17 232 79 13 212 137 97 177 105 123 150 95 185 254 114 79 194 115 58 194 118 192 241 157 82 248 32 53 96 67 129 163 52 122 208 216 252 79 143 242 98 105 116 147 15 56 54 225 165 75 255 113 218 203 36 211 181 14 171 83 129 126 212 188 36 165 250 89 230 157 156 73 102 
65 95 125 185 86 111 121 201 205 3 193 244 162 1 70 45 41 39 155 45 172 99 39 92 17 38 107 5 173 105 130 143 30 69 172 240 57 235 118 152 24 61 182 30 231 68 65 158 53 100 190 62 224 200 202 101 28 204 252 160 170 54 78 185 37 94 191 103 93 58 38 90 106 72 118 80 115 190 0 19 110 54 113 236 197 123 212 128 59 19 161 180 146 219 79 200 8 48 115 187 160 75 30 169 137 138 216 77 37 80 93 10 226 217 42 171 37 236 146 152 139 85 230 67 247 253 62 23 
20 8 250 187 113 205 146 44 37 238 149 140 143 196 197 12 135 203 167 58 187 111 137 230 231 62 173 0 249 53 47 203 124 110 104 65 19 112 49 24 31 11 170 154 200 206 32 31 19 211 65 8 204 217 190 169 67 179 3 69 85 62 145 150 28 190 90 111 140 172 219 5 173 36 178 232 134 249 57 31 86 119 23 175 167 145 236 35 68 173 241 42 3 97 203 254 164 74 118 95 84 154 238 129 196 54 7 102 175 115 151 101 126 112 106 63 35 164 49 114 47 98 29 133 215 103 192 110 
152 108 252 22 194 112 173 77 209 237 197 254 89 68 193 200 249 76 243 82 120 245 194 157 3 3 232 173 222 159 155 170 173 148 3 247 99 134 161 86 72 187 145 123 241 236 131 7 69 254 191 216 73 68 2 4 107 210 94 219 12 218 183 147 146 52 4 191 9 172 67 143 57 203 210 234 74 193 141 60 167 87 59 22 174 36 87 229 194 118 237 58 252 9 80 246 68 89 219 255 29 21 135 93 102 207 243 23 219 25 38 124 51 172 244 210 235 219 207 11 37 125 165 197 131 180 39 96 
173 85 179 17 179 219 46 215 87 48 200 57 217 205 133 1 71 180 147 79 107 141 177 205 0 106 190 89 44 238 21 208 187 71 139 2 251 207 206 74 119 149 232 230 88 87 87 20 166 126 194 173 14 187 141 68 31 54 159 39 114 245 101 232 210 32 130 61 224 195 70 249 99 34 202 102 130 110 199 122 232 236 21 92 252 178 51 126 23 165 66 45 134 171 97 203 241 93 8 34 221 133 29 245 46 92 138 157 154 148 254 123 106 167 165 124 168 55 232 202 218 160 231 93 133 118 152 129 
7 226 43 201 213 158 7 55 188 209 63 165 234 223 224 150 15 124 162 253 4 132 99 24 203 231 115 157 97 174 84 225 187 225 78 198 73 96 132 12 118 67 187 119 72 36 209 143 255 41 121 228 82 220 185 204 196 218 104 31 77 237 62 102 200 100 202 120 161 26 208 23 50 116 54 175 22 182 222 199 26 29 9 86 24 192 123 251 194 190 196 183 14 111 69 176 249 237 66 222 162 92 202 248 139 134 146 152 132 101 155 65 147 137 236 249 106 211 103 9 19 180 203 222 143 18 56 217 
138 2 107 180 158 113 182 128 133 1 249 69 236 203 58 163 121 17 175 173 99 207 95 40 228 230 168 151 143 244 18 207 40 172 54 145 79 84 49 130 71 12 77 132 141 139 96 113 203 100 251 166 174 249 151 205 211 54 27 14 12 35 50 33 145 148 134 111 7 0 67 181 237 144 226 172 60 194 30 30 184 34 151 127 26 111 81 101 180 42 118 167 106 237 203 201 193 187 204 62 59 51 77 107 115 18 96 152 7 253 11 74 182 120 28 29 89 148 120 237 26 172 59 207 201 120 166 77 
188 253 209 68 38 163 48 6 95 16 161 95 206 183 164 133 111 67 37 38 201 121 92 104 242 125 12 181 133 253 78 94 187 212 149 184 202 29 208 166 214 30 201 224 98 141 149 185 178 243 123 116 154 81 54 227 125 37 126 222 161 195 113 169 34 196 163 25 53 255 10 42 0 75 243 48 197 16 236 215 107 62 154 178 234 70 127 119 130 184 27 151 122 94 45 87 129 28 87 94 30 30 1 145 12 194 75 164 104 228 87 26 26 73 218 93 79 17 33 151 0 107 166 250 110 243 114 199 
236 110 156 222 6 253 69 206 7 122 27 152 47 182 68 56 52 36 139 238 18 59 32 177 54 215 143 163 76 42 196 74 169 154 145 43 57 59 169 198 214 201 149 173 206 188 89 29 195 45 241 17 50 183 71 192 144 145 79 244 122 106 77 22 5 164 185 94 7 3 101 240 190 28 10 107 143 119 57 30 23 84 239 222 45 140 70 141 135 136 223 242 17 251 12 244 0 139 254 44 25 37 148 177 74 57 179 118 251 155 213 81 178 197 16 249 60 224 71 2 3 44 238 94 20 224 249 240 
226 49 199 166 167 80 41 191 91 67 131 212 8 57 1 73 13 208 92 98 227 246 250 243 29 76 111 69 93 45 176 111 129 164 52 243 197 40 15 229 196 247 62 214 127 228 176 69 221 104 141 224 38 154 218 134 203 216 83 69 36 155 160 185 166 162 60 75 28 117 193 212 127 30 205 3 135 90 194 26 136 77 233 40 181 20 21 206 41 11 68 211 123 98 135 38 71 15 10 158 69 200 115 192 98 59 118 85 107 44 51 112 187 215 114 133 79 137 172 92 6 136 173 17 146 41 192 212 
2 60 238 158 199 179 242 91 148 112 93 198 121 16 71 17 184 252 56 19 44 10 48 150 198 193 48 148 96 165 178 139 218 20 247 7 56 108 16 84 110 198 167 84 234 0 45 128 152 205 41 111 34 0 63 128 196 42 62 224 210 236 228 211 221 63 218 172 19 229 125 101 211 83 91 42 87 115 17 213 76 171 83 3 94 147 107 134 207 36 35 31 180 15 77 182 238 235 219 149 134 91 75 158 189 182 176 109 242 101 177 120 37 118 134 51 1 231 28 19 51 162 117 176 61 176 235 81 
152 248 86 35 89 87 173 12 200 205 118 45 152 252 14 162 56 36 176 114 41 15 236 170 53 148 111 192 228 99 216 67 209 39 178 35 89 70 180 216 67 182 89 206 25 75 86 153 208 246 199 228 124 113 148 19 4 248 174 73 2 187 183 139 83 76 147 115 36 233 246 108 41 132 23 0 225 146 137 141 15 207 161 200 132 14 25 219 104 199 41 184 57 96 112 27 105 233 174 55 96 158 184 225 42 225 75 147 59 145 233 105 77 181 78 111 120 201 75 189 71 240 82 238 117 208 76 160 
195 240 181 50 75 43 73 174 165 97 195 191 4 209 156 236 47 127 178 6 181 174 12 99 131 225 200 18 214 44 10 134 226 254 129 217 142 127 168 221 235 125 182 136 183 253 27 151 149 81 77 35 60 197 32 189 162 133 27 206 156 116 254 55 68 156 143 176 20 122 27 119 85 205 186 53 93 34 0 2 136 238 157 92 144 117 109 187 145 200 185 197 227 29 200 91 168 200 64 218 199 61 4 132 170 141 37 247 171 6 168 15 45 36 5 167 155 28 204 29 184 11 153 220 177 220 40 78 
18 152 195 233 87 152 222 40 7 21 251 56 177 216 151 228 122 179 92 195 23 35 188 6 185 182 89 129 169 253 37 53 93 191 74 93 235 112 59 168 245 64 74 91 145 142 0 20 142 165 80 124 201 104 194 235 231 36 182 85 27 228 187 130 65 126 191 48 191 60 107 220 125 15 175 216 198 206 3 57 227 25 238 99 221 70 164 146 146 29 32 237 25 28 12 54 250 83 133 72 1 113 31 45 36 234 142 222 241 83 64 145 225 32 174 154 166 233 255 209 239 226 101 211 225 111 104 196 
189 132 33 70 132 62 101 109 210 141 179 217 207 39 212 203 156 50 76 102 179 87 96 95 251 49 117 52 178 233 34 213 244 191 194 100 193 139 25 143 78 65 191 110 240 80 210 108 242 46 191 203 245 184 71 118 24 152 248 214 92 132 228 93 16 98 165 249 229 240 210 72 220 33 54 180 175 25 192 210 145 1 150 254 129 147 34 159 236 10 28 242 23 74 119 47 80 39 85 96 126 234 196 110 145 123 65 211 114 145 162 126 177 128 241 13 254 167 65 155 230 181 9 237 67 182 92 168 
254 130 235 134 190 125 214 20 121 222 115 81 222 138 14 237 42 140 115 113 178 94 152 5 1 62 78 45 15 145 81 147 80 226 82 211 210 19 179 192 67 177 134 250 44 220 192 193 245 34 1 190 142 28 193 162 193 23 60 254 185 234 155 100 159 147 227 144 68 201 161 160 19 82 214 165 41 173 251 176 125 84 69 107 67 80 187 48 241 164 139 34 209 84 223 148 76 135 87 163 110 214 116 234 226 131 171 238 162 63 83 51 97 102 144 183 126 120 157 165 239 170 221 113 124 66 191 154 
123 106 21 51 77 13 60 31 92 237 92 15 131 217 151 86 235 37 17 111 10 255 71 90 55 137 145 5 95 185 245 78 5 33 35 95 75 73 204 226 71 52 247 94 192 154 105 239 130 22 154 203 9 14 162 209 174 71 202 54 81 37 90 153 63 91 140 128 248 49 129 125 16 45 36 186 98 58 65 141 54 157 39 228 200 246 31 120 67 13 131 214 149 212 0 245 188 18 172 139 245 24 224 88 50 10 143 59 24 159 59 170 180 18 248 114 4 119 113 25 152 111 227 223 156 248 120 4 
130 68 178 48 214 251 50 51 178 41 10 139 53 179 122 111 131 94 8 65 104 29 96 248 167 167 68 232 69 121 115 66 173 60 103 69 108 98 93 54 8 32 144 71 104 40 177 161 67 44 208 105 150 164 250 241 9 15 146 0 191 233 223 13 11 208 100 253 146 55 124 190 96 225 62 246 224 248 77 210 87 196 255 178 137 255 66 67 231 53 103 35 77 122 246 248 21 102 86 1 7 254 171 29 179 108 194 94 164 6 215 205 180 179 215 43 217 72 142 162 72 71 201 174 44 22 13 168 
98 114 118 150 191 126 175 60 109 217 208 155 20 179 135 254 217 77 150 247 91 118 205 118 218 141 141 182 94 83 71 214 45 125 209 219 112 61 47 41 228 220 26 232 187 184 96 167 89 135 183 113 185 9 27 171 227 150 20 245 65 192 55 58 66 84 51 253 110 134 64 166 238 147 101 246 138 249 197 106 186 12 202 79 40 204 105 102 59 80 35 59 90 73 30 110 215 75 40 47 96 41 183 129 220 79 225 108 56 163 75 55 34 28 53 166 60 249 237 50 96 4 44 72 223 132 140 253 
141 137 61 156 29 203 225 27 1 253 99 180 25 119 165 55 173 61 65 155 220 17 91 194 211 177 133 118 29 133 117 34 13 231 242 95 178 191 119 116 9 45 154 114 200 97 88 99 184 84 169 103 238 177 31 172 212 54 157 239 33 254 117 119 173 182 54 200 47 68 89 251 195 171 207 56 46 237 205 133 98 107 25 191 127 2 231 10 201 205 32 148 97 233 123 150 2 27 218 37 80 20 158 189 156 117 212 155 208 104 153 154 220 28 44 47 237 173 210 51 6 122 184 7 135 48 212 179 
44 1 21 222 44 46 188 109 41 40 40 102 135 134 218 110 96 197 252 65 188 169 10 69 242 218 95 129 6 154 197 100 14 213 93 23 78 241 132 0 27 150 241 235 154 56 110 204 161 214 203 94 7 132 134 153 100 143 17 93 153 52 168 252 174 252 208 104 123 176 198 152 246 85 74 143 165 254 4 158 214 79 187 120 198 116 254 46 232 41 149 38 165 171 222 154 118 148 251 228 124 180 69 0 118 1 231 239 172 164 46 78 245 109 4 47 176 214 20 126 24 229 10 220 68 129 50 141 
121 49 235 198 213 42 186 66 83 42 232 130 210 186 145 153 231 70 198 3 242 154 155 147 196 82 72 137 17 235 203 5 142 32 113 192 151 127 76 39 32 175 124 40 240 104 169 65 240 173 195 84 240 182 240 115 89 248 151 191 181 111 126 233 109 99 114 93 49 71 200 74 184 15 51 90 131 102 147 122 177 73 190 6 17 36 196 18 77 46 227 77 255 173 10 45 249 41 216 91 248 103 11 45 118 58 211 134 42 201 36 117 74 212 27 50 55 98 220 188 254 69 110 158 122 227 179 31 
113 28 244 251 130 119 138 85 112 178 126 99 196 88 88 23 191 115 106 130 24 16 110 246 177 128 242 126 24 31 176 61 154 93 5 185 171 221 20 114 244 222 19 91 6 231 84 142 124 30 1 238 221 45 66 201 213 110 158 72 251 131 87 4 117 96 26 14 196 20 143 9 179 185 72 68 101 63 111 113 60 120 51 244 232 87 75 252 150 210 163 43 15 237 250 1 203 111 52 170 228 104 2 100 206 103 83 211 112 175 167 209 81 82 180 13 43 60 5 178 160 110 115 28 21 3 236 132 
58 8 251 35 235 88 228 162 21 19 247 229 116 22 207 64 248 25 204 141 174 61 79 227 90 65 55 243 54 71 250 188 122 64 49 88 35 118 120 121 246 102 42 139 179 104 107 156 144 31 99 37 254 83 37 25 80 13 165 30 223 4 225 136 72 49 76 202 127 112 124 217 229 248 110 152 78 51 62 200 8 223 218 168 174 59 217 153 149 64 45 46 223 103 242 107 39 195 235 176 191 154 102 76 192 195 206 11 252 95 94 134 14 220 59 249 83 163 16 224 14 37 171 255 52 245 168 32 
161 104 71 24 212 181 227 155 31 161 31 108 245 247 18 78 30 113 218 88 39 181 132 165 130 202 104 95 151 224 253 223 47 156 188 229 2 254 189 239 19 28 39 165 204 225 131 151 63 20 103 47 85 102 204 179 212 126 16 97 49 255 250 239 101 216 160 50 240 220 122 205 243 35 65 165 165 131 205 249 120 109 213 44 9 108 202 186 227 112 83 239 181 232 149 81 220 248 230 212 246 219 143 213 190 168 25 209 243 65 88 153 4 93 255 225 178 102 234 149 137 205 213 197 32 114 161 62 
29 63 152 244 58 149 86 73 80 82 55 103 193 245 21 118 44 47 25 189 129 24 95 113 213 41 60 56 232 85 212 211 220 242 179 27 2 154 109 206 17 82 13 75 40 120 51 152 74 143 170 133 137 191 86 198 202 204 51 173 149 244 157 247 223 166 8 97 2 241 54 47 19 175 209 188 155 184 178 196 226 107 46 233 145 223 27 106 115 226 37 112 104 128 71 39 53 242 193 92 79 122 160 101 150 171 186 168 36 179 119 218 99 123 230 69 230 199 155 47 99 43 202 208 207 151 115 96 
203 2 20 53 157 69 109 4 45 181 178 208 125 26 163 146 159 216 20 164 80 105 114 133 72 154 156 164 149 229 21 10 150 65 202 152 130 217 89 29 36 18 110 34 184 238 216 80 158 73 211 11 253 130 242 251 49 1 66 219 31 47 190 66 61 153 232 137 19 138 13 34 108 234 154 254 137 121 60 211 228 48 230 97 211 128 199 125 243 46 210 243 109 112 124 130 115 127 134 174 99 32 29 169 50 67 83 20 164 196 146 51 32 254 175 167 227 148 112 168 234 54 192 179 139 73 133 165 
251 34 141 182 171 203 118 36 68 175 176 246 186 242 129 17 55 108 74 28 102 206 162 109 195 169 126 54 180 147 240 0 19 58 250 196 22 122 134 113 72 156 108 215 182 26 100 6 47 66 169 239 220 186 135 213 156 164 249 69 141 118 192 43 213 193 162 215 151 16 217 21 252 73 13 41 42 0 217 197 59 117 91 58 112 18 175 160 250 81 173 255 161 160 10 224 210 236 229 179 159 139 69 48 52 176 29 86 5 211 76 196 28 98 142 216 113 251 71 46 155 221 59 245 131 168 101 8 
242 221 152 20 74 203 200 110 151 119 251 236 24 22 68 0 82 113 72 204 3 84 125 73 150 223 53 239 178 166 113 122 104 37 71 63 52 24 143 157 136 2 28 128 189 124 71 26 134 30 152 197 82 76 231 155 199 33 239 135 112 127 251 154 166 91 251 114 179 51 93 204 196 144 210 74 73 211 195 154 29 236 179 54 248 27 132 204 226 50 19 175 7 234 134 199 228 215 51 237 230 255 102 128 201 45 187 190 21 190 130 28 70 15 127 46 65 97 242 234 67 125 228 36 98 247 109 162 
20 253 64 157 215 242 209 152 228 254 25 13 45 128 116 53 243 152 120 198 134 8 56 141 35 71 133 92 28 47 122 244 105 254 98 103 176 130 163 37 107 145 95 24 90 83 208 181 252 99 67 25 131 2 104 249 96 165 164 170 23 168 254 231 217 224 171 150 66 182 63 16 127 21 105 225 124 128 104 150 243 109 94 120 43 220 143 147 158 101 90 6 203 255 137 66 153 95 113 245 161 208 135 19 232 95 142 251 160 41 25 118 77 154 141 105 70 124 28 254 248 156 240 158 173 7 253 85 
0 240 79 63 124 68 153 105 50 238 80 158 186 165 85 140 50 127 62 62 180 104 31 178 253 28 7 145 114 42 22 50 154 67 46 189 152 153 212 7 97 132 47 177 41 11 54 55 66 104 64 124 51 239 211 172 245 180 211 192 237 199 13 22 137 136 8 150 41 14 77 93 122 124 206 142 66 15 17 61 180 243 25 236 103 84 56 111 140 232 246 18 13 223 182 73 182 36 130 5 159 20 203 27 164 61 91 93 43 121 172 1 91 139 134 27 241 75 97 242 35 69 29 255 194 118 79 33 
56 118 194 54 32 185 200 38 109 50 66 27 63 236 8 35 20 63 76 216 24 220 235 71 251 38 30 101 228 12 174 16 155 189 221 229 3 210 187 223 129 247 231 145 231 79 148 70 221 146 144 136 166 69 109 78 206 106 26 4 30 189 150 204 162 14 246 85 5 178 242 222 157 228 245 132 25 235 78 168 13 239 51 169 32 241 226 43 251 242 201 17 74 225 35 229 109 100 10 173 65 1 84 29 118 3 113 76 99 228 173 186 41 146 8 28 52 228 195 15 4 208 54 25 75 171 108 104 
125 86 141 167 255 61 233 69 33 213 84 77 110 123 239 173 31 68 45 221 70 203 178 55 231 51 206 243 201 33 154 106 121 29 163 51 187 81 186 158 38 178 215 42 28 202 161 235 133 101 148 205 47 169 56 109 109 42 105 210 195 143 61 192 195 65 46 33 85 112 226 95 177 30 68 234 94 231 132 125 132 231 5 122 201 156 222 38 101 236 12 51 1 5 51 134 182 177 255 192 88 47 48 115 168 5 16 222 208 64 18 242 145 207 122 34 182 134 152 150 200 158 249 23 164 130 180 134 
81 46 179 221 230 90 30 129 176 217 209 253 186 173 83 170 207 240 140 86 41 67 29 211 37 222 15 17 93 2 213 85 100 189 161 205 247 124 212 156 150 155 202 183 185 131 224 50 132 12 11 171 101 179 75 176 73 242 196 106 11 58 94 96 213 23 161 70 134 23 125 197 19 203 80 175 242 32 160 243 93 4 73 171 130 20 3 159 220 46 7 227 87 174 200 13 251 255 226 105 157 81 63 30 177 114 108 139 80 66 22 126 203 195 11 153 109 109 171 161 242 186 228 0 10 246 12 213 
113 7 132 254 131 198 4 48 229 5 91 134 94 106 124 112 249 234 226 83 72 65 56 18 115 8 30 165 58 252 220 251 118 171 5 46 58 82 8 58 4 163 133 138 248 194 158 69 174 102 169 248 12 251 150 231 110 255 232 111 227 28 174 164 51 44 32 124 52 8 247 243 132 222 134 228 80 36 18 82 126 68 48 112 67 55 88 43 91 149 220 94 158 11 242 200 119 37 13 224 85 40 238 34 99 28 194 73 252 38 204 114 245 232 190 181 70 121 42 78 50 68 75 162 61 222 27 7 
99 30 152 105 75 157 217 180 239 125 245 124 65 210 109 185 223 13 163 115 87 143 127 142 23 189 244 205 186 144 174 21 38 27 108 250 20 255 26 162 171 135 53 140 88 16 137 249 161 168 201 230 111 130 23 132 210 86 230 44 222 252 168 130 161 127 136 208 112 251 134 134 239 113 247 209 38 180 195 27 53 119 223 43 46 216 182 105 18 197 140 27 169 108 120 25 175 165 232 213 73 205 98 155 147 255 102 167 24 24 185 106 158 220 156 56 110 30 203 72 222 164 102 21 50 158 227 214 
144 101 206 197 255 20 184 92 71 123 78 51 93 199 240 184 250 235 130 14 244 132 128 149 166 142 105 138 124 201 172 255 223 45 121 48 13 3 28 193 5 170 95 228 134 29 48 169 133 51 157 213 13 142 50 132 91 36 114 70 232 34 32 145 84 217 121 113 164 2 161 90 73 24 187 81 184 57 47 191 32 45 20 118 219 145 204 41 45 19 148 99 120 150 35 250 206 225 125 166 42 241 90 182 181 156 166 126 74 181 212 209 62 44 28 88 235 27 100 23 32 1 90 128 170 181 39 254 
247 82 140 148 90 79 182 229 73 118 2 230 189 90 147 77 174 235 220 33 83 23 53 1 39 90 203 26 216 168 48 104 135 159 28 79 156 188 252 164 100 191 106 111 143 213 54 226 68 206 165 56 3 233 176 77 250 205 61 100 106 215 249 14 169 116 153 98 230 204 49 114 147 41 122 190 225 70 245 61 184 30 168 125 231 164 81 97 176 1 56 23 227 45 15 198 43 60 249 139 3 128 184 139 3 108 25 129 185 59 103 124 121 87 175 3 141 51 131 205 78 85 176 177 73 251 127 177 
226 254 34 139 76 121 249 19 250 162 212 208 200 228 129 178 11 78 225 97 240 186 85 222 251 91 98 96 227 194 44 22 17 205 80 5 155 224 24 254 104 252 15 194 133 156 162 66 66 85 118 248 115 137 64 79 86 208 181 85 72 172 57 148 62 179 5 244 21 173 35 190 107 84 191 114 111 245 98 30 64 254 57 11 8 45 169 47 41 120 22 155 181 109 248 125 206 154 72 221 202 147 0 240 247 94 38 215 234 63 47 1 13 5 201 156 115 137 133 29 45 31 180 217 42 102 50 131 
132 185 28 252 51 11 211 126 160 43 93 20 99 170 41 28 39 169 12 36 172 45 46 130 34 246 231 101 126 120 70 5 193 45 217 6 25 154 198 175 93 90 164 23 188 73 248 243 23 188 10 42 21 247 204 26 118 36 20 78 12 90 52 104 209 116 15 154 34 251 103 168 72 100 162 71 23 194 35 144 62 243 57 86 33 210 106 221 14 101 48 117 145 245 16 105 69 80 251 249 97 72 184 49 206 245 37 15 102 150 182 241 201 178 193 97 148 18 220 54 193 121 161 74 144 39 107 19 
16 19 246 60 134 119 192 24 249 198 243 251 183 155 191 36 39 190 70 62 28 26 45 224 3 159 205 108 197 25 183 233 222 94 13 119 211 11 138 210 117 214 184 84 18 39 211 139 0 139 48 82 134 43 128 70 62 23 118 143 235 58 0 252 23 146 124 123 5 177 206 202 115 24 18 62 167 123 78 228 80 19 129 93 170 130 185 125 129 162 204 205 61 84 130 94 168 98 125 43 86 96 246 96 126 242 175 194 253 249 170 44 249 247 65 49 15 55 49 80 213 87 239 241 46 206 178 109 
37 115 121 235 75 65 162 69 207 168 106 39 182 136 229 124 3 20 129 154 175 235 78 129 231 60 225 16 207 160 252 40 21 210 32 172 63 219 153 102 212 46 222 207 152 103 73 147 204 199 235 255 187 107 16 147 255 84 81 23 5 239 113 75 57 221 133 38 47 49 187 227 169 137 58 253 209 125 4 110 28 16 7 124 12 169 101 178 177 244 236 135 43 38 145 88 247 230 248 227 251 27 239 54 153 38 72 165 21 59 155 37 21 41 10 84 43 146 152 254 184 58 223 185 150 51 69 111 
240 195 157 106 187 164 167 34 185 214 165 124 4 10 24 231 51 201 164 21 39 176 194 232 170 79 68 21 179 245 227 76 68 20 52 33 115 253 61 186 231 80 88 104 70 134 236 39 162 236 223 69 30 73 225 187 209 97 120 195 237 78 16 177 51 242 227 25 139 60 12 207 93 227 168 33 107 209 104 59 145 231 25 201 146 216 35 166 151 21 190 49 181 232 112 167 164 30 111 238 33 223 133 152 94 10 180 75 82 140 89 43 209 211 221 70 58 174 128 94 9 126 93 229 209 74 112 39 
96 9 15 139 182 69 134 220 53 216 239 53 216 107 138 186 197 223 25 156 40 145 69 136 208 56 98 68 174 142 68 61 126 81 237 23 193 254 37 50 178 69 149 220 24 125 15 142 119 34 162 72 33 233 120 134 217 57 215 101 213 59 225 113 213 141 248 220 72 178 197 115 157 183 185 170 183 44 130 192 227 241 145 25 99 226 97 234 64 52 129 168 107 42 195 254 104 85 2 46 233 46 125 238 100 7 46 11 192 230 149 138 40 23 102 100 213 103 145 254 57 132 43 34 241 103 5 97 
96 77 243 227 77 146 68 99 77 67 132 202 156 47 41 9 38 19 41 247 51 168 120 158 100 30 242 252 191 36 209 109 161 152 28 238 231 111 59 188 163 0 156 161 224 45 78 209 50 92 238 114 131 73 114 122 135 79 178 54 228 80 100 117 83 227 184 171 85 245 115 11 238 77 233 175 49 41 101 179 119 126 33 32 247 51 198 37 149 57 93 58 181 177 183 31 44 227 43 10 195 212 163 101 128 254 16 122 210 26 231 232 189 176 155 30 238 183 75 210 103 54 13 100 222 147 2 187 
201 158 70 100 78 172 87 153 207 87 105 14 12 110 55 124 76 93 80 152 62 29 129 162 5 43 79 143 103 131 245 183 239 77 131 150 99 135 236 112 221 40 100 207 209 164 106 114 210 45 30 116 192 243 172 143 88 234 176 126 121 228 217 42 231 161 91 94 75 248 167 102 27 118 61 195 112 219 115 244 148 196 201 134 33 10 173 230 197 144 249 151 95 143 88 175 140 143 79 149 213 151 69 209 225 90 216 207 188 26 57 98 126 126 61 36 20 68 152 174 45 14 33 241 70 58 113 60 
150 215 108 121 27 107 253 38 30 28 136 43 170 170 145 175 103 140 27 221 113 3 235 89 1 16 213 130 66 138 232 98 150 109 101 70 14 51 99 231 196 165 79 106 219 132 205 43 144 23 147 41 151 34 41 23 137 81 241 203 2 143 243 27 100 182 20 124 235 226 86 138 251 6 154 77 24 79 84 23 133 99 10 24 10 206 147 49 155 100 9 215 152 97 190 152 75 202 118 154 79 106 163 39 137 90 183 171 133 34 98 232 128 160 174 184 239 28 59 87 250 83 67 127 69 46 245 96 
16 27 62 231 166 99 133 83 24 218 102 145 236 115 182 131 77 245 200 66 209 166 113 213 127 139 17 80 119 130 204 240 2 122 223 155 132 230 219 127 174 51 81 93 27 159 231 226 62 229 252 116 2 133 33 226 82 139 121 220 192 53 241 198 16 98 49 222 10 82 238 23 123 171 190 116 21 22 30 160 240 120 70 254 13 215 48 109 129 37 44 255 59 3 89 17 110 68 36 89 255 196 46 241 117 84 5 25 78 64 192 109 126 32 235 95 213 83 73 255 124 145 194 58 243 3 53 98 
17 202 62 241 214 133 75 90 29 151 94 248 203 254 227 67 11 255 223 44 58 101 189 195 57 82 123 38 204 135 167 193 95 71 133 111 137 122 211 235 199 224 95 73 253 159 112 153 238 49 142 151 218 5 129 162 176 90 212 20 235 246 31 15 155 238 83 221 222 87 63 252 20 63 110 33 53 221 186 3 223 146 12 163 171 151 108 26 9 127 82 101 119 219 134 70 41 118 99 19 38 72 77 186 109 54 9 41 169 66 152 132 102 49 166 99 82 176 2 39 71 1 207 81 229 182 51 252 
29 83 231 24 15 188 176 254 184 168 234 168 157 210 200 40 242 99 105 45 56 184 124 135 84 6 168 87 125 183 187 109 71 229 131 235 183 138 166 122 110 70 12 205 87 47 204 43 122 152 66 59 189 241 161 198 55 190 137 171 197 125 121 110 123 135 11 139 134 244 64 5 92 175 73 108 158 92 104 38 137 210 117 250 153 2 224 133 76 22 60 116 134 55 10 46 68 52 189 148 2 25 75 66 157 172 56 228 210 23 7 65 200 210 80 237 246 10 58 164 221 83 175 69 0 173 33 9 
43 238 154 209 1 143 68 249 100 15 166 188 165 114 239 196 202 68 49 210 234 4 174 34 46 76 189 244 59 219 132 140 196 158 4 199 29 103 200 213 75 239 101 144 207 213 215 95 252 230 69 110 90 247 155 63 83 239 94 188 250 249 43 246 188 46 224 114 254 120 152 166 46 118 92 246 105 123 116 137 170 248 46 188 171 28 72 125 251 79 120 2 147 253 123 18 115 31 213 138 106 105 224 173 253 159 141 189 181 183 207 71 186 146 83 222 219 176 138 39 75 42 39 20 14 25 43 4 
31 0 183 120 88 78 200 235 189 147 57 66 178 255 253 168 40 211 79 207 152 238 76 123 203 92 10 155 125 217 204 11 83 12 77 228 244 174 97 141 40 167 109 121 245 27 19 78 104 189 111 56 69 203 139 185 172 120 119 180 244 133 208 205 251 25 73 205 177 7 91 148 49 56 54 39 236 125 140 92 37 112 191 204 236 55 237 29 16 185 25 126 78 96 91 141 238 246 132 121 30 233 131 151 179 12 254 2 1 1 194 112 122 25 82 159 2 151 189 180 57 79 29 19 56 28 92 11 
96 54 83 87 3 36 213 124 186 54 203 28 142 123 131 126 84 252 82 180 86 6 0 102 197 93 254 185 64 83 154 110 67 184 224 118 152 191 28 4 54 190 87 254 79 109 48 165 136 223 203 68 251 255 100 105 23 13 191 124 124 198 228 141 27 16 188 233 227 150 69 150 208 10 196 81 152 217 230 215 105 1 166 25 233 227 22 62 28 231 203 23 138 249 116 26 173 122 102 30 204 26 88 147 94 195 170 6 0 5 9 50 117 188 115 207 103 57 152 41 233 242 54 229 68 180 210 48 
159 183 121 1 199 163 167 85 188 138 148 190 244 228 145 90 112 146 113 125 184 3 54 112 107 106 245 196 198 223 116 157 76 49 208 52 162 221 35 174 174 182 61 116 59 71 146 115 176 88 33 24 32 140 214 17 92 100 166 206 246 96 113 46 35 15 173 26 254 162 98 133 100 250 170 251 55 203 238 231 182 181 95 121 75 221 28 64 217 152 147 212 105 18 209 199 70 216 83 155 41 89 228 0 32 241 179 199 109 216 85 238 125 238 246 24 150 21 182 116 188 29 25 230 39 155 30 37 
133 74 186 13 33 155 32 152 220 203 1 54 54 166 7 143 83 158 119 137 187 115 26 82 26 149 152 166 63 38 232 89 94 149 163 84 244 245 12 158 231 200 93 237 36 110 93 213 159 123 91 230 58 141 119 205 96 186 63 35 195 96 21 150 203 178 216 199 241 88 163 64 90 20 32 215 250 139 139 138 121 146 219 111 151 255 159 136 13 45 213 218 22 207 29 240 139 230 219 226 231 62 54 190 255 75 37 194 174 43 233 59 3 21 76 180 1 102 111 26 16 41 79 235 237 74 221 132 
4 187 187 151 56 72 106 222 7 248 234 95 158 41 19 133 223 194 130 82 41 46 89 149 227 182 128 123 36 205 138 226 140 226 146 184 153 145 106 16 245 234 10 66 174 194 97 218 195 16 27 197 171 48 29 100 19 92 148 134 152 229 139 66 64 164 98 48 55 104 11 107 141 91 188 25 89 204 190 135 218 145 193 176 0 192 145 2 205 61 165 171 230 12 110 232 37 86 114 56 38 241 132 181 99 2 148 137 175 242 38 122 40 125 233 137 130 211 84 76 131 204 84 165 45 120 203 100 
8 235 196 163 124 24 84 67 176 157 207 162 41 93 214 35 219 184 75 48 37 18 187 19 245 207 187 235 72 49 217 128 117 214 182 157 100 77 227 121 34 118 248 78 133 11 80 22 225 168 255 12 170 254 194 56 254 190 233 10 125 212 57 113 58 110 119 198 53 205 124 76 72 111 186 193 92 47 52 135 121 35 236 127 239 32 18 189 170 229 232 97 203 126 233 190 76 234 98 139 210 221 179 254 185 237 55 11 102 226 158 154 10 89 172 232 214 20 182 187 76 59 29 180 140 187 119 217 
203 149 147 70 100 228 41 226 8 173 170 81 73 104 8 42 196 46 164 47 245 98 36 123 197 168 76 225 189 135 124 222 107 91 80 117 121 89 114 33 251 252 214 112 106 247 77 222 187 148 253 131 87 140 153 116 118 244 7 4 9 144 177 122 85 198 175 148 36 207 117 115 156 0 162 50 164 127 33 155 77 36 172 86 220 224 32 168 181 219 203 252 72 251 119 44 67 81 84 12 108 222 28 79 93 233 206 184 115 253 255 190 93 0 0 81 109 210 227 218 252 84 133 13 193 216 85 140 
43 227 242 152 154 238 186 201 129 215 127 218 1 110 139 71 163 141 122 56 148 81 25 187 133 64 118 56 38 74 233 49 7 118 42 174 249 240 253 13 51 176 219 50 164 228 200 170 72 218 198 229 92 205 6 92 196 4 133 54 45 210 147 35 203 193 145 99 28 236 98 123 99 233 17 29 91 39 174 38 46 174 118 199 34 77 57 148 153 233 35 18 217 122 135 161 109 82 186 160 126 180 16 232 131 19 172 3 103 23 10 38 45 87 197 6 96 127 22 29 55 62 179 241 250 43 100 209 
139 11 56 154 252 142 84 247 187 190 230 177 251 225 154 177 222 182 255 156 43 50 123 185 35 222 18 148 36 224 189 27 158 130 69 161 34 137 195 138 99 170 209 250 180 44 134 155 54 35 27 98 26 32 46 3 153 35 77 202 90 145 96 154 85 209 200 88 20 166 120 184 108 132 127 67 179 89 251 93 67 30 135 60 212 248 205 125 195 132 239 220 237 206 181 96 163 65 193 168 49 84 4 122 152 194 167 10 129 185 45 243 130 195 44 151 149 29 183 96 61 115 110 138 118 191 202 170 
79 90 16 22 230 109 168 195 38 126 247 171 22 54 233 202 201 157 17 89 91 214 42 13 63 158 133 90 88 176 229 5 106 11 22 162 67 109 16 72 4 187 23 170 30 1 185 0 60 63 195 28 71 207 83 151 15 61 97 184 156 250 25 169 182 38 201 53 115 160 140 131 242 207 135 215 161 127 246 94 195 144 121 202 201 161 218 41 146 75 202 14 139 187 49 207 4 121 15 51 0 120 180 252 251 131 116 222 196 91 106 255 131 208 195 189 18 156 251 24 27 196 94 30 77 54 5 152 
116 131 107 244 253 88 169 155 219 72 103 201 97 112 241 69 68 224 180 44 53 32 26 28 2 1 69 44 233 205 171 86 86 74 65 253 39 139 46 229 208 84 197 18 141 174 15 69 8 137 3 50 97 92 83 42 197 155 186 164 45 154 113 8 204 6 29 181 197 142 122 112 17 108 242 157 238 140 244 244 212 244 218 208 94 59 141 118 207 223 1 9 220 181 46 228 242 202 209 48 87 210 213 30 112 99 68 192 128 161 91 15 139 209 189 214 16 176 82 251 38 147 180 87 203 7 34 166 
61 175 122 44 60 194 132 122 250 224 148 188 162 11 201 35 248 122 54 42 49 7 33 19 129 205 50 245 173 106 74 113 202 128 217 7 66 72 161 77 125 170 50 10 103 116 26 107 173 132 169 106 175 63 160 203 32 53 229 53 118 22 50 113 149 69 198 50 252 4 46 186 55 2 148 30 255 232 127 241 155 96 251 86 16 85 57 46 24 94 69 225 114 8 155 246 110 139 18 6 38 160 52 43 34 44 126 156 74 41 83 94 183 10 2 98 25 13 91 107 6 231 195 177 126 102 216 99 
10 234 213 112 106 192 241 86 140 150 153 68 2 51 198 105 184 174 11 249 209 4 16 179 174 102 106 118 152 197 240 167 113 49 167 106 43 211 179 18 45 144 159 140 198 108 182 33 21 159 250 193 219 140 136 37 225 31 20 192 159 125 70 7 27 158 41 108 241 19 66 156 80 52 188 96 27 232 96 86 104 98 169 139 218 103 228 10 110 123 234 70 11 11 53 98 159 45 110 19 62 215 122 43 165 53 126 137 195 103 209 32 217 2 92 12 226 42 245 186 244 245 228 230 205 16 124 16 
203 192 67 136 55 222 181 211 34 91 253 196 108 149 100 22 13 160 113 176 7 34 37 138 129 99 77 12 43 221 19 102 19 36 110 120 1 205 150 66 195 26 35 21 87 222 127 164 12 83 25 215 185 241 69 63 225 173 39 156 40 119 114 134 122 248 32 122 199 252 216 9 209 236 55 63 124 124 39 27 146 188 215 198 189 45 225 22 149 104 247 150 24 247 33 242 47 120 11 130 133 117 188 107 176 222 98 222 189 179 156 154 32 216 71 143 198 196 199 111 55 235 242 182 196 85 46 226 
199 62 63 28 139 157 132 214 110 88 31 98 66 191 70 104 4 105 230 55 134 79 21 233 206 200 219 237 101 127 122 93 180 213 156 78 126 150 169 52 235 153 24 68 191 149 81 224 75 171 90 236 82 115 166 96 128 31 2 178 127 118 39 1 32 6 177 60 175 206 239 30 1 230 30 113 31 33 124 172 80 94 102 143 148 138 43 223 7 63 152 133 231 254 133 215 85 72 165 24 153 226 114 2 216 110 48 13 209 132 75 58 159 147 22 249 137 68 22 104 124 83 119 103 150 54 76 138 
96 235 186 82 21 207 139 27 23 210 245 187 17 24 190 104 29 107 106 77 69 232 153 222 93 167 108 141 144 241 216 13 203 240 56 49 64 67 1 225 125 66 9 241 51 137 91 227 237 219 160 87 13 173 6 179 99 183 61 231 13 166 64 156 100 58 42 103 232 203 77 136 49 224 158 126 55 244 185 192 9 71 228 58 192 118 230 251 79 37 165 228 66 124 131 17 143 81 132 156 149 225 78 218 14 204 179 193 185 91 53 216 38 224 157 132 219 141 155 143 175 29 198 62 60 98 246 35 
95 2 221 63 209 19 43 93 204 38 119 207 117 27 39 89 204 167 129 138 48 137 41 173 65 56 149 173 184 6 71 126 65 155 25 148 107 152 77 39 73 219 252 144 29 147 253 139 11 60 239 49 133 247 51 139 32 139 90 3 207 247 249 13 30 223 100 144 122 88 244 122 36 222 42 104 196 135 123 150 15 254 21 216 217 70 165 83 88 132 68 255 58 29 146 206 5 8 38 0 55 57 102 231 23 83 217 13 18 160 135 225 176 83 224 221 7 59 149 64 8 163 225 13 102 116 128 116 
4 218 11 202 172 46 197 176 90 93 143 33 125 13 156 249 138 204 8 115 215 80 21 36 78 175 133 192 51 132 70 168 0 251 43 239 29 111 9 140 141 182 165 167 189 255 253 54 74 200 211 132 69 176 236 41 129 238 152 27 44 91 22 191 209 161 129 153 78 202 61 88 128 30 97 195 80 69 153 190 77 5 195 113 206 189 20 18 57 246 25 14 89 87 131 88 149 42 0 93 228 125 14 165 115 179 60 21 64 114 244 185 98 32 73 217 205 11 206 4 192 79 63 65 186 154 234 206 
222 141 180 169 59 207 88 230 23 207 24 66 162 20 26 22 34 235 194 253 109 50 15 108 135 118 111 171 161 15 202 136 164 186 64 207 144 114 35 38 126 164 59 53 18 160 176 195 153 165 140 197 30 245 127 198 22 169 136 10 49 39 165 67 192 237 206 73 65 40 82 206 48 33 214 250 205 16 131 61 235 129 246 205 18 36 99 68 167 213 107 158 135 85 78 96 164 94 235 40 190 205 214 40 38 61 218 232 241 121 146 151 231 254 62 239 156 221 198 146 169 196 137 3 187 140 239 155 
119 28 38 135 40 121 34 141 205 56 208 28 192 211 219 138 153 109 9 198 193 84 74 100 181 67 243 232 78 170 77 234 30 135 122 154 216 253 193 166 181 7 63 18 209 209 66 78 98 50 25 98 30 246 1 22 16 51 163 148 132 221 20 135 231 131 2 254 46 169 148 34 63 156 159 95 171 95 223 208 231 187 94 107 178 50 87 106 122 232 127 161 35 170 129 249 100 36 223 29 187 186 225 43 194 50 137 80 33 102 105 242 9 105 240 157 15 23 143 105 53 142 79 63 245 185 72 200 
111 132 30 94 85 42 94 81 125 24 87 163 245 83 51 234 58 9 204 99 22 137 239 209 104 162 121 227 148 63 121 224 144 213 42 73 66 184 202 54 209 101 177 157 234 232 242 66 177 251 97 166 199 193 79 157 228 36 64 197 202 215 62 48 103 178 99 136 55 127 58 36 250 78 73 114 13 105 81 183 217 47 165 220 47 134 2 44 127 210 147 179 84 22 83 130 212 87 29 63 214 117 170 29 189 60 138 111 153 136 93 57 7 20 75 16 54 252 9 211 112 234 60 119 85 91 17 67 
138 248 72 80 226 196 251 211 124 43 86 97 165 194 31 25 112 209 226 13 74 143 66 143 135 55 55 131 122 108 185 130 33 239 83 253 191 191 82 76 36 250 53 24 8 240 115 12 246 10 175 165 33 101 38 171 125 76 163 84 121 140 42 0 12 80 22 62 115 209 120 185 175 152 220 201 2 123 104 214 60 172 77 60 142 187 31 51 169 24 209 212 100 190 141 254 153 236 158 226 5 221 80 215 16 49 216 252 40 32 72 93 104 89 208 132 137 5 109 97 37 211 147 210 181 74 59 22 
210 67 30 193 15 193 175 252 55 133 89 182 46 142 170 62 125 249 233 202 163 202 178 238 149 35 50 56 161 105 43 121 105 203 188 83 31 167 36 157 4 250 73 73 148 129 199 19 136 109 27 172 80 74 31 126 64 79 51 71 67 228 203 221 184 147 147 57 161 176 108 160 74 127 232 139 4 180 164 138 92 204 17 44 3 79 109 78 25 222 45 168 197 49 250 253 124 106 53 45 152 66 68 37 185 242 129 43 247 8 118 134 249 75 77 227 96 156 28 145 126 12 33 126 12 91 245 63 
202 144 144 228 114 38 38 52 202 218 139 116 232 208 215 112 172 164 245 120 214 55 58 225 167 247 43 40 166 183 135 1 76 48 125 247 159 166 252 153 22 67 171 190 87 155 135 26 156 130 74 253 98 208 168 150 197 146 54 52 43 54 158 22 97 121 166 184 53 130 244 33 206 13 137 71 172 1 108 130 88 211 25 120 116 128 189 54 159 234 181 80 4 82 71 108 146 140 31 107 76 140 44 8 93 176 215 155 148 147 208 69 215 12 241 108 174 155 160 149 240 159 238 245 38 97 101 141 
97 62 222 206 200 160 1 125 31 46 40 223 27 64 197 67 191 84 29 225 158 213 219 194 68 87 83 89 154 172 233 215 229 72 97 89 186 156 158 250 56 237 212 192 169 253 239 132 154 12 162 147 144 43 211 84 210 14 13 148 68 80 130 174 218 161 16 124 202 212 97 145 95 238 91 88 174 175 19 140 22 115 30 114 55 89 116 165 82 250 47 50 115 68 207 66 103 114 94 47 192 26 189 1 192 171 219 243 89 164 45 162 10 233 66 252 48 185 99 116 62 89 55 234 132 166 42 231 
212 133 134 163 96 90 238 31 137 151 138 50 142 87 241 154 208 70 51 184 67 72 18 56 50 111 210 218 204 5 206 185 39 162 56 109 42 129 89 210 158 125 180 47 237 20 143 122 67 160 204 12 98 71 118 228 19 61 211 173 231 194 190 51 175 179 224 52 148 29 0 114 64 86 55 243 197 143 49 130 145 134 239 194 107 38 214 197 191 153 44 141 10 245 232 234 30 167 53 227 52 239 174 6 142 70 69 42 229 7 114 222 143 101 197 58 211 74 69 168 76 136 177 104 176 14 180 139 
55 131 217 164 216 214 34 207 245 227 138 35 108 245 75 223 165 127 31 183 66 240 116 50 103 145 203 33 14 96 54 102 40 208 243 182 214 191 29 217 110 175 70 86 212 47 186 127 74 83 199 196 23 20 22 59 10 116 231 201 41 37 9 112 44 40 81 129 26 136 38 217 80 81 202 58 149 13 241 152 36 69 159 199 3 105 104 199 235 214 204 166 236 239 77 230 128 64 9 110 4 128 79 200 252 198 192 191 194 202 0 170 167 34 66 92 93 238 16 135 164 73 188 220 73 22 139 158 
129 136 90 91 186 79 206 163 73 65 185 16 177 51 110 132 172 153 41 154 229 29 71 139 187 63 98 73 74 29 94 15 71 103 253 86 124 117 117 30 137 66 131 187 200 66 80 23 96 45 105 246 189 8 27 65 252 79 49 108 73 111 42 211 16 250 9 159 2 93 64 234 222 22 5 14 102 116 28 92 58 132 220 162 61 136 161 47 210 57 115 215 118 40 169 119 164 5 25 184 106 118 91 55 180 223 127 255 166 234 167 5 118 45 8 214 122 106 77 162 70 235 19 24 209 169 59 86 
231 100 253 248 213 153 1 39 231 241 183 228 147 39 78 114 252 4 85 74 108 211 254 131 103 19 100 89 241 121 99 35 61 122 24 71 172 247 174 125 213 26 255 67 201 216 108 93 221 134 9 170 115 59 10 219 186 198 115 137 30 5 71 197 158 172 228 55 60 5 112 101 140 246 49 173 19 85 189 243 101 236 179 84 0 132 197 165 62 27 246 75 71 64 38 131 229 194 93 122 209 111 29 225 197 57 80 32 74 69 70 116 253 62 26 104 237 96 226 223 75 159 141 154 105 24 221 169 
5 188 58 71 12 248 22 251 28 223 0 59 241 35 248 69 40 3 217 144 160 192 196 74 134 14 152 157 98 188 77 63 119 128 144 58 1 68 111 59 145 242 76 79 90 46 134 235 43 156 242 97 63 65 104 73 204 65 209 95 231 50 80 4 205 255 232 239 230 172 113 201 166 186 29 153 122 97 115 236 225 98 7 155 80 140 205 64 158 200 148 97 57 75 3 58 31 191 217 9 73 223 192 48 30 52 183 173 186 161 168 94 175 156 76 126 46 98 232 25 49 111 201 254 217 121 197 202 
71 112 162 171 88 162 79 82 156 233 190 243 224 77 197 89 27 134 57 16 179 146 195 185 51 83 97 13 223 36 64 163 145 53 138 234 158 204 72 113 118 175 230 153 45 75 62 30 130 187 224 7 213 254 12 23 179 114 30 44 80 230 49 65 195 250 59 78 183 167 205 117 197 109 172 74 230 31 146 66 48 22 161 188 220 192 138 114 40 154 5 177 58 127 149 125 52 58 248 179 215 232 80 23 140 247 243 117 34 237 40 48 145 94 31 86 24 174 5 204 122 242 232 31 16 0 153 3 
180 44 147 88 58 226 135 13 211 109 13 93 105 122 124 156 65 61 127 129 46 71 192 71 67 147 239 154 31 164 22 197 239 241 140 189 234 150 111 160 106 99 27 250 153 77 200 253 51 95 16 247 229 167 252 110 83 131 152 213 222 93 101 96 18 135 164 114 151 202 35 7 128 97 153 55 125 48 209 199 166 5 255 223 146 170 194 104 49 92 196 114 213 8 205 252 220 254 155 175 37 159 237 158 122 128 183 102 196 211 203 237 216 164 108 175 149 50 245 122 68 246 71 104 54 156 76 242 
196 0 123 160 160 98 185 19 141 203 151 208 97 62 112 150 77 36 24 9 200 239 48 154 58 12 228 249 76 203 233 210 200 5 179 52 76 240 238 75 84 204 41 239 31 253 215 124 106 113 51 144 121 37 87 216 92 121 81 52 250 99 204 92 43 153 102 217 153 101 225 121 183 182 197 195 48 170 22 44 59 175 111 137 210 156 101 194 247 105 197 42 26 55 244 65 198 106 38 152 127 180 127 146 255 18 224 66 134 232 146 249 152 201 173 45 169 223 205 236 220 192 20 238 131 85 230 63 
209 235 211 30 107 18 14 143 63 61 108 135 241 215 168 151 149 117 194 189 145 30 32 145 202 211 216 137 238 255 128 160 61 154 158 241 214 201 162 162 22 65 174 52 38 70 100 7 78 192 54 56 70 18 143 111 193 254 88 58 47 173 65 20 122 90 177 8 59 35 130 218 136 0 43 191 153 16 96 254 103 173 188 110 121 183 162 38 25 203 24 60 52 87 42 43 84 232 169 249 18 129 239 125 183 22 189 231 68 3 108 106 178 177 236 200 196 238 69 176 169 56 18 144 243 42 229 99 
146 60 95 74 111 66 160 0 234 139 239 141 126 187 229 140 159 244 18 250 208 179 123 109 66 96 215 131 240 35 146 1 109 221 124 4 136 185 164 107 168 94 145 53 174 101 231 26 85 114 112 72 212 40 180 63 193 173 87 33 144 243 160 41 105 74 50 215 105 226 41 114 11 45 29 151 61 159 141 229 90 50 248 174 46 184 207 183 194 22 237 78 87 229 78 183 229 247 140 207 66 133 171 20 67 105 64 129 34 0 102 176 159 99 189 201 121 177 107 226 95 76 238 51 1 23 247 75 
168 202 136 147 206 184 79 55 169 252 40 149 54 29 245 229 187 86 127 139 194 142 213 219 18 197 127 205 158 216 201 107 120 237 109 207 176 39 179 17 66 69 75 25 202 242 65 226 237 15 141 38 136 255 71 39 66 34 142 88 69 229 131 162 15 175 146 97 188 185 115 153 151 248 10 209 119 38 35 119 246 40 40 183 197 31 91 4 133 224 163 76 109 72 221 159 159 127 5 122 17 235 158 1 245 174 128 149 239 20 135 114 116 234 132 86 120 159 246 37 14 76 248 141 141 69 41 118 
